r.id  r.timeCall  r.pickupLocationID r.deliveryLocationID  r.earlyPickupTime  r.latePickupTime  r.earlyDeliveryTime  r.lateDeliveryTime  r.maxTravelDistance  r.maxNbStops
178000 10 2648 128753 10 910 10 2746 4216.557642261768 5
67150 14 16923 8238 14 914 14 2752 4470.366702638623 5
81988 19 5837 68689 19 919 19 2939 26293.48699532139 5
201472 24 15531 95434 24 924 24 2741 2039.037784419464 5
43911 26 85360 4739 26 926 26 2765 4657.440980308113 5
241609 47 7978 513 47 947 47 2774 3211.999438022237 5
60530 72 9903 13208 72 972 72 2803 3699.125603570237 5
236600 85 4086 56374 85 985 85 2807 2579.838611040052 5
225886 212 2122 65495 212 1112 212 2962 5912.100783163295 5
11470 217 80610 11509 217 1117 217 2962 5328.019729545061 5
108456 221 10533 9113 221 1121 221 2970 5762.240683705321 5
13554 224 83330 127605 224 1124 224 2995 8512.644225106009 5
92247 236 14069 6783 236 1136 236 2963 3180.3799355809356 5
140837 3223 3125 18442 3223 4123 3223 5955 3744.848203752434 5
278092 3229 91584 7844 3229 4129 3229 5949 2311.6911668904927 5
8354 22890 14801 62171 22890 23790 22890 25961 44412.56869334994 5
122319 22910 35751 123724 22910 23810 22910 25631 2471.45478333842 5
81554 22912 7887 10024 22912 23812 22912 25695 9947.095102883914 5
180111 22935 3376 3503 22935 23835 22935 25671 4228.730054730641 5
205741 22942 7348 6780 22942 23842 22942 25697 6524.4634583158895 5
314124 22954 86214 14003 22954 23854 22954 25680 3078.8039702480314 5
163431 22963 100498 11861 22963 23863 22963 25686 2698.6565494643382 5
15781 22969 88474 509 22969 23869 22969 25696 3238.3926280438213 5
227563 22995 62222 18636 22995 23895 22995 26079 46006.20773383038 5
293019 23010 16928 8028 23010 23910 23010 25749 4593.54682495094 5
24412 23012 129440 4798 23012 23912 23012 25772 7123.1853844324205 5
135276 23023 11370 5789 23023 23923 23023 25779 6693.36828451217 5
287563 23043 17176 4250 23043 23943 23043 25817 8834.050135687628 5
278752 23048 3370 58632 23048 23948 23048 25816 8102.975118381993 5
276056 23053 85375 16303 23053 23953 23053 25812 7063.142453908648 5
170792 23063 11375 100376 23063 23963 23063 25811 5664.319105987778 5
286220 23065 4730 107202 23065 23965 23065 25791 3002.550572038323 5
316493 23086 111688 10171 23086 23986 23086 25820 3986.4563122640343 5
161953 23096 5547 35948 23096 23996 23096 25896 11992.892578948638 5
231950 23105 4241 10353 23105 24005 23105 25825 2304.239818400119 5
261870 23111 33522 64492 23111 24011 23111 26003 22952.141381272762 5
331014 23125 36308 4676 23125 24025 23125 25871 5482.052540408756 5
12179 23136 35757 11895 23136 24036 23136 25888 6120.89429775918 5
76736 23142 8091 18106 23142 24042 23142 25875 3928.877857089137 5
78262 23150 8031 6280 23150 24050 23150 25925 8999.353159154127 5
140285 23179 7140 6773 23179 24079 23179 25951 8615.83496441095 5
236056 23182 9902 3376 23182 24082 23182 25947 7774.853109316589 5
312845 23187 62239 21833 23187 24087 23187 26013 15113.645413478494 5
232680 23192 5471 93915 23192 24092 23192 26046 18436.31976771759 5
319894 23199 100433 4363 23199 24099 23199 25938 4604.597146229813 5
47748 23203 10696 58933 23203 24103 23203 25931 3263.3145738253293 5
53841 23219 16926 5578 23219 24119 23219 26006 10390.258245313033 5
190500 23222 16927 100468 23222 24122 23222 25955 3860.3077447246474 5
23203 23227 4248 11069 23227 24127 23227 26009 9766.377192794911 5
313844 23237 8573 3730 23237 24137 23237 26006 8187.513773633038 5
66447 23239 7097 129440 23239 24139 23239 25965 3106.5255921488483 5
314125 23255 35768 15531 23255 24155 23255 25985 3536.1051725327247 5
172537 23263 12970 5422 23263 24163 23263 25989 3070.7255966414264 5
246569 23273 9432 87378 23273 24173 23273 26001 3291.258969176299 5
334256 23294 14002 2634 23294 24194 23294 26032 4441.12799348721 5
269726 23309 2822 1822 23309 24209 23309 26055 5432.39046586593 5
81089 23317 116372 112045 23317 24217 23317 26059 4968.003205869794 5
98450 23397 7644 1434 23397 24297 23397 26176 9374.895129947492 5
129591 23407 11435 10475 23407 24307 23407 26149 5013.239415143429 5
163432 23417 36300 7139 23417 24317 23417 26145 3310.3197487503676 5
193823 23451 7478 6922 23451 24351 23451 26246 11319.580597874994 5
119953 23453 11437 38068 23453 24353 23453 26232 9361.641103441587 5
229583 23464 100435 13204 23464 24364 23464 26190 3071.5248185677247 5
104983 23466 3619 4250 23466 24366 23466 26217 6032.418283567944 5
205014 23486 87642 11842 23486 24386 23486 26214 3300.311451709783 5
314548 23495 4475 16820 23495 24395 23495 26257 7433.215239984943 5
69012 23498 2505 16304 23498 24398 23498 26230 3721.0183767680264 5
185508 23518 1439 7888 23518 24418 23518 26274 6716.682523569961 5
75359 23520 1434 4072 23520 24420 23520 26254 4061.7464129486953 5
121628 23526 11869 58629 23526 24426 23526 26311 10159.796637334755 5
14928 23534 47648 53533 23534 24434 23534 26252 2096.2291813976426 5
187662 23541 10169 4660 23541 24441 23541 26265 2812.273790883345 5
195664 23565 35796 42271 23565 24465 23565 26289 2780.5476375558646 5
296512 23618 18843 130530 23618 24518 23618 26337 2170.7881274642823 5
311985 23626 100389 11375 23626 24526 23626 26364 4558.048104923893 5
209098 71962 68560 62217 71962 72862 71962 75005 41065.51392226093 5
334973 71972 98638 116554 71972 72872 71972 74715 5126.347921822631 5
278757 71982 62228 9889 71982 72882 71982 75087 48497.09658695904 5
163453 71984 95356 7086 71984 72884 71984 74709 2917.610175612209 5
254392 71986 4795 91496 71986 72886 71986 74743 6817.829189000872 5
114009 71997 2671 14928 71997 72897 71997 74767 8305.082576111505 5
-1
r.id  r.timeCall  r.pickupLocationID r.deliveryLocationID  r.earlyPickupTime  r.latePickupTime  r.earlyDeliveryTime  r.lateDeliveryTime
288075 2 8303 11195 2 82777 2 82800
83956 12 11508 4245 12 82782 12 82800
187000 17 107142 11450 17 82754 17 82800
220051 23 3140 130823 23 82738 23 82800
145362 25 3115 85380 25 82757 25 82800
97701 35 8234 2868 35 82779 35 82800
221426 65 9027 36212 65 82710 65 82800
122301 84 88474 5205 84 82774 84 82800
95637 87 6362 87663 87 82765 87 82800
92962 91 3148 1483 91 82704 91 82800
162721 1632 8063 6156 1632 82782 1632 82800
316959 1641 37005 111724 1641 82447 1641 82800
37734 1648 82139 130928 1648 82481 1648 82800
326597 1661 95437 100384 1661 82753 1661 82800
27897 1669 2250 5581 1669 82692 1669 82800
131675 1674 51781 6800 1674 82738 1674 82800
239731 1682 65225 120296 1682 82775 1682 82800
64273 1687 10355 95432 1687 82774 1687 82800
130155 1690 8303 5571 1690 82763 1690 82800
35293 1696 85094 6728 1696 82630 1696 82800
339949 2916 65219 13182 2916 82781 2916 82800
311015 2926 11846 74047 2926 82772 2926 82800
69663 2941 9488 35919 2941 82737 2941 82800
239008 2953 4598 11507 2953 82765 2953 82800
130876 2957 91542 6158 2957 82769 2957 82800
146036 2963 6723 8267 2963 82674 2963 82800
58184 2980 87661 85098 2980 82776 2980 82800
12163 2985 85369 98600 2985 82689 2985 82800
318267 2998 9903 85364 2998 82735 2998 82800
234768 3013 101208 13630 3013 82689 3013 82800
253262 3019 36233 8069 3019 82765 3019 82800
180644 3021 100433 85467 3021 82755 3021 82800
97704 3028 9903 4758 3028 82744 3028 82800
128699 3035 11370 7553 3035 82763 3035 82800
178713 3037 117361 111725 3037 82404 3037 82800
129571 3045 5679 4844 3045 82778 3045 82800
49295 3058 11309 6798 3058 82771 3058 82800
231168 3066 10460 95437 3066 82771 3066 82800
247162 5115 130823 95434 5115 82769 5115 82800
58187 5120 8303 11921 5120 82735 5120 82800
333669 5123 6785 15632 5123 82756 5123 82800
81072 5127 87642 7416 5127 82710 5127 82800
130158 5135 11309 111746 5135 82370 5135 82800
107187 5139 96982 44233 5139 82699 5139 82800
83962 5147 17105 4726 5147 82699 5147 82800
338148 5150 3513 53534 5150 82779 5150 82800
190488 5153 1826 99849 5153 82716 5153 82800
198691 6568 85406 11961 6568 82739 6568 82800
184752 6571 18448 35982 6571 82701 6571 82800
98436 6577 3114 11301 6577 82762 6577 82800
209766 6580 123211 10669 6580 82653 6580 82800
248464 6586 87642 86201 6586 82762 6586 82800
267550 6599 35782 35957 6599 82734 6599 82800
178008 6604 3115 239 6604 82685 6604 82800
26645 6618 5547 3131 6618 82760 6618 82800
121615 6620 5420 100383 6620 82744 6620 82800
185489 6623 8318 6795 6623 82776 6623 82800
225893 7418 103578 17436 7418 82723 7418 82800
223924 7424 11511 4743 7424 82769 7424 82800
285499 7433 2661 7887 7433 82762 7433 82800
283432 7439 8187 4744 7439 82750 7439 82800
216182 32178 114701 86002 32178 82743 32178 82800
88465 32193 88270 7671 32193 82761 32193 82800
241017 55272 15629 74143 55272 82724 55272 82800
255926 55276 129765 130823 55276 82777 55276 82800
27252 55283 85385 44305 55283 82711 55283 82800
117237 61187 7685 7673 61187 82773 61187 82800
200807 61192 36237 5007 61192 82775 61192 82800
151445 61202 4248 111707 61202 82777 61202 82800
146600 61224 4235 130823 61224 82765 61224 82800
320621 61227 14489 3155 61227 82748 61227 82800
72586 61262 8313 85037 61262 82780 61262 82800
111553 61276 65517 18293 61276 82751 61276 82800
268927 61282 43510 84676 61282 82671 61282 82800
40201 61300 11509 4249 61300 82774 61300 82800
189673 61303 3135 7091 61303 82771 61303 82800
166624 61313 9551 14799 61313 82755 61313 82800
85946 61330 4724 45309 61330 82706 61330 82800
71831 61333 93802 39950 61333 82774 61333 82800
205021 61355 12750 100542 61355 82633 61355 82800
318308 66328 7087 80610 66328 82765 66328 82800
94291 66335 100512 7644 66335 82769 66335 82800
278109 66352 85452 75315 66352 82445 66352 82800
335194 66383 100327 4788 66383 82717 66383 82800
155890 66395 85393 10697 66395 82729 66395 82800
255103 66416 33990 93915 66416 82313 66416 82800
303321 66422 8089 3114 66422 82749 66422 82800
230387 66432 488 10696 66432 82773 66432 82800
125796 66435 4738 11872 66435 82747 66435 82800
241637 66444 7348 2641 66444 82745 66444 82800
249604 66449 104696 104780 66449 82777 66449 82800
191675 66818 91525 2138 66818 82760 66818 82800
258321 71707 2414 6801 71707 82734 71707 82800
218171 71712 8298 42282 71712 82764 71712 82800
28301 71724 5418 68508 71724 82692 71724 82800
298637 71736 4871 5254 71736 82769 71736 82800
305009 71747 109465 5454 71747 82443 71747 82800
22521 71760 98598 85822 71760 82723 71760 82800
70404 71985 42276 8077 71985 82768 71985 82800
154234 71988 10358 6888 71988 82776 71988 82800
66462 71998 88258 6728 71998 82641 71998 82800
-1
