r.id  r.timeCall  r.pickupLocationID r.deliveryLocationID  r.earlyPickupTime  r.latePickupTime  r.earlyDeliveryTime  r.lateDeliveryTime  r.maxTravelDistance  r.maxNbStops
307726 12055 33568 4101 12055 12955 12055 14817 7373.32955316787 5
60291 12057 22283 2098 12057 12957 12057 14789 3755.0787266669186 5
82990 12059 46445 11507 12059 12959 12059 14777 2099.697188922621 5
266515 12061 14480 7885 12061 12961 12061 14786 2973.795885897255 5
325512 12063 5425 3617 12063 12963 12063 14819 6677.951679012762 5
279452 12065 55610 5546 12065 12965 12065 14806 4844.908095583784 5
77260 12067 18924 13286 12067 12967 12067 14849 9767.409217479848 5
25617 12069 3125 13210 12069 12969 12069 14792 2743.8730996585173 5
28697 12071 71188 66159 12071 12971 12071 14930 18970.11579505142 5
322278 12073 13180 6370 12073 12973 12073 14794 2441.8910143266753 5
225671 12075 10422 85477 12075 12975 12075 14840 7733.316275757274 5
332015 12077 87642 18431 12077 12977 12077 14795 2059.3475267079752 5
196580 12079 73 3514 12079 12979 12079 15039 31138.205970305273 5
339336 12081 15352 4738 12081 12981 12081 14829 5665.693474324142 5
199901 12083 2907 9799 12083 12983 12083 14819 4291.441993771148 5
66940 12087 15673 85477 12087 12987 12087 14823 4235.990148107038 5
7352 12089 7095 3591 12089 12989 12089 14919 15575.280945537159 5
326095 12091 87246 16697 12091 12991 12091 14857 7848.868336401369 5
203298 12093 8526 3520 12093 12993 12093 14842 5818.477099628626 5
133069 12096 80587 100476 12096 12996 12096 14982 22298.662074645126 5
114523 12098 70771 94813 12098 12998 12098 14854 6698.744171566884 5
183798 12100 36306 4379 12100 13000 12100 14826 3053.896960860854 5
184520 12102 11750 13745 12102 13002 12102 14851 5765.334689742584 5
12572 12104 18176 3124 12104 13004 12104 14881 9152.294902648586 5
190798 12106 18156 44470 12106 13006 12106 14897 10832.181671546807 5
156884 12110 118393 16926 12110 13010 12110 14842 3839.9372344840517 5
303852 12112 11410 9396 12112 13012 12112 14847 4109.706312786889 5
100859 12121 2848 17173 12121 13021 12121 14860 4660.063933580353 5
87594 12130 10353 11301 12130 13030 12130 14868 4466.7524405796485 5
264903 12149 3236 36304 12149 13049 12149 14890 4838.523159913779 5
69439 12176 109472 7956 12176 13076 12176 15243 43920.52309951506 5
259439 12179 2927 16194 12179 13079 12179 15060 21652.671963695913 5
325174 12209 3515 2849 12209 13109 12209 14965 6633.009840762533 5
231683 12214 128753 11418 12214 13114 12214 14941 3121.214690637209 5
157496 12219 104753 51781 12219 13119 12219 14955 4283.777872741319 5
59533 12222 54865 7973 12222 13122 12222 14956 4059.580179098981 5
242150 12233 11420 95594 12233 13133 12233 15074 16876.499187978137 5
19899 12239 14657 8377 12239 13139 12239 14978 4599.277799766153 5
274166 12243 62242 88752 12243 13143 12243 15314 44431.27998545294 5
214587 12262 11194 15188 12262 13162 12262 15002 4701.998099564946 5
116962 12266 109505 34501 12266 13166 12266 15114 17754.449824058065 5
67495 12276 118265 38062 12276 13176 12276 14995 2175.9288023851277 5
306470 12294 5865 73370 12294 13194 12294 15018 2854.2654747757415 5
176837 12296 36206 87315 12296 13196 12296 15058 7389.332980408826 5
270312 12299 5560 123880 12299 13199 12299 15022 2750.8053654405603 5
194993 12306 35989 11965 12306 13206 12306 15087 9634.0636696774 5
105479 12311 17206 5555 12311 13211 12311 15045 4050.6204142252013 5
92746 12315 2663 130752 12315 13215 12315 15072 6834.301199703559 5
162477 12324 10160 4245 12324 13224 12324 15085 7302.292165784599 5
136037 12326 85454 95434 12326 13226 12326 15065 4564.471832922916 5
82991 12334 51776 12093 12334 13234 12334 15110 9072.31766486842 5
113794 12355 9903 8322 12355 13255 12355 15089 3973.326095686764 5
71550 12366 16921 125430 12366 13266 12366 15126 7169.613116855015 5
293517 12369 13231 95337 12369 13269 12369 15087 2142.9853641274944 5
238839 12372 7846 4588 12372 13272 12372 15143 8403.886620468447 5
9546 12382 14797 8916 12382 13282 12382 15104 2580.5569821653376 5
163790 12389 62041 64492 12389 13289 12389 15292 24333.422832486038 5
66279 12393 129816 6800 12393 13293 12393 15150 6761.966848632482 5
8877 12399 11305 7687 12399 13299 12399 15132 3929.2185624646727 5
204719 12418 11303 4381 12418 13318 12418 15179 7240.2005562561435 5
243305 12423 15497 6736 12423 13323 12423 15140 2031.332978744857 5
3423 12432 6367 4745 12432 13332 12432 15174 4936.6938073492065 5
108231 12435 4085 11514 12435 13335 12435 15168 3850.794024489346 5
230890 12440 17395 14053 12440 13340 12440 15210 8394.55418871752 5
215921 12453 91205 88270 12453 13353 12453 15171 2087.3999656590167 5
185245 12463 4234 11299 12463 13363 12463 15225 7374.395550948516 5
175209 12469 11420 100480 12469 13369 12469 15208 4604.656854019246 5
188095 12479 112066 4726 12479 13379 12479 15240 7270.777991301349 5
45163 12500 65331 7973 12500 13400 12500 15226 3042.2804746669485 5
265284 12503 12765 2636 12503 13403 12503 15253 5968.254121168854 5
155167 12511 7140 14486 12511 13411 12511 15235 2824.518037109553 5
320370 12518 9891 14595 12518 13418 12518 15281 7547.01217974637 5
126753 12521 7085 11965 12521 13421 12521 15249 3257.5993888811654 5
142080 12533 117660 6725 12533 13433 12533 15265 3734.4187620853554 5
119707 12541 4245 96647 12541 13441 12541 15270 3472.46174185916 5
260223 12549 7881 9557 12549 13449 12549 15302 6274.116076392677 5
123311 12560 3124 7689 12560 13460 12560 15325 7778.427210631905 5
330841 12571 4753 11895 12571 13471 12571 15302 3668.4034520975283 5
171200 12577 109629 64492 12577 13477 12577 15476 23827.816446789133 5
272433 12583 47623 10053 12583 13483 12583 15315 3815.4621062669567 5
264504 12653 8323 8918 12653 13553 12653 15402 5830.068261478478 5
293518 12655 3369 18636 12655 13555 12655 15433 9240.29740590419 5
41863 12660 4477 11699 12660 13560 12660 15398 4456.011609965768 5
192243 12672 3114 121556 12672 13572 12672 15390 2124.627080587852 5
43606 12680 10049 128486 12680 13580 12680 15410 3544.01688575099 5
108779 12687 91535 2632 12687 13587 12687 15410 2731.2753774080397 5
252380 12689 39949 8024 12689 13589 12689 15451 7339.801177409851 5
255628 12694 129396 2656 12694 13594 12694 15457 7441.655008802535 5
140014 12706 16865 11713 12706 13606 12706 15436 3498.396847401726 5
2602 12708 62175 127992 12708 13608 12708 15745 40358.78119536065 5
247593 12715 15525 118005 12715 13615 12715 15447 3727.5253708199243 5
132554 12730 86141 91533 12730 13630 12730 15500 8301.068511105072 5
100860 12736 106766 127605 12736 13636 12736 15470 3992.630137897228 5
339337 12747 4743 13286 12747 13647 12747 15514 7998.428129219356 5
164361 12752 7090 11756 12752 13652 12752 15483 3693.987930313432 5
213980 12765 5663 16287 12765 13665 12765 15491 3062.146518054967 5
90985 12775 15185 17688 12775 13675 12775 15493 2100.134473064713 5
33500 12779 7090 44280 12779 13679 12779 15518 4563.804807326132 5
116082 12789 9902 53541 12789 13689 12789 15522 3924.477072060769 5
63543 12792 11194 8210 12792 13692 12792 15536 5277.357049716689 5
70804 12796 124695 130090 12796 13696 12796 15539 5156.66301883316 5
31393 12805 5622 6326 12805 13705 12805 15643 16477.420543600107 5
212240 12810 7845 112165 12810 13710 12810 15554 5179.982331359051 5
163183 12820 1944 14658 12820 13720 12820 15634 13671.624086831462 5
294929 12825 85360 10466 12825 13725 12825 15558 3869.9966384225454 5
14640 12829 95361 4104 12829 13729 12829 15549 2305.9693708507098 5
240723 12845 4100 10354 12845 13745 12845 15580 4184.85703671714 5
285974 12875 7091 2853 12875 13775 12875 15602 3215.307139922306 5
59534 12881 85092 129182 12881 13781 12881 15706 14887.59866737626 5
202043 12898 6666 35947 12898 13798 12898 15671 8691.781090830898 5
227462 12915 62173 5787 12915 13815 12915 15986 44510.107228832625 5
86882 12924 7213 13182 12924 13824 12924 15672 5687.735624365849 5
53207 12927 57203 7978 12927 13827 12927 15649 2599.8270009002676 5
25618 12937 117658 47650 12937 13837 12937 15670 3899.3881215430806 5
82326 12945 18433 9488 12945 13845 12945 15674 3370.118122912969 5
195491 12967 7845 35773 12967 13867 12967 15711 5270.384076300199 5
18517 12978 125607 5204 12978 13878 12978 15753 8891.149202824341 5
87595 12981 4690 8313 12981 13881 12981 15709 3325.80217819818 5
66941 12986 10474 130699 12986 13886 12986 15760 8830.066716664505 5
125553 12999 53542 4788 12999 13899 12999 15750 6011.532029219772 5
236303 13016 4670 130333 13016 13916 13016 15768 6211.29443066131 5
315243 13033 2813 10814 13033 13933 13033 15813 9580.225828352239 5
332992 13057 35946 3920 13057 13957 13057 15877 14280.885740526926 5
19240 13070 114683 15964 13070 13970 13070 15805 4082.7876350209567 5
252975 13082 11873 11947 13082 13982 13082 15799 2012.7341477813886 5
26411 13091 4107 12312 13091 13991 13091 15820 3438.254446781052 5
19900 13095 2810 125579 13095 13995 13095 15849 6416.344262475483 5
221879 13115 11438 9899 13115 14015 13115 15832 2004.3440961197675 5
72325 13124 10469 9438 13124 14024 13124 15879 6593.895528225031 5
286358 13136 7140 3082 13136 14036 13136 15952 13890.673745592376 5
172272 13152 62237 83784 13152 14052 13152 16024 20560.900313493228 5
264904 13154 6370 7887 13154 14054 13154 15897 5081.4041060878135 5
106220 13169 87175 5323 13169 14069 13169 15920 6093.9123367544535 5
74787 13172 6724 14807 13172 14072 13172 15911 4560.806779970629 5
246306 13192 4754 45668 13192 14092 13192 15983 10878.271930382332 5
330001 13194 88217 128523 13194 14094 13194 15950 6699.109209935409 5
79461 13199 9434 12093 13199 14099 13199 15972 8734.237841411197 5
45164 13203 9903 10054 13203 14103 13203 15944 4847.430746989656 5
295617 13206 65798 107596 13206 14106 13206 16191 34107.926725975325 5
197076 13221 10039 5844 13221 14121 13221 16016 11283.148684136919 5
183241 13224 5896 7883 13224 14124 13224 15973 5840.507893687085 5
123312 13226 85486 11971 13226 14126 13226 15963 4371.763949672527 5
179850 13231 99408 6138 13231 14131 13231 16019 10519.872595201305 5
270313 13241 48296 95434 13241 14141 13241 15993 6147.359082838966 5
111841 13243 2851 7090 13243 14143 13243 15966 2672.0363131302306 5
60292 13248 36236 3500 13248 14148 13248 15976 3354.802635435684 5
149504 13251 74143 3643 13251 14151 13251 16041 10753.735077105644 5
256858 13271 74143 1135 13271 14171 13271 16002 3717.6469367515583 5
173747 13284 5202 9900 13284 14184 13284 16007 2644.023382528482 5
316288 13294 7848 10866 13294 14194 13294 16018 2837.6480580850766 5
181077 13304 10457 8231 13304 14204 13304 16040 4221.394329612172 5
330842 13320 2651 128549 13320 14220 13320 16064 5166.497968524078 5
209602 13323 7828 8313 13323 14223 13323 16065 4969.5398309583425 5
301934 13325 4361 10011 13325 14225 13325 16088 7514.7597596247615 5
56618 13334 50052 8313 13334 14234 13334 16115 9657.233005337666 5
285975 13345 637 117773 13345 14245 13345 16137 10985.26425016242 5
326096 13347 12975 6783 13347 14247 13347 16065 2116.5795633967514 5
119708 13353 18056 8315 13353 14253 13353 16075 2520.2600799571205 5
96753 13356 45609 6736 13356 14256 13356 16095 4580.5175249956 5
212241 13369 3377 117783 13369 14269 13369 16101 3788.7126181188523 5
41455 13386 61965 83784 13386 14286 13386 16244 18936.127327916718 5
226967 13393 104710 95424 13393 14293 13393 16136 5153.6734589866655 5
320986 13395 100325 5916 13395 14295 13395 16133 4543.935466590479 5
65667 13399 7816 7800 13399 14299 13399 16150 6043.664162207264 5
115202 13413 2851 85415 13413 14313 13413 16183 8354.663139069788 5
336745 13418 5787 4738 13418 14318 13418 16182 7616.067464090191 5
14641 13428 85451 4102 13428 14328 13428 16154 3072.535832397125 5
113795 13432 9903 58756 13432 14332 13432 16159 3221.6892723530054 5
17419 13439 130368 18431 13439 14339 13439 16158 2270.616904098208 5
67496 13441 8229 10866 13441 14341 13441 16167 3027.5259777321494 5
100861 13446 4240 5681 13446 14346 13446 16182 4229.097170312795 5
11940 13459 36237 3376 13459 14359 13459 16193 4071.748589472158 5
12573 13461 14804 15531 13461 14361 13461 16183 2549.1707893601297 5
215185 13466 16318 10835 13466 14366 13466 16183 2023.007539189092 5
75716 13475 8315 10362 13475 14375 13475 16206 3635.309231105551 5
273024 13494 100519 2144 13494 14394 13494 16252 6845.230427636862 5
70805 13503 11440 11885 13503 14403 13503 16262 6971.415030590963 5
15511 13508 16926 2825 13508 14408 13508 16245 4373.51432483771 5
234584 13535 85395 12656 13535 14435 13535 16268 3891.162960335619 5
221880 13543 88272 9550 13543 14443 13543 16275 3817.3131318141527 5
175211 13551 13657 3155 13551 14451 13551 16273 2571.800065286814 5
18518 13560 11843 7846 13560 14460 13560 16323 7454.063331854833 5
224288 13575 3376 13039 13575 14475 13575 16297 2610.024388247456 5
335842 13590 2860 2808 13590 14490 13590 16334 5162.279491088827 5
8114 13602 3378 117780 13602 14502 13602 16336 3980.552046382804 5
263093 13616 95360 5454 13616 14516 13616 16351 4098.634171072825 5
150446 13618 62241 107867 13618 14518 13618 16418 11885.559393055093 5
91554 13621 107639 18982 13621 14521 13621 16372 6095.66712216711 5
74788 13635 36317 10172 13635 14535 13635 16383 5671.3856092416145 5
233194 13648 16303 100436 13648 14548 13648 16369 2501.4312036595975 5
24852 13652 5425 71271 13652 14552 13652 16530 21354.186651127762 5
142081 13668 100427 128869 13668 14568 13668 16388 2379.380181975133 5
44415 13674 11303 85468 13674 14574 13674 16398 2832.953078284275 5
309309 13681 6377 95430 13681 14581 13681 16458 9135.579539736691 5
293519 13690 18059 9903 13690 14590 13690 16412 2607.7728812769756 5
263857 13702 18493 42999 13702 14602 13702 16424 2584.944139718253 5
111842 13711 4740 10361 13711 14611 13711 16437 3001.191518842208 5
157497 13720 47649 17207 13720 14620 13720 16449 3437.011181092398 5
154625 13741 637 6667 13741 14641 13741 16506 7683.821477497438 5
311650 13750 6796 2116 13750 14650 13750 16498 5687.749260902301 5
185992 13764 12983 4725 13764 14664 13764 16518 6366.908775423804 5
265285 13769 39952 11509 13769 14669 13769 16487 2095.681524954942 5
332431 13782 95343 121553 13782 14682 13782 16547 7734.42047244826 5
6530 13792 11439 7688 13792 14692 13792 16554 7369.133437341423 5
86883 13806 4725 127605 13806 14706 13806 16539 3874.3183287773445 5
86269 13808 14592 2127 13808 14708 13808 16571 7542.7655895549415 5
317912 13835 120268 8316 13835 14735 13835 16582 5538.780026565271 5
50630 13850 2138 4742 13850 14750 13850 16584 4038.8369133995348 5
243306 13852 3616 6736 13852 14752 13852 16590 4493.82477378514 5
111383 13870 6374 85478 13870 14770 13870 16648 9312.67354165918 5
67497 13874 124694 2212 13874 14774 13874 16615 4831.741416092966 5
239962 13886 127873 3515 13886 14786 13886 16605 2254.082411027939 5
90986 13888 9555 128753 13888 14788 13888 16638 5956.6339471867905 5
123313 13890 10052 3616 13890 14790 13890 16628 4534.9979010457355 5
119709 13897 127462 11375 13897 14797 13897 16615 2071.338313457301 5
100862 13906 5424 17217 13906 14806 13906 16623 2008.0120827313624 5
321822 13928 91534 120310 13928 14828 13928 16648 2304.960654721949 5
147064 13959 87625 7850 13959 14859 13959 16698 4597.532931220177 5
315244 13972 16480 2760 13972 14872 13972 16692 2337.398903198015 5
5293 13996 106771 4789 13996 14896 13996 16734 4476.304250530065 5
325514 14000 6887 12732 14000 14900 14000 16727 3219.7551342369575 5
109488 14002 9560 18588 14002 14902 14002 16769 8003.474064533433 5
85766 14018 130752 12085 14018 14918 14018 16741 2728.0764903411196 5
72326 14028 36227 4365 14028 14928 14028 16763 4102.650344357804 5
330843 14037 17038 13226 14037 14937 14037 16759 2585.3646961193913 5
328580 14052 38604 10049 14052 14952 14052 16796 5207.876920629496 5
105481 14096 45663 104795 14096 14996 14096 16850 6469.851091737666 5
233195 14132 17397 124963 14132 15032 14132 16855 2757.067662376393 5
111843 14139 18352 17219 14139 15039 14139 16857 2078.844789159462 5
230891 14144 83346 6368 14144 15044 14144 16876 3751.535685632307 5
44416 14163 85410 18357 14163 15063 14163 16890 3201.865435050395 5
124751 14168 103790 2130 14168 15068 14168 16889 2438.560013463321 5
29389 14189 17353 5701 14189 15089 14189 16908 2227.8341261542346 5
175736 14203 7091 17219 14203 15103 14203 16920 2036.6163989905665 5
169638 14224 4109 4380 14224 15124 14224 16942 2091.014636363241 5
53209 14250 126586 57202 14250 15150 14250 16971 2495.5251993168868 5
278498 42669 82155 62135 42669 43569 42669 45402 3890.1829292765296 5
260225 42674 124320 111631 42674 43574 42674 45440 7896.8520643210995 5
95481 42685 8236 130309 42685 43585 42685 45407 2585.2100466591696 5
106221 42696 4390 96983 42696 43596 42696 45470 8813.646955958215 5
281193 42713 75486 62115 42713 43613 42713 45439 3005.1242411960766 5
110797 42758 11967 15531 42758 43658 42758 45485 3171.7984155495733 5
171201 42843 1037 14807 42843 43743 42843 45575 3781.0951249447926 5
177310 42909 100325 16921 42909 43809 42909 45664 6525.888057180516 5
209603 42918 14494 85122 42918 43818 42918 45665 5629.271944887274 5
232425 43034 11395 2412 43034 43934 43034 45798 7568.875278033948 5
170472 43074 68087 1123 43074 43974 43074 45850 9021.46732582693 5
19901 43116 11301 10266 43116 44016 43116 45892 9025.829745539777 5
89473 43199 11960 4729 43199 44099 43199 45925 3042.43960885803 5
192245 43238 43236 71151 43238 44138 43238 46025 10439.001185743122 5
49723 43333 10916 36056 43333 44233 43333 46103 8371.356748923965 5
238258 43414 6685 14100 43414 44314 43414 46136 2529.321599559127 5
94076 43481 130893 70353 43481 44381 43481 46219 4541.679486327519 5
10128 43535 5571 10458 43535 44435 43535 46264 3363.9773578053187 5
104789 43666 51776 64492 43666 44566 43666 46897 63709.621475973545 5
219484 64255 9550 7098 64255 65155 64255 66980 2939.8747731167864 5
256859 64257 53542 5192 64257 65157 64257 66986 3476.254350568134 5
142082 64259 82253 62136 64259 65159 64259 67001 4957.390999452896 5
185993 64261 13215 3117 64261 65161 64261 67002 4897.0905767366785 5
315684 64263 95336 91439 64263 65163 64263 67065 12217.544075620212 5
64756 64267 4239 11841 64267 65167 64267 67000 3870.3206500592305 5
5906 64269 126694 104014 64269 65169 64269 67024 6530.128300402163 5
120354 64271 94945 11415 64271 65171 64271 67082 13253.452867636444 5
320987 64273 5192 7089 64273 65173 64273 66994 2443.9152190331106 5
24205 64275 78005 9889 64275 65175 64275 67301 39088.67036271914 5
28699 64277 10261 13218 64277 65177 64277 67009 3826.889023416056 5
228056 64279 65712 74138 64279 65179 64279 67020 4907.829374690936 5
82327 64281 70419 45670 64281 65181 64281 67036 6491.575110025422 5
304742 64283 4670 187 64283 65183 64283 67008 2898.4851684571813 5
30173 64286 17647 8322 64286 65186 64286 67029 5140.84206829765 5
340702 64290 129816 10169 64290 65190 64290 67036 5497.328361782935 5
322905 64293 7087 40779 64293 65193 64293 67029 4216.4309908440155 5
85066 64295 86229 128727 64295 65195 64295 67050 6533.314952288483 5
100540 64297 95359 3114 64297 65197 64297 67035 4538.266576754536 5
247594 64299 104704 9889 64299 65199 64299 67027 3269.679263138713 5
233196 64301 8321 99901 64301 65201 64301 67043 5028.433361243191 5
97404 64303 91518 104780 64303 65203 64303 67038 4082.8558193909494 5
13305 64305 83338 35963 64305 65205 64305 67055 5967.164648109459 5
325515 64307 74704 131090 64307 65207 64307 67333 39079.6168187796 5
154626 64309 42333 14615 64309 65209 64309 67060 6015.920501294209 5
94797 64311 43193 1434 64311 65211 64311 67052 4837.829273564801 5
332016 64313 10720 16764 64313 65213 64313 67133 14311.034870430685 5
279453 64315 75 10008 64315 65215 64315 67164 17793.095063616696 5
8115 64317 57203 4724 64317 65217 64317 67040 2693.467593158712 5
113796 64319 11509 93809 64319 65219 64319 67064 5397.472414904077 5
129332 64321 86205 8301 64321 65221 64321 67061 4766.106515008172 5
161707 64323 8295 41832 64323 65223 64323 67050 3129.3156038398383 5
37997 64325 88277 101211 64325 65225 64325 67052 3160.806941465028 5
184522 64327 10049 8217 64327 65227 64327 67069 5038.329058432153 5
30703 64329 10053 130823 64329 65229 64329 67071 4979.300030310702 5
242152 64332 100502 117283 64332 65232 64332 67055 2680.396229427525 5
56619 64336 80635 91439 64336 65236 64336 67063 3206.758189072553 5
258097 64354 5196 15186 64354 65254 64354 67092 4527.151714835459 5
88828 64364 130813 131230 64364 65264 64364 67092 3280.9972599734347 5
136038 64379 80610 5192 64379 65279 64379 67099 2396.3108090276514 5
165855 64383 488 8525 64383 65283 64383 67110 3238.54709887456 5
236305 64401 80603 40494 64401 65301 64401 67226 14884.313418024618 5
12575 64404 4757 7885 64404 65304 64404 67143 4587.272920648643 5
118385 64435 62440 93915 64435 65335 64435 67613 57254.629316171966 5
226968 64437 104800 91502 64437 65337 64437 67156 2179.708139094531 5
125555 64479 100502 2848 64479 65379 64479 67201 2596.668569199216 5
96007 64484 4245 85388 64484 65384 64484 67268 10053.775611264153 5
131421 64500 17087 130810 64500 65400 64500 67229 3385.5723035170845 5
175212 64515 82473 91524 64515 65415 64515 67237 2568.905641346205 5
58747 64529 130823 87768 64529 65429 64529 67307 9272.67197429369 5
40730 64546 65207 130107 64546 65446 64546 67310 7640.688807909269 5
259441 64556 2816 99729 64556 65456 64556 67342 10210.616190865332 5
110240 64567 44812 7342 64567 65467 64567 67327 7099.6447022754055 5
285976 64583 124691 120794 64583 65483 64583 67363 9500.2408930431 5
297007 64600 83489 7973 64600 65500 64600 67376 9053.143009583935 5
298409 64611 11303 3117 64611 65511 64611 67347 4211.7113490027405 5
223324 64633 129396 12279 64633 65533 64633 67381 5698.597268338701 5
106944 64642 17069 91502 64642 65542 64642 67375 3878.8881051717563 5
260226 64648 65773 57429 64648 65548 64648 67375 3182.393765158258 5
239963 64658 8319 5470 64658 65558 64658 67398 4737.135375253239 5
293520 64666 5193 55524 64666 65566 64666 67456 10719.99015682876 5
253625 64673 6725 3616 64673 65573 64673 67417 5209.451886864465 5
90027 64688 12976 47462 64688 65588 64688 67413 2945.5946727411133 5
43608 64690 8301 117283 64690 65590 64690 67414 2793.7424474353743 5
144501 64712 57135 512 64712 65612 64712 67440 3327.2218267290446 5
245628 64716 7881 3385 64716 65616 64716 67497 9708.841592036202 5
243921 64751 6392 7975 64751 65651 64751 67476 2921.8915852449986 5
11942 64762 11840 6770 64762 65662 64762 67482 2377.8949099991924 5
93453 64773 6392 7782 64773 65673 64773 67497 2774.5716603397404 5
167695 64776 16014 130771 64776 65676 64776 67504 3356.5816465685807 5
21389 64779 4380 130952 64779 65679 64779 67554 8939.756647145332 5
313661 64796 1569 35772 64796 65696 64796 67552 6621.4502758741655 5
191449 64806 65773 100363 64806 65706 64806 67556 5992.476980729184 5
147065 64832 7348 7086 64832 65732 64832 67566 4030.130122314735 5
100541 64835 91522 86224 64835 65735 64835 67576 4823.346177405102 5
151851 64852 5663 7885 64852 65752 64852 67685 15855.490708689384 5
242675 64854 53541 5193 64854 65754 64854 67578 2838.865616047525 5
25620 64856 85416 85098 64856 65756 64856 67627 8509.68702293429 5
334428 64875 42265 5471 64875 65775 64875 67618 5145.8093810392265 5
106222 64881 117784 36315 64881 65781 64881 67675 11195.561444727335 5
215186 64918 12735 3152 64918 65818 64918 67718 11916.358467325917 5
130640 64925 5780 14658 64925 65825 64925 67667 5033.6792679815935 5
251834 64936 2656 8063 64936 65836 64936 67679 5103.641684352232 5
3424 64946 36012 7882 64946 65846 64946 67748 12183.992754282772 5
140666 64958 8302 126342 64958 65858 64958 67693 4095.6080829466964 5
239518 64970 35945 35964 64970 65870 64970 67696 3037.0479625310445 5
157498 65009 7888 88270 65009 65909 65009 67732 2669.149148237128 5
177806 65024 17901 4611 65024 65924 65024 67793 8235.705227064362 5
268652 65032 14779 2740 65032 65932 65032 67794 7427.388165325982 5
133603 65046 10470 15531 65046 65946 65046 67783 4412.877009462811 5
8878 65050 12765 3155 65050 65950 65050 67842 10993.553844543574 5
338409 65067 62168 64492 65067 65967 65067 67990 26687.443901333725 5
41865 65089 5113 3376 65089 65989 65089 67848 7070.664547566644 5
161708 65093 69052 112165 65093 65993 65093 67841 5758.45007008901 5
309310 65101 14654 3153 65101 66001 65101 67883 9834.645430223729 5
158214 65114 2860 35764 65114 66014 65114 67858 5172.300244994402 5
192246 65119 11837 95426 65119 66019 65119 67917 11710.64985601242 5
233197 65155 87641 35774 65155 66055 65155 67918 7470.654043198732 5
30704 65169 9903 65770 65169 66069 65169 67886 2037.0906297548586 5
316773 65181 18639 3622 65181 66081 65181 67913 3814.6312658914662 5
226318 65195 2348 3894 65195 66095 65195 68009 13669.172756582782 5
159174 65197 9903 12223 65197 66097 65197 67937 4798.264957717257 5
243922 65201 14797 104606 65201 66101 65201 67921 2378.5910378125336 5
74265 65211 87170 10040 65211 66111 65211 67945 4059.8524495578577 5
66943 65214 120271 2572 65214 66114 65214 67949 4155.939405115269 5
99703 65225 5786 128306 65225 66125 65225 67994 8257.515618705535 5
38570 65229 124920 35997 65229 66129 65229 68007 9267.456521301801 5
61011 65241 100453 124852 65241 66141 65241 67985 5221.01268010313 5
127806 65266 100469 4788 65266 66166 65266 68003 4359.217688783262 5
181078 65270 62237 83784 65270 66170 65270 68142 20560.900313493228 5
282804 65295 123637 9693 65295 66195 65295 68018 2748.885227895436 5
184523 65301 2851 120291 65301 66201 65301 68038 4393.02720806538 5
331585 65316 128455 35953 65316 66216 65316 68108 11020.893283527892 5
60294 65340 3127 18639 65340 66240 65340 68065 2973.931482210911 5
226969 65362 129765 4544 65362 66262 65362 68147 10166.008373148596 5
257375 65368 85428 96994 65368 66268 65368 68346 33246.5543234309 5
43609 65385 96982 5454 65385 66285 65385 68102 2039.2566969129625 5
231685 65403 100506 16926 65403 66303 65403 68187 9982.00770017987 5
22244 65426 6223 3113 65426 66326 65426 68218 10989.124077935423 5
110798 65445 129817 3114 65445 66345 65445 68174 3405.4094189921234 5
157499 65453 103578 5574 65453 66353 65453 68203 5984.925450626458 5
140016 65493 11414 11511 65493 66393 65493 68211 2136.2234015571207 5
129933 65501 68854 3621 65501 66401 65501 68232 3603.019250409433 5
280113 65527 3114 6800 65527 66427 65527 68285 6930.183432515418 5
178493 65538 109599 64492 65538 66438 65538 68435 23603.661353728014 5
171202 65548 10475 10092 65548 66448 65548 68292 5199.651850722973 5
298410 65585 125793 7656 65585 66485 65585 68311 3113.7511305525118 5
134962 65606 11511 104780 65606 66506 65606 68344 4498.114180931511 5
111384 65623 4380 5792 65623 66523 65623 68356 3957.056277407502 5
217884 65633 3114 88159 65633 66533 65633 68350 2012.4768534068676 5
121391 65646 3133 2495 65646 66546 65646 68377 3662.5486361421194 5
48258 65651 65531 4240 65651 66551 65651 68390 4675.361810939928 5
129333 65653 6725 4724 65653 66553 65653 68387 3999.5043106716917 5
317287 65662 35939 9904 65662 66562 65662 68429 8015.657204731208 5
97405 65674 104752 128727 65674 66574 65674 68402 3281.237084095648 5
167696 65692 4791 117864 65692 66592 65692 68510 14144.112712434362 5
58748 65694 1429 5927 65694 66594 65694 68454 7097.514328572702 5
255629 65707 77410 100427 65707 66607 65707 68426 2221.1055286673836 5
86270 65710 62238 11301 65710 66610 65710 68806 47506.78937723222 5
16208 65720 2359 109922 65720 66620 65720 68494 8865.36682084362 5
55204 65732 4745 4757 65732 66632 65732 68462 3511.167081722416 5
316774 65763 3516 109479 65763 66663 65763 68869 48600.134704819284 5
322906 65781 8932 91496 65781 66681 65781 68547 7891.248668358345 5
105482 65801 91205 104724 65801 66701 65801 68556 6579.432289845443 5
160935 65821 65764 6728 65821 66721 65821 68703 21817.215700065717 5
236919 65837 7103 11348 65837 66737 65837 68603 7841.400732340898 5
325516 65841 4730 4757 65841 66741 65841 68597 6706.520072397339 5
85767 65848 2859 108819 65848 66748 65848 68627 9399.29921345534 5
321824 65857 91524 11305 65857 66757 65857 68609 6131.112782669375 5
187444 65893 2238 125359 65893 66793 65893 68644 6057.582061393131 5
106945 65906 65719 73370 65906 66806 65906 68626 2364.424899509864 5
334429 65927 4737 14015 65927 66827 65927 68660 3936.2402631710156 5
85067 65936 11301 15495 65936 66836 65936 68676 4734.615134440043 5
307727 65941 1421 77410 65941 66841 65941 68700 6979.725022136138 5
67498 65948 18357 127605 65948 66848 65948 68689 4914.180918257996 5
203300 65974 129806 14661 65974 66874 65974 68691 2011.786512762379 5
2164 65979 3117 130699 65979 66879 65979 68720 4847.72632139993 5
210848 65991 7881 100452 65991 66891 65991 68720 3462.402523150125 5
69440 65995 18357 14804 65995 66895 65995 68713 2106.3538118517663 5
259442 65998 5008 83489 65998 66898 65998 68774 9096.608083271158 5
142083 66002 71055 611 66002 66902 66002 68757 6505.771461582137 5
292755 66031 5623 16911 66031 66931 66031 68770 4621.0963936291355 5
166442 66047 4106 5199 66047 66947 66047 68789 5028.089989720368 5
145818 66058 5454 16585 66058 66958 66058 68780 2578.7331734601603 5
199224 66063 77410 15186 66063 66963 66063 68803 4780.999149968524 5
128467 66065 121454 4373 66065 66965 66065 68817 6172.105886317222 5
190211 66073 35958 10720 66073 66973 66073 68820 5568.725811446636 5
81392 66084 33995 64492 66084 66984 66084 69007 26736.338729879386 5
181606 66094 65360 11840 66094 66994 66094 68829 4096.2143686116 5
320988 66112 9884 62123 66112 67012 66112 69200 46515.406528286934 5
303854 66127 11371 4100 66127 67027 66127 68860 3868.6819361351113 5
43610 66164 103790 5196 66164 67064 66164 68899 4084.8664670270764 5
228795 66172 36302 6801 66172 67072 66172 68925 6254.845748556246 5
75717 66185 10098 11766 66185 67085 66185 68952 7940.993923871204 5
21390 66210 130823 103761 66210 67110 66210 68936 3007.81179005044 5
255630 66220 10697 4611 66220 67120 66220 69020 11940.631077137115 5
10129 66233 7892 7095 66233 67133 66233 68953 2317.774192327166 5
111846 66242 8317 3620 66242 67142 66242 68980 4522.1635096423015 5
301935 66249 16055 10054 66249 67149 66249 68974 2938.069505797548 5
327121 66258 10697 46944 66258 67158 66258 69286 39327.871200420865 5
58749 66306 129879 123624 66306 67206 66306 69034 3344.9712945111146 5
79462 66323 8063 43789 66323 67223 66323 69050 3189.036883380528 5
53210 66330 7085 11515 66330 67230 66330 69050 2361.94370196279 5
237577 66362 33525 64492 66362 67262 66362 69252 22730.666050089698 5
331217 66368 120267 16578 66368 67268 66368 69098 3500.8187216858764 5
208771 66377 6887 7887 66377 67277 66377 69095 2116.6925114556025 5
293521 66389 85360 100476 66389 67289 66389 69138 5874.387880070826 5
36698 66403 11437 62168 66403 67303 66403 69461 42939.676520163535 5
78028 66407 11957 125744 66407 67307 66407 69126 2193.8977910893063 5
15512 66426 123513 35713 66426 67326 66426 69524 47732.6231984335 5
100542 66457 6375 11670 66457 67357 66457 69188 3627.3468966796895 5
200570 66468 62173 19432 66468 67368 66468 69289 14510.10210516311 5
99704 66486 5470 82268 66486 67386 66486 69225 4644.3314701347745 5
130641 66496 5426 4745 66496 67396 66496 69230 4065.023036352326 5
233198 66508 12226 35750 66508 67408 66508 69246 4445.671265983205 5
109489 66523 4378 103579 66523 67423 66523 69282 7039.090428590578 5
252977 66535 1712 7590 66535 67435 66535 69288 6282.405999307628 5
218672 66553 121139 8299 66553 67453 66553 69290 4345.017722306845 5
280114 66567 5779 53536 66567 67467 66567 69328 7271.248238463216 5
85068 66578 9837 10048 66578 67478 66578 69301 2700.148115045952 5
37998 66584 5473 105052 66584 67484 66584 69312 3316.7649797737904 5
190212 66588 1485 6110 66588 67488 66588 69346 6897.405751537332 5
309311 66601 14249 14546 66601 67501 66601 69323 2588.82067221132 5
143330 66612 119893 7753 66612 67512 66612 69347 4152.508859672379 5
111385 66626 4377 3623 66626 67526 66626 69390 7608.77926474858 5
202044 66630 35768 129472 66630 67530 66630 69369 4586.839134957767 5
239520 66637 70111 4743 66637 67537 66637 69357 2326.263605023867 5
72988 66647 4244 3118 66647 67547 66647 69365 2049.8433053421695 5
17939 66661 62170 79056 66661 67561 66661 69439 9297.087336487935 5
38571 66684 8326 87625 66684 67584 66684 69461 9223.044997818 5
108233 66687 120278 15211 66687 67587 66687 69441 6371.211630614054 5
127807 66711 100519 3147 66711 67611 66711 69493 9767.006496655275 5
70316 66713 4086 131230 66713 67613 66713 69438 2990.8024839345417 5
231686 66718 8038 65123 66718 67618 66718 69485 8012.769291854421 5
66945 66731 10251 5767 66731 67631 66731 69469 4523.569134951684 5
39941 66733 96982 4794 66733 67633 66733 69475 4956.418315175074 5
226319 66738 12678 129046 66738 67638 66738 69465 3179.5136034025463 5
69441 66747 96392 13581 66747 67647 66747 69468 2459.0330772496445 5
236306 66768 10272 8907 66768 67668 66768 69525 6755.562867004396 5
80086 66779 35833 101213 66779 67679 66779 69539 7157.244764277521 5
263095 66799 91410 123629 66799 67699 66799 69530 3657.430968574191 5
337919 66813 3117 42276 66813 67713 66813 69534 2485.2336177089587 5
11943 66823 124596 100412 66823 67723 66823 69544 2426.0367703203847 5
290503 66833 7087 91515 66833 67733 66833 69565 3724.346215851407 5
186712 66858 3144 35754 66858 67758 66858 69596 4514.23677487104 5
256235 66880 36002 7086 66880 67780 66880 69672 11003.803614362088 5
198448 66882 3800 5253 66882 67782 66882 69622 4689.82328570667 5
173750 66890 91512 9899 66890 67790 66890 69619 3389.425841095715 5
317914 66892 130752 36235 66892 67792 66892 69664 8531.749668601515 5
199904 66902 35979 7611 66902 67802 66902 69673 8500.987247340348 5
77262 66912 128275 5196 66912 67812 66912 69674 7324.775963934255 5
260227 66918 12409 5197 66918 67818 66918 69687 8189.117917883082 5
44418 66923 85477 119350 66923 67823 66923 69727 12363.864515614983 5
177807 66931 35984 2649 66931 67831 66931 69665 4029.0314059077987 5
194302 66945 9890 43452 66945 67845 66945 69690 5292.2385186022275 5
39224 66951 9903 10170 66951 67851 66951 69719 8102.697638611023 5
209605 66954 10043 18276 66954 67854 66954 69718 7578.837314068216 5
55205 66968 5192 130699 66968 67868 66968 69705 4421.656661546685 5
149826 66989 65532 35937 66989 67889 66989 69757 8047.434694717399 5
51252 67007 6798 43324 67007 67907 67007 69736 3382.8147189409347 5
228057 67013 105051 3119 67013 67913 67013 69748 4110.4358891483525 5
318594 67022 129903 35987 67022 67922 67022 69798 9029.611513978563 5
317288 67037 11372 129879 67037 67937 67037 69757 2339.3320987954153 5
287307 67057 15994 100429 67057 67957 67057 69795 4552.315894305644 5
159175 67070 8329 14646 67070 67970 67070 69834 7653.988631087124 5
17422 67079 85437 5202 67079 67979 67079 69813 4028.086118152608 5
335843 67100 91513 93915 67100 68000 67100 69950 17885.109394843916 5
233199 67115 95359 16531 67115 68015 67115 69880 7718.823860036879 5
301936 67124 4245 14543 67124 68024 67124 69930 12694.092340318854 5
273534 67162 5198 7086 67162 68062 67162 69886 2877.8489604788865 5
24206 67177 4246 124914 67177 68077 67177 69906 3364.65044017303 5
65668 67190 127462 37012 67190 68090 67190 69928 4470.983740191782 5
100865 67201 128135 95435 67201 68101 67201 69922 2485.889308539259 5
268027 67214 10472 18134 67214 68114 67214 70051 16438.103481956885 5
258737 67217 6148 2809 67217 68117 67217 69947 3549.683912356773 5
223326 67221 85486 65506 67221 68121 67221 69956 4189.7234529500365 5
276589 67223 91501 77956 67223 68123 67223 69971 5705.905785085644 5
105483 67230 65506 91501 67230 68130 67230 69967 4408.877716458747 5
9547 67236 35996 35964 67236 68136 67236 69956 2311.0000289970267 5
218673 67263 10697 3617 67263 68163 67263 70014 6022.846841434106 5
133605 67269 1461 1146 67269 68169 67269 70018 5818.789307265676 5
290504 67279 100418 4235 67279 68179 67279 70011 3778.513046011078 5
188098 67284 1412 16698 67284 68184 67284 70009 2892.927616402034 5
33501 67287 14483 14807 67287 68187 67287 70019 3776.5241547027636 5
297009 67299 85386 57421 67299 68199 67299 70054 6508.9712769261805 5
203301 67301 513 130699 67301 68201 67301 70051 5936.382637318281 5
325517 67324 35999 7888 67324 68224 67324 70103 9416.222094023333 5
42673 67348 39952 85086 67348 68248 67348 70078 3565.9646960428267 5
159805 67356 91440 128135 67356 68256 67356 70094 4482.801365612252 5
193558 67366 78825 110139 67366 68266 67366 70098 3818.5872620278165 5
55897 67370 130810 36316 67370 68270 67370 70137 8029.573658018427 5
121392 67420 117658 7643 67420 68320 67420 70151 3666.946174437848 5
314884 67439 12970 83351 67439 68339 67439 70194 6575.634504159971 5
208772 67466 14796 6795 67466 68366 67466 70209 5148.35832335858 5
43612 67477 11416 8316 67477 68377 67477 70214 4359.416938151603 5
139262 67510 3124 112257 67510 68410 67510 70247 4438.347633387821 5
293522 67520 5193 7343 67520 68420 67520 70248 3343.522829950571 5
40731 67530 9902 58918 67530 68430 67530 70260 3547.1177397287206 5
56621 67560 7645 5548 67560 68460 67560 70278 2102.446049567875 5
108782 67569 86199 106778 67569 68469 67569 70291 2617.944982362179 5
47475 67623 128388 406 67623 68523 67623 70354 3647.9817428349743 5
131423 67630 2960 98592 67630 68530 67630 70351 2476.777778074563 5
199226 67640 10350 35762 67640 68540 67640 70365 2896.2709106033385 5
326498 67653 8846 11444 67653 68553 67653 70380 3222.0162977202185 5
49027 67668 11840 11194 67668 68568 67668 70391 2745.024936983633 5
332993 67673 9903 3777 67673 68573 67673 70397 2765.779446545701 5
298412 67680 14797 35757 67680 68580 67680 70407 3175.5232518773582 5
67500 67735 44478 11401 67735 68635 67735 70461 3040.4093839426746 5
21391 67743 12071 82471 67743 68643 67743 70469 3112.912466723075 5
-1
r.id  r.timeCall  r.pickupLocationID r.deliveryLocationID  r.earlyPickupTime  r.latePickupTime  r.earlyDeliveryTime  r.lateDeliveryTime
36695 12054 109529 115376 12054 82490 12054 82800
100539 12056 8238 6725 12056 82750 12056 82800
300402 12058 6367 35938 12058 82756 12058 82800
15510 12060 61981 62120 12060 82782 12060 82800
24204 12062 407 2679 12062 82656 12062 82800
234583 12064 11395 15634 12064 82780 12064 82800
318202 12066 8091 5113 12066 82703 12066 82800
91552 12068 8030 100388 12068 82763 12068 82800
202042 12070 83346 40574 12070 82780 12070 82800
175735 12072 4238 130752 12072 82777 12072 82800
70803 12074 8321 8235 12074 82746 12074 82800
332991 12076 11419 14778 12076 82729 12076 82800
110238 12078 95340 4190 12078 82744 12078 82800
321820 12080 2494 14005 12080 82771 12080 82800
119706 12082 53536 39988 12082 82769 12082 82800
3422 12084 100455 2634 12084 82772 12084 82800
299119 12088 34526 117861 12088 82734 12088 82800
310768 12090 100363 6093 12090 82686 12090 82800
164360 12092 8294 4743 12092 82741 12092 82800
172271 12094 82158 62116 12094 82777 12094 82800
213979 12097 16923 9602 12097 82739 12097 82800
280111 12099 111713 3558 12099 82762 12099 82800
314399 12101 103667 28895 12101 82748 12101 82800
257374 12103 13216 7843 12103 82733 12103 82800
191448 12105 71387 48311 12105 82703 12105 82800
285973 12107 100360 8312 12107 82754 12107 82800
336744 12111 4378 16575 12111 82766 12111 82800
254841 12118 10160 72464 12118 82651 12118 82800
299798 12125 117660 3617 12125 82780 12125 82800
76443 12134 11071 1569 12134 82762 12134 82800
269440 12159 11437 70713 12159 82694 12159 82800
74786 12177 130752 14490 12177 82771 12177 82800
305849 12192 61970 62136 12192 82704 12192 82800
78786 12213 14615 85424 12213 82703 12213 82800
40729 12217 10424 16354 12217 82739 12217 82800
54363 12221 130911 11304 12221 82767 12221 82800
39937 12223 65331 35956 12223 82673 12223 82800
112738 12237 38803 10254 12237 82452 12237 82800
263855 12240 10350 12248 12240 82762 12240 82800
251832 12255 5837 36226 12255 82711 12255 82800
335841 12263 86178 14265 12263 82719 12263 82800
6529 12268 91512 14491 12268 82751 12268 82800
115201 12293 5423 100519 12293 82766 12293 82800
219483 12295 6376 12300 12295 82780 12295 82800
56616 12298 95335 8064 12298 82779 12298 82800
289799 12301 2983 10461 12301 82731 12301 82800
125552 12309 104709 11305 12309 82757 12309 82800
33499 12313 4086 12088 12313 82781 12313 82800
168380 12323 1839 11316 12323 82736 12323 82800
111840 12325 8312 11841 12325 82774 12325 82800
27636 12333 12826 123880 12333 82779 12333 82800
226316 12335 85466 3621 12335 82783 12335 82800
197075 12360 17206 130530 12360 82760 12360 82800
281745 12367 128753 3118 12367 82783 12367 82800
179849 12371 4997 126826 12371 82766 12371 82800
117669 12381 10169 85369 12381 82732 12381 82800
302615 12388 78057 8240 12388 82767 12388 82800
141271 12390 16581 14544 12390 82778 12390 82800
176124 12394 18639 48311 12394 82769 12394 82800
112263 12407 9434 15496 12407 82726 12407 82800
30702 12420 3381 9486 12420 82721 12420 82800
328578 12426 4045 103759 12426 82763 12426 82800
263092 12434 95360 8306 12434 82774 12434 82800
268026 12439 62235 1844 12439 82477 12439 82800
86881 12445 8238 11557 12445 82779 12445 82800
52532 12458 87175 10869 12458 82748 12458 82800
153745 12468 13043 100447 12468 82744 12468 82800
72324 12476 7146 7893 12476 82774 12476 82800
91553 12495 11699 112041 12495 82749 12495 82800
86268 12501 11195 80428 12501 82779 12501 82800
169636 12507 4086 91508 12507 82775 12507 82800
221878 12513 38236 10041 12513 82748 12513 82800
133601 12519 8301 5267 12519 82665 12519 82800
200568 12532 73362 62155 12532 82411 12532 82800
111382 12540 4367 528 12540 82772 12540 82800
120352 12547 45463 7140 12547 82752 12547 82800
24851 12556 5423 44282 12556 82766 12556 82800
304741 12563 100250 2960 12563 82652 12563 82800
23624 12576 17218 116350 12576 82774 12576 82800
2161 12582 10160 10271 12582 82763 12582 82800
149503 12587 85476 16907 12587 82746 12587 82800
322279 12654 36300 103999 12654 82741 12654 82800
171701 12658 7836 11861 12658 82747 12658 82800
239961 12671 104761 9899 12671 82761 12671 82800
10127 12679 36094 36023 12679 82724 12679 82800
315242 12685 12274 5489 12685 82769 12685 82800
129330 12688 8312 12076 12688 82777 12688 82800
313266 12690 9488 3123 12690 82761 12690 82800
47474 12700 91205 6662 12700 82746 12700 82800
121389 12707 53521 39988 12707 82754 12707 82800
330440 12709 7348 10050 12709 82744 12709 82800
17418 12729 4100 7973 12729 82758 12729 82800
226317 12732 6783 15808 12732 82755 12732 82800
325513 12745 91421 123624 12745 82760 12745 82800
52009 12749 128911 96661 12749 82774 12749 82800
97403 12761 126596 6728 12761 82509 12761 82800
295616 12773 85420 123213 12773 82776 12773 82800
329117 12776 91530 126618 12776 82710 12776 82800
245626 12787 2809 7794 12787 82762 12787 82800
27096 12791 5192 7857 12791 82726 12791 82800
140665 12793 9366 11301 12793 82761 12793 82800
10706 12797 127014 109715 12797 82730 12797 82800
301933 12807 38062 3861 12807 82775 12807 82800
37480 12817 3619 10269 12817 82743 12817 82800
340701 12823 18059 5424 12823 82774 12823 82800
147063 12827 5423 9514 12827 82777 12827 82800
317911 12830 95343 8081 12830 82759 12830 82800
250202 12860 36014 68072 12860 82719 12860 82800
176125 12876 7673 95434 12876 82759 12876 82800
218669 12889 10043 10161 12889 82760 12889 82800
211513 12903 62108 22443 12903 82700 12903 82800
32077 12919 35331 11670 12919 82744 12919 82800
204042 12925 109607 22469 12925 82646 12925 82800
225672 12936 85458 16744 12936 82726 12936 82800
306471 12944 70110 18277 12944 82733 12944 82800
287304 12966 93806 5421 12966 82779 12966 82800
175210 12976 12970 11894 12976 82744 12976 82800
134961 12980 11435 5792 12980 82734 12980 82800
92042 12985 85466 10045 12985 82775 12985 82800
302616 12998 100389 7094 12998 82759 12998 82800
160314 13004 18639 126342 13004 82755 13004 82800
56617 13019 11862 10170 13019 82778 13019 82800
280112 13042 130716 3510 13042 82673 13042 82800
208150 13065 18352 103577 13065 82771 13065 82800
55203 13079 33593 64492 13079 82596 13079 82800
8113 13085 16773 3376 13085 82772 13085 82800
207489 13093 18639 4248 13093 82776 13093 82800
52533 13112 2948 11386 13112 82761 13112 82800
65484 13117 103577 131003 13117 82732 13117 82800
2162 13132 5571 10421 13132 82753 13132 82800
321821 13145 18513 95224 13145 82772 13145 82800
223323 13153 9903 7099 13153 82763 13153 82800
332430 13162 11558 9439 13162 82770 13162 82800
263856 13171 106771 125067 13171 82747 13171 82800
309308 13177 12223 10170 13177 82756 13177 82800
85765 13193 4191 35751 13193 82768 13193 82800
311649 13195 11422 85389 13195 82758 13195 82800
46415 13202 45612 91512 13202 82760 13202 82800
108232 13204 10697 6723 13204 82776 13204 82800
185991 13213 53536 9889 13213 82780 13213 82800
145138 13223 14801 61860 13223 82671 13223 82800
77261 13225 2813 5927 13225 82735 13225 82800
282803 13227 8318 11841 13227 82762 13227 82800
28698 13240 55685 8303 13240 82721 13240 82800
314400 13242 14069 3620 13242 82756 13242 82800
129331 13247 65749 4366 13247 82716 13247 82800
53208 13249 2848 53539 13249 82759 13249 82800
277869 13256 91205 1941 13256 82684 13256 82800
328579 13282 6885 6804 13282 82729 13282 82800
300403 13292 1555 9903 13292 82711 13292 82800
36696 13296 4897 5395 13296 82777 13296 82800
277238 13318 109534 23830 13318 82713 13318 82800
238840 13321 129396 11560 13321 82755 13321 82800
89472 13324 14804 15363 13324 82679 13324 82800
43607 13331 18352 91506 13331 82783 13331 82800
322280 13336 8847 8375 13336 82768 13336 82800
162478 13346 11194 14773 13346 82761 13346 82800
280618 13350 36202 35730 13350 82696 13350 82800
63544 13354 102047 15534 13354 82778 13354 82800
71551 13362 13658 120312 13362 82736 13362 82800
203299 13382 7887 6678 13382 82734 13382 82800
132555 13390 120274 112078 13390 82756 13390 82800
38568 13394 103999 3380 13394 82771 13394 82800
27637 13396 6724 35937 13396 82732 13396 82800
155168 13412 65315 104328 13412 82752 13412 82800
325175 13417 91496 91492 13417 82770 13417 82800
251020 13419 96650 57962 13419 82756 13419 82800
61010 13429 17038 7759 13429 82754 13429 82800
176838 13433 33568 4669 13433 82726 13433 82800
116083 13440 12090 5454 13440 82761 13440 82800
215922 13442 129266 96982 13442 82777 13442 82800
239516 13449 35780 16532 13449 82744 13449 82800
3981 13460 62088 64492 13460 82591 13460 82800
105480 13464 91507 45669 13464 82748 13464 82800
76444 13474 3117 11770 13474 82730 13474 82800
222587 13479 62170 64492 13479 82597 13479 82800
291229 13500 117657 9903 13500 82769 13500 82800
41864 13504 14658 36015 13504 82675 13504 82800
213981 13532 10132 5187 13532 82759 13532 82800
11248 13542 84168 17688 13542 82752 13542 82800
121390 13544 5423 48309 13544 82735 13544 82800
264505 13556 104710 5425 13556 82742 13556 82800
19241 13561 9432 14793 13561 82731 13561 82800
272434 13577 11301 2114 13577 82758 13577 82800
185246 13592 3619 91512 13592 82751 13592 82800
141272 13610 1437 9373 13610 82769 13610 82800
39938 13617 36012 85373 13617 82702 13617 82800
96006 13620 103999 95344 13620 82758 13620 82800
179251 13623 128753 18473 13623 82759 13623 82800
285237 13636 100404 15187 13636 82757 13636 82800
168381 13649 7797 77957 13649 82755 13649 82800
297006 13664 2810 11750 13664 82744 13664 82800
214588 13670 91512 80295 13670 82743 13670 82800
260224 13680 129396 35753 13680 82733 13680 82800
331584 13689 77794 100521 13689 82765 13689 82800
221172 13697 85451 4101 13697 82771 13697 82800
245627 13703 11373 10049 13703 82776 13703 82800
160315 13713 5454 130928 13713 82777 13713 82800
236304 13726 16820 100352 13726 82742 13726 82800
112739 13748 10254 11425 13748 82736 13748 82800
173748 13757 4738 120288 13757 82743 13757 82800
120353 13768 100466 2847 13768 82782 13768 82800
169637 13771 128250 6796 13771 82776 13771 82800
80085 13784 4871 5007 13784 82780 13784 82800
63545 13803 35773 10977 13803 82670 13803 82800
2163 13807 16318 4788 13807 82760 13807 82800
54364 13820 8327 8321 13820 82782 13820 82800
306472 13839 3380 18368 13839 82741 13839 82800
125554 13851 100433 4367 13851 82761 13851 82800
122079 13858 13210 11871 13858 82760 13858 82800
218670 13871 6374 14658 13871 82731 13871 82800
186710 13875 11438 95817 13875 82765 13875 82800
12574 13887 15185 3515 13887 82748 13887 82800
317286 13889 4744 7954 13889 82762 13889 82800
27097 13895 6156 18843 13895 82760 13895 82800
162479 13898 44666 6157 13898 82774 13898 82800
240724 13918 10050 7844 13918 82749 13918 82800
289151 13930 484 127444 13930 82764 13930 82800
127249 13964 5865 18640 13964 82782 13964 82800
14642 13981 3128 4388 13981 82745 13981 82800
207490 13999 16912 2945 13999 82770 13999 82800
199902 14001 6378 14015 14001 82744 14001 82800
192244 14006 11774 10043 14006 82764 14006 82800
38569 14021 100372 8313 14021 82749 14021 82800
11941 14035 36201 91567 14035 82763 14035 82800
259440 14050 3509 12081 14050 82778 14050 82800
110239 14091 11370 12246 14091 82762 14091 82800
212242 14106 3383 38060 14106 82781 14106 82800
66942 14134 65331 128388 14134 82764 14134 82800
25619 14141 129015 125121 14141 82780 14141 82800
301090 14148 62222 35070 14148 82742 14148 82800
37481 14164 77947 7887 14164 82781 14164 82800
314401 14173 35751 8316 14173 82780 14173 82800
217882 14195 10654 111914 14195 82769 14195 82800
314059 14204 100360 14007 14204 82779 14204 82800
246307 14242 4242 14797 14242 82782 14242 82800
242674 14268 9903 10039 14268 82782 14268 82800
242151 42673 16877 23179 42673 82780 42673 82800
167065 42675 82158 62154 42675 82770 42675 82800
184521 42686 6226 93915 42686 82615 42686 82800
213982 42709 62194 62146 42709 82762 42709 82800
21388 42731 85465 3114 42731 82753 42731 82800
126754 42797 104606 123515 42797 82759 42797 82800
211514 42903 3134 130823 42903 82753 42903 82800
150447 42917 3509 100470 42917 82729 42917 82800
253624 42974 129440 10034 42974 82763 42974 82800
53726 43072 11417 85444 43072 82743 43072 82800
147795 43075 13232 1826 43075 82761 43075 82800
221881 43157 100485 11509 43157 82772 43157 82800
213237 43233 85393 129817 43233 82757 43233 82800
299799 43315 126200 85472 43315 82774 43315 82800
173749 43361 2653 18114 43361 82732 43361 82800
39939 43442 101199 46424 43442 82756 43442 82800
44417 43531 4245 9902 43531 82783 43531 82800
151850 43543 4105 1400 43543 82777 43543 82800
140015 64254 8312 85125 64254 82766 64254 82800
132556 64256 16988 34445 64256 82767 64256 82800
287305 64258 4793 4730 64258 82760 64258 82800
133602 64260 70108 10270 64260 82754 64260 82800
87596 64262 9560 11670 64262 82766 64262 82800
319824 64264 18627 7925 64264 82706 64264 82800
327120 64268 125966 10092 64268 82779 64268 82800
239517 64270 10255 55538 64270 82749 64270 82800
137418 64272 11869 3154 64272 82771 64272 82800
285238 64274 46445 126181 64274 82754 64274 82800
235158 64276 59318 54764 64276 82567 64276 82800
78787 64278 2504 3143 64278 82742 64278 82800
106943 64280 101211 104780 64280 82771 64280 82800
111844 64282 71453 3118 64282 82652 64282 82800
209604 64285 5566 7086 64285 82781 64285 82800
89474 64287 87633 77804 64287 82758 64287 82800
115203 64292 1469 7880 64292 82672 64292 82800
141273 64294 14396 8930 64294 82774 64294 82800
179851 64296 7962 91541 64296 82751 64296 82800
190799 64298 54050 85094 64298 82631 64298 82800
108780 64300 1448 6088 64300 82765 64300 82800
210846 64302 104809 130823 64302 82779 64302 82800
307027 64304 123434 109964 64304 82757 64304 82800
196189 64306 8081 35965 64306 82725 64306 82800
331216 64308 91489 2151 64308 82756 64308 82800
297721 64310 9551 4757 64310 82760 64310 82800
217883 64312 86200 13152 64312 82742 64312 82800
236918 64314 18599 16583 64314 82734 64314 82800
292021 64316 5784 131090 64316 82729 64316 82800
112264 64318 71120 3385 64318 82727 64318 82800
13989 64320 109461 107553 64320 82575 64320 82800
194994 64322 57921 64492 64322 82602 64322 82800
299120 64324 14395 18201 64324 82732 64324 82800
251833 64326 3116 10270 64326 82752 64326 82800
55896 64328 46439 11300 64328 82719 64328 82800
65485 64331 7086 3147 64331 82731 64331 82800
148242 64333 35958 35943 64333 82769 64333 82800
52010 64340 17105 13398 64340 82713 64340 82800
114524 64359 123801 10050 64359 82718 64359 82800
160934 64375 5547 11440 64375 82762 64375 82800
60293 64381 6392 77411 64381 82767 64381 82800
57299 64393 109934 9563 64393 82747 64393 82800
153746 64402 62158 33761 64402 82737 64402 82800
181605 64416 9488 95360 64416 82746 64416 82800
198447 64436 86068 114707 64436 82741 64436 82800
318593 64478 111680 14655 64478 82726 64478 82800
139261 64480 95335 8316 64480 82740 64480 82800
100863 64485 85358 3684 64485 82751 64485 82800
142698 64513 53542 3115 64513 82772 64513 82800
80836 64519 109472 83784 64519 82631 64519 82800
20631 64532 6372 87663 64532 82732 64532 82800
71552 64549 16098 35997 64549 82746 64549 82800
177311 64557 8208 44282 64557 82760 64557 82800
176126 64570 11435 35939 64570 82739 64570 82800
98181 64590 13214 109713 64590 82733 64590 82800
186711 64610 125607 4659 64610 82750 64610 82800
228794 64623 120102 8227 64623 82772 64623 82800
224289 64634 33948 3512 64634 82403 64634 82800
123314 64643 10274 5546 64643 82743 64643 82800
318203 64649 109472 93915 64649 82314 64649 82800
188096 64659 100394 80285 64659 82713 64659 82800
35083 64672 35693 2720 64672 82775 64672 82800
66280 64687 4249 12729 64687 82771 64687 82800
233936 64689 9482 2515 64689 82640 64689 82800
19242 64711 5420 126618 64711 82709 64711 82800
319062 64715 10098 120233 64715 82757 64715 82800
49724 64750 109571 64492 64750 82599 64750 82800
305850 64758 35767 11929 64758 82775 64758 82800
162480 64772 10697 4748 64772 82758 64772 82800
122659 64775 85393 58636 64775 82775 64775 82800
221173 64778 103578 77793 64778 82761 64778 82800
254842 64790 8317 8300 64790 82775 64790 82800
151146 64803 114475 2260 64803 82779 64803 82800
317913 64817 11509 53529 64817 82751 64817 82800
166441 64834 109889 10165 64834 82771 64834 82800
7353 64849 11965 6886 64849 82774 64849 82800
303853 64853 2656 7883 64853 82764 64853 82800
252976 64855 2859 10306 64855 82634 64855 82800
36075 64860 130810 100479 64860 82756 64860 82800
179852 64877 8238 2130 64877 82742 64877 82800
17420 64894 3135 130720 64894 82747 64894 82800
231684 64923 7880 3115 64923 82781 64923 82800
164362 64930 114701 9434 64930 82774 64930 82800
120902 64942 96982 15631 64942 82731 64942 82800
113797 64947 18431 3376 64947 82713 64947 82800
297722 64959 8328 104874 64959 82736 64959 82800
299121 64997 4791 6736 64997 82768 64997 82800
45165 65017 11507 11199 65017 82734 65017 82800
294164 65029 35717 15808 65029 82762 65029 82800
326097 65033 3117 7347 65033 82765 65033 82800
337918 65048 7648 3118 65048 82777 65048 82800
210847 65059 131090 35755 65059 82766 65059 82800
39223 65081 9903 64183 65081 82764 65081 82800
199903 65091 12225 2482 65091 82696 65091 82800
321823 65094 98641 10095 65094 82772 65094 82800
200569 65113 109467 93559 65113 82723 65113 82800
145139 65115 5194 116364 65115 82752 65115 82800
14643 65150 11395 55624 65150 82778 65150 82800
149505 65168 62222 64492 65168 82586 65168 82800
287306 65175 102047 6367 65175 82776 65175 82800
29390 65192 2763 24415 65192 82712 65192 82800
88244 65196 4381 3148 65196 82780 65196 82800
220437 65199 7102 20915 65199 82523 65199 82800
100864 65209 128911 123194 65209 82739 65209 82800
247595 65212 5546 130771 65212 82775 65212 82800
141274 65222 18352 7476 65222 82632 65222 82800
265896 65226 103790 39628 65226 82510 65226 82800
108781 65233 36000 4748 65233 82722 65233 82800
206757 65246 44378 9903 65246 82456 65246 82800
163791 65267 65225 87362 65267 82771 65267 82800
208770 65275 3117 77788 65275 82758 65275 82800
39940 65298 3134 5582 65298 82766 65298 82800
339788 65309 14259 4738 65309 82749 65309 82800
175213 65325 100518 4756 65325 82734 65325 82800
218671 65361 7116 10697 65361 82769 65361 82800
177312 65364 100504 4611 65364 82713 65364 82800
251021 65383 16300 96765 65383 82740 65383 82800
174430 65400 8509 39988 65400 82770 65400 82800
324752 65425 7796 4245 65425 82773 65425 82800
111845 65441 9889 4736 65441 82763 65441 82800
65486 65451 7338 96545 65451 82712 65451 82800
95482 65476 109598 13802 65476 82460 65476 82800
169639 65496 65325 11907 65496 82702 65496 82800
115204 65504 10351 8316 65504 82775 65504 82800
247596 65535 87175 91502 65535 82769 65535 82800
71553 65541 7336 62147 65541 82385 65541 82800
239519 65550 36000 91493 65550 82698 65550 82800
256234 65597 5781 35994 65597 82739 65597 82800
188794 65618 3508 62054 65618 82398 65618 82800
32726 65624 61970 64492 65624 82609 65624 82800
170473 65636 6802 12763 65636 82732 65636 82800
239964 65650 2495 7647 65650 82776 65650 82800
159803 65652 7685 14071 65652 82732 65652 82800
140667 65661 100485 4668 65661 82746 65661 82800
290502 65664 128583 91487 65664 82759 65664 82800
176127 65683 35985 42277 65683 82729 65683 82800
269441 65693 8029 15513 65693 82690 65693 82800
36076 65700 8205 6728 65700 82652 65700 82800
86884 65709 3117 1935 65709 82712 65709 82800
20632 65715 65531 7831 65715 82763 65715 82800
242676 65725 14804 55524 65725 82727 65725 82800
230892 65742 4676 14799 65742 82730 65742 82800
5907 65779 91552 10275 65779 82755 65779 82800
246308 65796 62172 130823 65796 82428 65796 82800
66944 65805 36226 3376 65805 82775 65805 82800
17421 65832 8312 9889 65832 82766 65832 82800
242153 65840 2576 96985 65840 82774 65840 82800
213238 65845 40778 85419 65845 82755 65845 82800
319063 65854 5423 9292 65854 82780 65854 82800
288577 65890 130752 96392 65890 82780 65890 82800
289800 65902 3142 129012 65902 82778 65902 82800
36697 65921 5548 12974 65921 82777 65921 82800
148243 65930 14777 7103 65930 82780 65930 82800
294165 65937 57132 15191 65937 82771 65937 82800
46416 65945 100422 9553 65945 82765 65945 82800
117670 65960 87636 123624 65960 82757 65960 82800
267275 65976 1950 101209 65976 82667 65976 82800
297008 65987 11195 11346 65987 82776 65987 82800
144502 65993 96982 14802 65993 82782 65993 82800
193557 65997 12668 9318 65997 82763 65997 82800
215187 66001 8330 5865 66001 82739 66001 82800
19902 66007 9904 2143 66007 82767 66007 82800
8116 66035 2570 15631 66035 82728 66035 82800
163792 66048 13398 35996 66048 82670 66048 82800
188097 66060 66159 8311 66060 82735 66060 82800
330441 66064 2041 62141 66064 82415 66064 82800
158215 66072 4792 5470 66072 82757 66072 82800
308545 66082 4331 4248 66082 82711 66082 82800
133604 66088 10048 35950 66088 82723 66088 82800
233937 66100 9196 100735 66100 82740 66100 82800
204720 66114 7090 3113 66114 82769 66114 82800
298411 66128 15851 4757 66128 82729 66128 82800
56620 66165 3117 7648 66165 82781 66165 82800
256860 66176 11887 8305 66176 82738 66176 82800
190800 66187 11440 7148 66187 82748 66187 82800
223325 66219 43464 117660 66219 82780 66219 82800
87597 66226 7338 9558 66226 82758 66226 82800
158752 66236 36051 36065 66236 82766 66236 82800
132121 66245 9349 114990 66245 82678 66245 82800
263094 66255 6085 104780 66255 82751 66255 82800
196190 66296 35954 59494 66296 82671 66296 82800
153043 66315 65333 95435 66315 82760 66315 82800
30705 66327 12972 3117 66327 82778 66327 82800
168938 66357 117111 5490 66357 82763 66357 82800
207491 66363 16875 4161 66363 82671 66363 82800
273533 66371 35833 91502 66371 82735 66371 82800
164363 66388 45459 7962 66388 82756 66388 82800
136039 66391 66153 5865 66391 82731 66391 82800
245629 66404 16862 105052 66404 82749 66404 82800
175214 66418 11944 3385 66418 82724 66418 82800
282805 66429 11383 15186 66429 82764 66429 82800
278499 66464 65531 93915 66464 82627 66464 82800
170474 66469 121454 7103 66469 82752 66469 82800
292022 66493 9366 3619 66493 82759 66493 82800
159804 66507 121454 104764 66507 82755 66507 82800
229400 66515 4738 2978 66515 82743 66515 82800
299800 66531 109584 82660 66531 82750 66531 82800
313662 66549 70402 36073 66549 82739 66549 82800
319825 66561 43233 8238 66561 82768 66561 82800
90028 66575 10098 11301 66575 82758 66575 82800
212243 66583 50064 3114 66583 82708 66583 82800
182874 66586 3125 130823 66586 82779 66586 82800
199225 66595 42282 5472 66595 82758 66595 82800
101598 66605 6948 11448 66605 82774 66605 82800
37482 66618 11403 5199 66618 82769 66618 82800
60295 66627 13389 130810 66627 82728 66627 82800
151147 66634 100433 4737 66634 82767 66634 82800
226970 66646 72678 10162 66646 82723 66646 82800
328230 66648 14793 82114 66648 82755 66648 82800
61012 66662 125966 7087 66662 82782 66662 82800
131422 66686 6368 8230 66686 82748 66686 82800
128468 66710 4373 10696 66710 82736 66710 82800
96754 66712 520 107201 66712 82755 66712 82800
151852 66716 85358 129688 66716 82771 66716 82800
268653 66723 5778 6934 66723 82743 66723 82800
288578 66732 8317 4085 66732 82765 66732 82800
184524 66735 9480 18431 66735 82771 66735 82800
20633 66743 121555 65355 66743 82755 66743 82800
304743 66750 6723 88697 66750 82697 66750 82800
215188 66771 51781 48296 66771 82760 66771 82800
204721 66798 12763 14807 66798 82749 66798 82800
43611 66803 5548 11752 66803 82781 66803 82800
210849 66818 86224 5548 66818 82748 66818 82800
258098 66826 5549 11752 66826 82782 66826 82800
176128 66849 4248 83308 66849 82742 66849 82800
154627 66868 36042 36301 66868 82760 66868 82800
167066 66881 62102 64492 66881 82584 66881 82800
145140 66885 4237 14069 66885 82781 66885 82800
129934 66891 130530 3132 66891 82770 66891 82800
285977 66900 4090 11372 66900 82770 66900 82800
120355 66906 5193 7685 66906 82734 66906 82800
271223 66916 7348 91492 66916 82779 66916 82800
331586 66919 36316 11990 66919 82767 66919 82800
19903 66924 11436 14493 66924 82755 66924 82800
221174 66939 4235 103761 66939 82769 66939 82800
319826 66950 36227 106778 66950 82762 66950 82800
269442 66952 1558 7569 66952 82750 66952 82800
148244 66965 103759 6772 66965 82763 66965 82800
208151 66973 96982 86203 66973 82761 66973 82800
167697 67001 35912 9191 67001 82730 67001 82800
264506 67012 12298 55536 67012 82775 67012 82800
176839 67014 1434 91489 67014 82738 67014 82800
272435 67024 11967 7970 67024 82765 67024 82800
67499 67051 8468 7665 67051 82774 67051 82800
22245 67064 18371 86761 67064 82671 67064 82800
315685 67076 85468 8299 67076 82745 67076 82800
305851 67085 114475 105088 67085 82760 67085 82800
158753 67108 10671 8331 67108 82688 67108 82800
324753 67123 71756 104810 67123 82756 67123 82800
258099 67157 11846 95435 67157 82774 67157 82800
247597 67168 5548 95434 67168 82769 67168 82800
171203 67179 104606 11880 67179 82745 67179 82800
246939 67200 16356 65494 67200 82765 67200 82800
61013 67213 4730 8315 67213 82778 67213 82800
94798 67215 100463 11943 67215 82738 67215 82800
117671 67220 103926 9560 67220 82737 67220 82800
109490 67222 9903 121555 67222 82782 67222 82800
219485 67227 4234 11414 67227 82752 67227 82800
97406 67235 5471 18616 67235 82756 67235 82800
106223 67242 7476 88894 67242 82695 67242 82800
16209 67267 7264 71448 67267 82700 67267 82800
156885 67270 118261 14022 67270 82754 67270 82800
280115 67280 11414 130530 67280 82771 67280 82800
303855 67286 8086 9434 67286 82736 67286 82800
202045 67294 4249 18356 67294 82759 67294 82800
256861 67300 95358 86215 67300 82772 67300 82800
99705 67322 85393 3149 67322 82751 67322 82800
236307 67343 4076 11197 67343 82779 67343 82800
282806 67350 4748 35941 67350 82746 67350 82800
60296 67357 10098 3620 67357 82755 67357 82800
29391 67367 49814 10479 67367 82772 67367 82800
305232 67413 2948 16583 67413 82756 67413 82800
123315 67426 53544 5571 67426 82760 67426 82800
78029 67465 130823 9903 67465 82772 67465 82800
154628 67473 10009 3140 67473 82765 67473 82800
136040 67478 53532 10696 67478 82777 67478 82800
10130 67518 11875 10467 67518 82756 67518 82800
322907 67528 3114 7348 67528 82758 67528 82800
168939 67543 5770 11509 67543 82760 67543 82800
211515 67563 10262 1173 67563 82780 67563 82800
271224 67618 3121 128135 67618 82779 67618 82800
190213 67629 106556 69649 67629 82764 67629 82800
85069 67635 7667 11965 67635 82773 67635 82800
153044 67641 7883 2854 67641 82778 67641 82800
294930 67657 5419 87300 67657 82772 67657 82800
177808 67671 7102 6795 67671 82759 67671 82800
8117 67676 129537 5548 67676 82767 67676 82800
263096 67727 70110 87635 67727 82781 67727 82800
17423 67741 8304 6782 67741 82778 67741 82800
-1
