T.currentTimePoint	profit	revenueParcel	revenuePeople	cost	totalTravelDistance	discount	nbParcelComplete	nbPeopleComplete	nbParcelServed	nbPeopleServed	nbParcelOnBoard	nbPeopleOnBoard	nbParcelWaitBoarding	nbPeopleWaitBoarding	nbParcelRejects	nbPeopleRejects	nbParcelRequestsProcessed	nbPeopleRequestsProcessed	#running taxis
10	0	0	0	0	0	0	0	0	0	0	0	0	1	0	0	0	1	0	0
20	-0.19	0	0	0.19	0.24	0	0	0	0	0	0	0	2	0	0	0	1	1	1
30	-0.6	0	0	0.6	0.75	0	0	0	0	0	0	0	3	0	0	0	2	1	2
40	-1.18	0	0	1.18	1.47	0	0	0	0	0	0	0	4	0	0	0	2	2	3
50	-1.79	0	0	1.79	2.23	0	0	0	0	0	0	0	8	0	0	0	4	4	3
60	-2.76	0	0	2.76	3.45	0	0	0	0	0	0	0	9	0	0	0	5	4	5
70	-3.88	0	0	3.88	4.85	0	0	0	0	0	0	0	11	0	0	0	6	5	6
80	-5.32	0	0	5.32	6.65	0	0	0	0	0	0	0	13	0	0	0	7	6	7
90	-6.71	0	0	6.71	8.39	0	0	0	0	0	0	0	16	0	0	0	8	8	8
100	-8.45	0	0	8.45	10.56	0	0	0	0	0	0	0	19	0	0	0	10	9	10
110	-9.97	0	0	9.97	12.46	0	0	0	0	0	0	0	21	0	0	0	11	10	10
120	-11.34	0	0	11.34	14.17	0	0	0	2	2	2	2	22	0	1	3	13	13	10
130	-12.28	0	0	12.28	15.35	0	0	0	3	2	3	2	22	0	1	3	13	13	10
140	-13.19	0	0	13.19	16.49	0	0	0	3	2	3	2	25	0	1	3	15	14	10
150	-14.52	0	0	14.52	18.15	0	0	0	3	3	3	3	28	0	1	3	16	16	12
160	-17	0	0	17	21.25	0	0	0	3	3	3	3	29	0	1	3	17	16	13
170	-19.56	0	0	19.56	24.46	0	0	0	3	3	3	3	30	0	1	5	18	18	14
180	-22.27	0	0	22.27	27.84	0	0	0	3	3	3	3	34	0	2	5	21	20	15
190	-25.35	0	0	25.35	31.69	0	0	0	3	3	3	3	36	0	3	9	24	24	17
200	-28.62	0	0	28.62	35.78	0	0	0	3	3	3	3	37	0	3	9	25	24	19
210	-31.64	0	0	31.64	39.55	0	0	0	6	3	6	3	39	0	4	13	28	28	19
220	-34.63	0	0	34.63	43.28	0	0	0	7	3	7	3	39	0	4	13	28	28	20
230	-33.76	3.66	0	37.42	46.78	0	1	0	7	3	6	3	39	0	4	13	28	28	20
240	-30.2	3.66	6.55	40.41	50.52	0	1	1	8	3	7	2	43	0	5	13	31	30	20
250	-24.88	3.66	14.97	43.51	54.39	0	1	2	9	3	8	1	45	0	5	13	32	31	20
260	-28.03	3.66	14.97	46.66	58.33	0	1	2	10	3	9	1	47	0	5	13	33	32	21
270	-31.27	3.66	14.97	49.9	62.38	0	1	2	10	3	9	1	49	0	5	13	34	33	22
280	-35.4	3.66	14.97	54.03	67.54	0	1	2	11	3	10	1	51	0	5	13	35	34	23
290	-39.6	3.66	14.97	58.23	72.79	0	1	2	11	3	10	1	54	0	5	13	36	36	24
300	-43.47	3.66	14.97	62.11	77.64	0	1	2	11	3	10	1	57	0	7	13	39	38	24
310	-47.23	3.66	14.97	65.87	82.33	0	1	2	12	4	11	2	59	0	7	13	40	39	24
320	-51	3.66	14.97	69.63	87.04	0	1	2	12	4	11	2	60	0	7	13	40	40	25
330	-54.82	3.66	14.97	73.45	91.82	0	1	2	12	5	11	3	64	0	7	13	42	42	25
340	-55.21	7.57	14.97	77.75	97.19	0	2	2	12	5	10	3	65	0	7	13	43	42	29
350	-56.15	11.17	14.97	82.3	102.87	0	3	2	12	5	9	3	68	0	7	13	44	44	29
360	-60.54	11.17	14.97	86.69	108.36	0	3	2	12	5	9	3	72	0	7	13	46	46	29
370	-50.72	11.17	29.54	91.43	114.28	0	3	3	12	5	9	2	73	0	7	13	47	46	30
380	-50.22	15.81	29.54	95.57	119.47	0	4	3	13	6	9	3	74	0	7	15	48	48	30
390	-54.39	15.81	29.54	99.74	124.68	0	4	3	13	6	9	3	78	0	7	15	50	50	31
400	-59.33	15.81	29.54	104.68	130.85	0	4	3	15	6	11	3	80	0	7	15	51	51	32
410	-59.05	20.63	29.54	109.21	136.52	0	5	3	15	6	10	3	83	0	7	15	53	52	32
420	-63.7	20.63	29.54	113.87	142.33	0	5	3	15	6	10	3	84	0	7	17	54	54	33
430	-68.54	20.63	29.54	118.7	148.38	0	5	3	16	7	11	4	86	0	8	19	57	56	33
440	-73.24	20.63	29.54	123.4	154.25	0	5	3	16	9	11	6	89	0	8	19	58	58	34
450	-77.89	20.63	29.54	128.05	160.06	0	5	3	17	9	12	6	90	0	8	19	59	58	34
460	-82.9	20.63	29.54	133.06	166.33	0	5	3	18	9	13	6	92	0	8	19	60	59	35
470	-87.97	20.63	29.54	138.14	172.67	0	5	3	18	10	13	7	96	0	8	19	62	61	35
480	-93.67	20.63	29.54	143.84	179.79	0	5	3	18	11	13	8	98	0	8	19	63	62	37
490	-98.83	20.63	29.54	148.99	186.24	0	5	3	19	11	14	8	101	0	8	19	64	64	38
500	-104.61	20.63	29.54	154.77	193.47	0	5	3	19	11	14	8	103	0	8	19	65	65	39
510	-110.01	20.63	29.54	160.17	200.21	0	5	3	21	11	16	8	104	0	8	19	66	65	39
520	-115.38	20.63	29.54	165.54	206.93	0	5	3	22	11	17	8	107	0	8	19	67	67	39
530	-120.69	20.63	29.54	170.85	213.57	0	5	3	22	11	17	8	108	0	8	19	68	67	40
540	-112.16	23.95	39.8	175.91	219.89	0	6	4	23	12	17	8	110	0	8	22	70	70	40
550	-94.98	33.19	52.84	181.01	226.27	0	7	5	23	12	16	7	114	0	8	22	72	72	41
560	-100.2	33.19	52.84	186.23	232.79	0	7	5	24	13	17	8	115	0	8	22	73	72	44
570	-96.95	33.19	61.33	191.48	239.34	0	7	6	27	13	20	7	116	0	8	22	73	73	44
580	-102.48	33.19	61.33	197	246.26	0	7	6	28	13	21	7	118	0	8	22	74	74	44
590	-101.11	33.19	68.73	203.03	253.78	0	7	7	28	15	21	8	118	0	8	22	74	74	44
600	-95.98	33.19	79.55	208.72	260.9	0	7	8	28	16	21	8	119	0	8	22	75	74	44
610	-84.36	33.19	97.14	214.69	268.37	0	7	9	29	16	22	7	122	0	8	22	76	76	45
620	-85.61	37.96	97.14	220.7	275.88	0	8	9	30	17	22	8	123	0	8	22	77	76	45
630	-91.65	37.96	97.14	226.75	283.44	0	8	9	30	17	22	8	124	0	8	22	77	77	45
640	-97.66	37.96	97.14	232.76	290.95	0	8	9	30	17	22	8	125	0	8	22	78	77	45
650	-92	37.96	108.53	238.49	298.11	0	8	10	32	17	24	7	127	0	8	23	79	79	45
660	-93.96	42.11	108.53	244.61	305.76	0	9	10	32	21	23	11	128	0	8	23	80	79	46
670	-95.12	46.45	108.53	250.11	312.64	0	10	10	33	21	23	11	129	0	8	23	80	80	47
680	-100.5	46.45	108.53	255.49	319.36	0	10	10	35	22	25	12	129	0	8	23	80	80	47
690	-96.74	46.45	118.25	261.45	326.81	0	10	11	36	22	26	11	133	0	8	23	82	82	47
700	-99.33	49.81	118.25	267.39	334.24	0	11	11	36	22	25	11	134	0	8	23	83	82	48
710	-105.81	49.81	118.25	273.87	342.34	0	11	11	38	23	27	12	134	0	8	23	83	82	49
720	-112.44	49.81	118.25	280.49	350.62	0	11	11	38	25	27	14	136	0	8	25	85	84	49
730	-114.49	54.24	118.25	286.98	358.73	0	12	11	38	26	26	15	136	0	8	25	85	84	50
740	-101.13	54.24	137.63	293	366.25	0	12	13	39	27	27	14	139	0	8	25	86	86	50
750	-103.34	58.39	137.63	299.36	374.2	0	13	13	42	27	29	14	141	0	8	25	87	87	51
760	-104.65	62.91	137.63	305.19	381.48	0	14	13	42	27	28	14	141	0	8	25	87	87	51
770	-96.26	62.91	151.97	311.14	388.92	0	14	15	42	29	28	14	142	0	8	25	88	87	51
780	-102.37	62.91	151.97	317.25	396.57	0	14	15	43	29	29	14	145	0	8	25	89	89	51
790	-97	62.91	163.91	323.82	404.78	0	14	16	43	29	29	13	146	0	8	25	90	89	52
800	-97.5	69.11	163.91	330.53	413.16	0	15	16	44	30	29	14	149	0	8	25	91	91	52
810	-91	72.56	173.56	337.13	421.41	0	16	17	44	30	28	13	151	0	8	25	92	92	53
820	-93.56	76.31	173.56	343.44	429.3	0	17	17	45	31	28	14	152	0	8	25	93	92	53
830	-99.98	76.31	173.56	349.86	437.32	0	17	17	45	31	28	14	154	0	8	25	94	93	53
840	-106.64	76.31	173.56	356.52	445.65	0	17	17	45	31	28	14	156	0	8	25	95	94	53
850	-90.54	82.06	190.28	362.89	453.61	0	18	19	45	32	27	13	158	0	8	25	96	95	53
860	-97.27	82.06	190.28	369.62	462.02	0	18	19	45	34	27	15	159	0	8	25	96	96	54
870	-78.97	82.06	214.7	375.74	469.68	0	18	20	47	34	29	14	161	0	9	28	99	99	54
880	-57.96	86.3	237.66	381.93	477.41	0	19	22	47	34	28	12	162	0	9	28	100	99	56
890	-58.92	91.53	237.66	388.11	485.14	0	20	22	49	35	29	13	164	0	9	28	101	100	56
900	-61.1	95.46	237.66	394.23	492.79	0	21	22	51	38	30	16	166	0	9	28	102	101	57
910	-54.97	107.79	237.66	400.42	500.52	0	23	22	51	38	28	16	166	0	9	28	102	101	58
920	-51.73	117.05	237.66	406.45	508.07	0	25	22	51	40	26	18	167	0	9	28	102	102	58
930	-58.48	117.05	237.66	413.19	516.49	0	25	22	51	41	26	19	171	0	9	28	104	104	59
940	-30.35	124.33	265.29	419.97	524.96	0	26	24	53	43	27	19	171	0	9	28	104	104	60
950	-5.53	124.33	296.77	426.63	533.29	0	26	26	54	44	28	18	173	0	9	28	105	105	60
960	-5.27	124.33	303.86	433.46	541.82	0	26	27	56	44	30	17	177	0	9	28	107	107	60
970	-12.57	124.33	303.86	440.76	550.96	0	26	27	58	44	32	17	179	0	9	28	108	108	61
980	-13.98	124.33	310.2	448.51	560.64	0	26	28	59	45	33	17	181	0	9	28	109	109	62
990	-11.21	124.33	321.17	456.71	570.88	0	26	29	60	46	34	17	183	0	9	28	110	110	64
1000	-10.46	124.33	330.14	464.93	581.16	0	26	30	61	46	35	16	187	0	10	28	113	112	65
1010	-14.98	128.09	330.14	473.22	591.52	0	27	30	61	46	34	16	190	0	10	28	114	114	65
1020	-1.86	128.09	352.21	482.16	602.7	0	27	32	62	46	35	14	192	0	10	28	115	115	67
1030	-7.02	131.54	352.21	490.77	613.46	0	28	32	62	46	34	14	195	0	10	28	117	116	68
1040	-7.35	140.13	352.21	499.68	624.6	0	30	32	62	46	32	14	196	0	10	28	117	117	69
1050	-15.58	140.13	352.21	507.92	634.89	0	30	32	65	49	35	17	200	0	11	28	120	119	70
1060	-0.15	144.8	370.72	515.67	644.59	0	31	34	66	49	35	15	201	0	11	28	120	120	70
1070	20.96	155.6	388.5	523.15	653.93	0	33	36	66	51	33	15	202	0	11	28	121	120	71
1080	30.08	162.26	398.38	530.56	663.2	0	34	37	68	52	34	15	206	0	11	28	123	122	72
1090	25.37	165.55	398.38	538.56	673.2	0	35	37	69	55	34	18	210	0	11	28	125	124	73
1100	16.77	165.55	398.38	547.16	683.95	0	35	37	69	57	34	20	211	0	11	28	125	125	73
1110	7.93	165.55	398.38	556	694.99	0	35	37	70	57	35	20	215	0	11	28	127	127	74
1120	7.16	173.92	398.38	565.14	706.42	0	37	37	70	57	33	20	216	0	11	28	128	127	75
1130	2.49	178.81	398.38	574.7	718.37	0	38	37	71	58	33	21	217	0	11	28	128	128	75
1140	13.22	186.71	410.67	584.16	730.2	0	40	38	72	58	32	20	219	0	11	28	129	129	75
1150	4.58	186.71	410.67	592.8	741	0	40	38	74	59	34	21	221	0	11	28	130	130	75
1160	-3.88	186.71	410.67	601.27	751.58	0	40	38	75	59	35	21	223	0	12	28	132	131	75
1170	-4.76	194.4	410.67	609.83	762.29	0	42	38	75	61	33	23	227	0	12	28	134	133	75
1180	25.02	194.4	449.38	618.75	773.44	0	42	41	76	62	34	21	228	0	12	28	134	134	77
1190	39.55	197.99	468.15	626.6	783.25	0	43	43	79	63	36	20	232	0	12	28	136	136	77
1200	46.61	197.99	483.23	634.62	793.27	0	43	45	80	63	37	18	236	0	12	28	138	138	78
1210	45.77	205.54	483.23	643	803.76	0	44	45	80	63	36	18	238	0	12	28	139	139	78
1220	50.41	210.05	492.55	652.19	815.24	0	45	46	81	63	36	17	240	0	12	28	140	140	78
1230	44.66	214.24	492.55	662.13	827.66	0	46	46	81	64	35	18	244	0	12	28	142	142	78
1240	67.52	214.24	524.39	671.11	838.88	0	46	48	83	66	37	18	246	0	13	28	144	143	79
1250	68.92	214.24	534.52	679.84	849.8	0	46	49	85	66	39	17	247	0	13	28	144	144	79
1260	66.46	214.24	540.73	688.51	860.63	0	46	50	86	66	40	16	250	0	15	28	147	146	80
1270	77.13	214.24	560.85	697.96	872.45	0	46	52	88	66	42	14	253	0	15	28	148	148	82
1280	66.66	214.24	560.85	708.42	885.53	0	46	52	88	67	42	15	256	0	15	28	150	149	84
1290	82.14	219.23	581.53	718.61	898.26	0	47	54	88	68	41	14	257	0	15	28	150	150	84
1300	85.5	222.96	591.07	728.53	910.66	0	48	55	89	68	41	13	260	0	15	28	152	151	85
1310	83.44	222.96	599.05	738.57	923.21	0	48	56	91	71	43	15	262	0	15	28	153	152	85
1320	76.98	226.6	599.05	748.67	935.84	0	49	56	92	71	43	15	265	0	15	28	154	154	85
1330	66.97	226.6	599.05	758.68	948.35	0	49	56	93	73	44	17	267	0	15	28	155	155	85
1340	56.54	226.6	599.05	769.12	961.39	0	49	56	94	74	45	18	271	0	15	28	157	157	85
1350	67.56	231.4	615.8	779.64	974.55	0	50	57	95	74	45	17	273	0	15	28	158	158	85
1360	64.47	238.65	615.8	789.98	987.48	0	52	57	96	74	44	17	276	0	15	28	160	159	85
1370	54.04	238.65	615.8	800.41	1000.51	0	52	57	97	77	45	20	279	0	15	28	161	161	86
1380	66.17	248.16	628.44	810.42	1013.03	0	54	58	97	80	43	22	279	0	15	28	161	161	87
1390	56.62	248.16	628.44	819.98	1024.97	0	54	58	97	80	43	22	282	0	15	28	163	162	87
1400	50.39	252.56	628.44	830.6	1038.25	0	55	58	100	81	45	23	285	0	15	28	164	164	87
1410	39.54	252.56	628.44	841.45	1051.82	0	55	58	100	82	45	24	287	0	15	28	165	165	87
1420	45.03	261.06	636.36	852.38	1065.48	0	57	59	102	82	45	23	289	0	15	28	166	166	88
1430	44.15	261.06	645.44	862.35	1077.93	0	57	60	103	83	46	23	291	0	15	28	167	167	88
1440	36.92	264.34	645.44	872.87	1091.08	0	58	60	103	84	45	24	293	0	15	28	168	168	88
1450	48.56	275.45	656.72	883.61	1104.51	0	61	61	103	86	42	25	295	0	15	30	170	170	88
1460	37.8	275.45	656.72	894.37	1117.96	0	61	61	105	86	44	25	298	0	15	30	172	171	88
1470	31.19	279.76	656.72	905.29	1131.61	0	62	61	105	87	43	26	298	0	15	30	172	171	88
1480	45.87	279.76	682.18	916.07	1145.09	0	62	63	105	88	43	25	299	0	15	30	172	172	88
1490	50.02	279.76	697.56	927.3	1159.12	0	62	64	105	88	43	24	300	0	15	30	173	172	88
1500	38.81	279.76	697.56	938.5	1173.13	0	62	64	107	91	45	27	300	0	15	30	173	172	88
1510	27.6	279.76	697.56	949.72	1187.15	0	62	64	107	91	45	27	301	0	15	32	174	174	88
1520	21.27	284.09	697.56	960.38	1200.48	0	63	64	107	93	44	29	301	0	15	32	174	174	88
1530	24.14	288.43	705.99	970.27	1212.84	0	64	65	107	93	43	28	305	0	16	32	177	176	88
1540	30.47	294.59	716.22	980.34	1225.42	0	65	66	107	95	42	29	307	0	16	32	178	177	88
1550	74.26	294.59	770.37	990.69	1238.37	0	65	67	111	95	46	28	309	0	16	32	179	178	88
1560	69.5	299.83	770.37	1000.7	1250.88	0	66	67	112	95	46	28	312	0	16	32	180	180	88
1570	59.65	299.83	770.37	1010.55	1263.19	0	66	67	112	97	46	30	314	0	16	32	181	181	88
1580	62.99	304.2	779.16	1020.37	1275.46	0	67	68	113	97	46	29	318	0	16	32	183	183	88
1590	95.58	316.96	809.37	1030.75	1288.44	0	69	70	114	98	45	28	319	0	16	32	184	183	89
1600	119.32	316.96	842.81	1040.46	1300.57	0	69	73	114	101	45	28	320	0	16	32	184	184	89
1610	116.42	323.03	842.81	1049.42	1311.77	0	70	73	115	102	45	29	323	0	16	32	186	185	89
1620	106.29	323.03	842.81	1059.55	1324.44	0	70	73	115	102	45	29	325	0	16	32	187	186	89
1630	123.12	323.03	870.43	1070.33	1337.92	0	70	75	115	103	45	28	325	0	16	32	187	186	91
1640	116.01	327.59	870.43	1082.01	1352.51	0	71	75	117	103	46	28	328	0	16	32	188	188	91
1650	104.65	327.59	870.43	1093.36	1366.71	0	71	75	117	103	46	28	330	0	16	32	189	189	91
1660	100.6	327.59	876.97	1103.96	1379.95	0	71	76	118	104	47	28	331	0	16	32	190	189	91
1670	107.02	327.59	894.02	1114.59	1393.24	0	71	77	119	104	48	27	333	0	16	32	191	190	91
1680	96.43	327.59	894.02	1125.18	1406.47	0	71	77	120	104	49	27	336	0	16	32	192	192	91
1690	85.75	327.59	894.02	1135.86	1419.83	0	71	77	120	108	49	31	336	0	16	32	192	192	92
1700	102.12	334.06	913.7	1145.64	1432.04	0	72	79	121	109	49	30	340	0	17	32	195	194	92
1710	100.98	342.57	913.7	1155.29	1444.11	0	74	79	123	110	49	31	340	0	17	32	195	194	93
1720	121.26	342.57	943.46	1164.77	1455.97	0	74	81	123	110	49	29	341	0	17	32	195	195	93
1730	116.29	347.75	943.46	1174.93	1468.66	0	75	81	123	110	48	29	344	0	18	36	199	199	93
1740	148.5	366.2	967.95	1185.64	1482.06	0	78	82	123	111	45	29	347	0	18	36	201	200	94
1750	170.32	370.61	995.86	1196.15	1495.19	0	79	84	123	113	44	29	351	0	18	36	203	202	94
1760	171.28	370.61	1006.41	1205.73	1507.17	0	79	85	123	115	44	30	354	0	18	36	204	204	94
1770	191.22	390.48	1015.85	1215.12	1518.89	0	83	86	123	117	40	31	355	0	18	36	205	204	94
1780	185.69	395.15	1015.85	1225.31	1531.64	0	84	86	123	117	39	31	356	0	18	36	205	205	95
1790	195.5	399.11	1031.43	1235.03	1543.79	0	85	88	124	121	39	33	360	0	19	36	208	207	95
1800	193.14	405.94	1031.43	1244.24	1555.29	0	87	88	126	123	39	35	361	0	19	36	208	208	96
1810	225.87	418.47	1061.11	1253.71	1567.13	0	89	90	126	125	37	35	361	0	19	36	208	208	96
