r.id  r.timeCall  r.pickupLocationID r.deliveryLocationID  r.earlyPickupTime  r.latePickupTime  r.earlyDeliveryTime  r.lateDeliveryTime  r.maxTravelDistance  r.maxNbStops
150437 2816 7085 7655 2816 3716 2816 5543 3218.8952087180155 5
183796 2818 3371 6922 2818 3718 2818 5543 2886.560367808477 5
166432 2820 4746 6362 2820 3720 2820 5543 2737.0712708655105 5
260862 2822 4870 116365 2822 3722 2822 5542 2382.113032814013 5
71535 2824 130971 10051 2824 3724 2824 5567 5054.193642239055 5
114513 2826 4363 69169 2826 3726 2826 5579 6312.782361804422 5
182246 2828 100493 5476 2828 3728 2828 5562 4078.6611839458697 5
265277 2830 11440 6796 2830 3730 2830 5564 4060.300960094622 5
213972 2832 107164 10054 2832 3732 2832 5585 6288.3287244143885 5
196574 2834 5895 13398 2834 3734 2834 5553 2260.926804222156 5
92032 2836 71159 118263 2836 3736 2836 5616 9495.647406529957 5
135469 2838 130695 91512 2838 3738 2838 5581 5105.243540272471 5
140662 2840 2412 51289 2840 3740 2840 5560 2388.0173302728226 5
31378 2842 4599 10368 2842 3742 2842 5570 3336.148220955296 5
99695 2844 61405 10170 2844 3744 2844 5634 10717.923107460754 5
193545 2846 4796 8313 2846 3746 2846 5589 5157.879628288408 5
53714 2848 46433 100503 2848 3748 2848 5578 3484.785325070722 5
112251 2850 3117 11421 2850 3750 2850 5567 2007.3903217703905 5
282794 2852 75010 93915 2852 3752 2852 6036 58063.678854280646 5
8862 2854 7096 11763 2854 3754 2854 5580 3111.9224552978512 5
171692 2856 14493 4689 2856 3756 2856 5580 2822.919364548323 5
309299 2858 100422 116358 2858 3758 2858 5579 2489.660651638585 5
325162 2860 10165 11403 2860 3760 2860 5625 7782.8386648689975 5
173738 2862 42757 35757 2862 3762 2862 5592 3596.0888210774274 5
116949 2864 5813 47443 2864 3764 2864 5585 2403.2297517774523 5
10695 2866 128911 100424 2866 3766 2866 5600 3972.8517107803154 5
269430 2868 87663 91496 2868 3768 2868 5590 2573.845907669157 5
338772 2870 16692 37445 2870 3770 2870 5620 5909.617969377011 5
27085 2872 100433 100377 2872 3772 2872 5603 3683.8443904544943 5
62852 2874 91501 100424 2874 3774 2874 5610 4254.56111979135 5
55190 2876 2143 6924 2876 3776 2876 5643 8002.068641405157 5
233925 2878 4097 3150 2878 3778 2878 5645 7983.965271968974 5
117657 2880 36220 8038 2880 3780 2880 5615 4083.2202821649526 5
45726 2882 100944 886 2882 3782 2882 5618 4301.564742163296 5
13293 2884 100512 109922 2884 3784 2884 5605 2470.140783999205 5
137946 2886 10053 10466 2886 3786 2886 5616 3554.159196924701 5
16194 2888 100473 36189 2888 3788 2888 5647 7001.180422625174 5
50162 2890 6364 12971 2890 3790 2890 5619 3395.37059184746 5
56605 2892 9039 16098 2892 3792 2892 5614 2521.7033941413038 5
162475 2894 71340 12971 2894 3794 2894 5649 6543.684825068906 5
145128 2896 14015 93818 2896 3796 2896 5651 6498.486662042917 5
52517 2898 12076 3513 2898 3798 2898 5623 2955.2464325387527 5
3976 2900 45755 95086 2900 3800 2900 5888 34558.61057120597 5
97391 2902 7343 10053 2902 3802 2902 5669 7925.250677405064 5
165244 2904 85477 7564 2904 3804 2904 5724 14298.0656565868 5
236288 2906 36076 50072 2906 3806 2906 5641 4126.062594059166 5
290491 2908 7347 71385 2908 3808 2908 5649 4811.022222619077 5
212651 2910 109473 8273 2910 3810 2910 5937 39203.84099612282 5
277854 2912 3512 5433 2912 3812 2912 5674 7418.409174710171 5
275753 2916 11415 11428 2916 3816 2916 5645 3461.272213376954 5
156881 2923 11868 6370 2923 3823 2923 5643 2353.6535628306224 5
160917 2937 91516 11304 2937 3837 2937 5686 5849.316429696024 5
68748 2945 57921 14779 2945 3845 2945 6013 44074.67656205302 5
320358 2956 4476 91535 2956 3856 2956 5678 2616.8313836490747 5
217209 2965 1292 2138 2965 3865 2965 5683 2114.7254194196944 5
188772 2969 53359 13318 2969 3869 2969 5989 38396.887328951656 5
122067 2976 129342 95334 2976 3876 2976 5701 2908.0097905211933 5
199211 2981 1622 5789 2981 3881 2981 5826 17309.980510766483 5
108769 2988 100584 35920 2988 3888 2988 5721 3945.0830585087538 5
322896 2994 5546 774 2994 3894 2994 5787 11080.30158579092 5
40717 2997 35757 83326 2997 3897 2997 5741 5198.922612846155 5
243910 3010 6794 123434 3010 3910 3010 5729 2173.9615029751963 5
47463 3030 7736 3123 3030 3930 3030 5795 7700.37838112752 5
102274 3051 103609 103837 3051 3951 3051 5873 14537.168036388604 5
129923 3059 126052 101175 3059 3959 3059 5778 2244.2231584821093 5
324073 3064 10533 95336 3064 3964 3064 5842 9316.297154526537 5
37983 3079 129539 5581 3079 3979 3079 5852 8757.106053284471 5
274151 3093 44280 7140 3093 3993 3093 5860 7927.443401563915 5
158749 3099 9440 11071 3099 3999 3099 5838 4620.510347084716 5
336255 3126 62027 11436 3126 4026 3126 6181 42532.53484333405 5
334418 3142 45781 44477 3142 4042 3142 5904 7417.71486464354 5
125537 3146 4235 14594 3146 4046 3146 5902 6694.083482299848 5
148963 3171 70360 85477 3171 4071 3171 5950 9453.386721207518 5
268634 3195 3117 2662 3195 4095 3195 5948 6335.297747264939 5
335829 3208 101873 123739 3208 4108 3208 5983 8883.778233614063 5
260863 3225 3378 11418 3225 4125 3225 6022 11548.679678271283 5
98167 3229 48844 75435 3229 4129 3229 6238 37047.41797944763 5
143836 3233 9024 4085 3233 4133 3233 6063 15591.3006562263 5
175723 4615 48748 69639 4615 5515 4615 7398 9844.716851189247 5
85052 4617 11770 36305 4617 5517 4617 7359 5002.802755029042 5
212238 4619 107127 3920 4619 5519 4619 7366 5620.656949569819 5
86253 4622 5895 16926 4622 5522 4622 7357 4100.553089397298 5
104777 4624 114695 3385 4624 5524 4624 7369 5318.248799324918 5
66264 4626 3119 3137 4626 5526 4626 7368 5026.634064443014 5
258725 4628 11419 130911 4628 5528 4628 7349 2514.027796380915 5
320359 4630 35318 4602 4630 5530 4630 7380 5907.476482440623 5
235825 4632 10363 17220 4632 5532 4632 7350 2078.1747822880266 5
294916 4634 130699 5198 4634 5534 4634 7384 5889.95510049723 5
303844 4636 82932 35734 4636 5536 4636 7448 13380.229654017952 5
12560 4638 792 14807 4638 5538 4638 7399 7310.509807331877 5
168928 4642 7655 80609 4642 5542 4642 7375 3876.6828380082106 5
78017 4651 11184 6318 4651 5551 4651 7387 4225.137213967037 5
103723 4658 13423 111714 4658 5558 4658 7406 5702.946578682703 5
186701 4661 14492 85458 4661 5561 4661 7396 4117.714647063092 5
102744 4664 128463 17434 4664 5564 4664 7400 4300.5297423489 5
242139 4666 11868 1559 4666 5566 4666 7409 5154.34736561261 5
96743 4668 8305 117660 4668 5568 4668 7388 2338.761644392761 5
286346 4670 82121 14491 4670 5570 4670 7740 44306.077482329296 5
149824 4672 13183 17216 4672 5572 4672 7409 4346.384832228202 5
269431 4674 4788 20529 4674 5574 4674 7833 55019.393776249475 5
143323 4676 123731 114970 4676 5576 4676 7410 4064.2874534006214 5
204028 4685 130530 10050 4685 5585 4685 7413 3285.2037410329513 5
246933 4691 18476 3515 4691 5591 4691 7421 3507.1780216759016 5
43590 4701 1841 64492 4701 5601 4701 7893 59035.00873912743 5
39924 4706 4740 7846 4706 5606 4706 7450 5257.705014256804 5
207477 4714 7260 93835 4714 5614 4714 7442 3271.460021101391 5
270299 4733 43406 12596 4733 5633 4733 7452 2208.8016206344714 5
306460 4737 18452 39635 4737 5637 4737 7780 41117.962000102336 5
259432 4744 5546 4738 4744 5644 4744 7469 2927.1458821735205 5
8863 4746 85092 91512 4746 5646 4746 7465 2243.5652581123677 5
336735 4759 10100 70343 4759 5659 4759 7480 2444.7871032386224 5
236289 4768 70107 100487 4768 5668 4768 7491 2735.3379682292484 5
90370 4773 10053 68902 4773 5673 4773 7499 3093.7138133830485 5
116950 4778 51777 5470 4778 5678 4778 7502 2798.319381130091 5
184509 4784 14252 126618 4784 5684 4784 7528 5191.721102411841 5
289785 4793 3375 13421 4793 5693 4793 7528 4138.722155610853 5
275754 4822 7085 128727 4822 5722 4822 7545 2748.806570781567 5
270842 4824 93802 130911 4824 5724 4824 7551 3215.3406438527827 5
21373 4833 11861 14486 4833 5733 4833 7569 4200.32475770168 5
132548 4853 5421 5435 4853 5753 4853 7585 3725.257247225228 5
289149 4862 14015 10473 4862 5762 4862 7588 3088.108522613039 5
108770 4865 16909 5429 4865 5765 4865 7587 2626.471387183413 5
69986 4889 9488 7354 4889 5789 4889 7609 2309.3327293665675 5
94788 4896 14779 5830 4896 5796 4896 7625 3478.7925319306237 5
247582 4913 104185 4237 4913 5813 4913 7638 2991.8455261629515 5
187433 4934 4240 8303 4934 5834 4934 7653 2268.480075482888 5
10696 4965 36095 93915 4965 5865 4965 7977 37378.549480065136 5
148230 5089 109472 56805 5089 5989 5089 8437 77716.12157381262 5
116951 5129 5470 111728 5129 6029 5129 8221 46932.71004157682 5
3408 17215 10457 120279 17215 18115 17215 19938 2716.6061775883786 5
286764 17217 1434 14265 17217 18117 17217 19977 7092.487942410015 5
230880 17219 2851 12300 17219 18119 17219 19971 6188.280624450618 5
192922 17221 35757 36032 17221 18121 17221 20045 14784.142795367841 5
11932 17223 1441 15531 17223 18123 17223 19983 7103.813242076405 5
68060 17225 34534 21011 17225 18125 17225 20020 11330.237942807826 5
260864 17228 5546 87633 17228 18128 17228 19953 2894.103610609728 5
14627 17232 14797 130700 17232 18132 17232 19968 4250.8839534455265 5
59521 17237 1570 36306 17237 18137 17237 19979 4954.1525135493 5
100848 17240 7096 2658 17240 18140 17240 19965 2944.1144232950014 5
268014 17244 35331 35947 17244 18144 17244 19972 3242.1473448811157 5
242140 17249 2846 7887 17249 18149 17249 19970 2494.8200929922805 5
199212 17252 85404 4388 17252 18152 17252 19981 3421.6300027997745 5
49712 17254 35915 4492 17254 18154 17254 20003 5860.150533761412 5
39925 17256 78048 35955 17256 18156 17256 20049 11059.501975554647 5
317280 17258 85426 13222 17258 18158 17258 19995 4356.3161011910415 5
158196 17260 7140 3133 17260 18160 17260 20004 5191.029163772829 5
274152 17262 16316 65760 17262 18162 17262 19994 3735.9439451279595 5
133586 17264 4870 8359 17264 18164 17264 20070 12606.740034116425 5
134944 17266 83650 124636 17266 18166 17266 20069 12272.17373228166 5
67483 17268 16303 5834 17268 18168 17268 20052 9962.0964688734 5
175197 17270 121556 7100 17270 18170 17270 20010 4753.322068724812 5
41852 17272 12259 6086 17272 18172 17272 20028 6664.844170820638 5
213973 17274 8233 9440 17274 18174 17274 20000 3012.3464663835402 5
182863 17276 9479 1034 17276 18176 17276 19994 2094.937464160299 5
289150 17278 85471 95437 17278 18178 17278 20023 5280.164330733689 5
155160 17280 35938 35946 17280 18180 17280 19998 2138.3101728458655 5
264498 17282 3616 104777 17282 18182 17282 20003 2444.612266385011 5
179243 17284 129396 130530 17284 18184 17284 20051 8019.114780222654 5
293507 17286 7097 9903 17286 18186 17286 20013 3139.165974622795 5
13980 17288 7753 17069 17288 18188 17288 20074 10289.384447192606 5
22941 17295 5549 85428 17295 18195 17295 20062 8001.421346519517 5
85249 17303 103577 5833 17303 18203 17303 20098 11357.342194068295 5
199894 17305 35997 85482 17305 18205 17305 20085 9562.07844847212 5
117658 17307 42757 128008 17307 18207 17307 20076 8233.613176668958 5
275755 17314 2653 43464 17314 18214 17314 20071 6734.354943986857 5
292008 17316 91492 8933 17316 18216 17316 20082 7882.967611986136 5
289786 17319 4605 2810 17319 18219 17319 20095 9029.052868300461 5
251820 17330 95538 35984 17330 18230 17330 20117 10342.262841833806 5
215173 17334 4677 100369 17334 18234 17334 20111 9136.412907971324 5
46943 17338 103936 123229 17338 18238 17338 20125 10339.207050175664 5
222578 17340 103822 12973 17340 18240 17340 20079 4656.575060968215 5
302603 17345 2659 3142 17345 18245 17345 20072 3157.3616115073396 5
171694 17347 12250 10361 17347 18247 17347 20100 6313.713321303125 5
76433 17349 125650 130530 17349 18249 17349 20175 15073.343442809259 5
26399 17366 120233 4085 17366 18266 17366 20117 6115.746484894236 5
145129 17368 100444 5209 17368 18268 17368 20097 3366.7724570657974 5
322274 17378 45781 4876 17378 18278 17378 20114 4261.371028086163 5
335830 17380 3117 2825 17380 18280 17380 20167 10355.807999957098 5
316762 17386 18521 35849 17386 18286 17386 20115 3365.9471121139486 5
212239 17391 100517 35990 17391 18291 17391 20176 10171.149887331569 5
186702 17394 9558 14265 17394 18294 17394 20145 6031.823117051048 5
263846 17399 10697 2846 17399 18299 17399 20119 2290.4014338247653 5
334419 17406 6376 2116 17406 18306 17406 20178 8573.012295809853 5
255616 17410 11193 10054 17410 18310 17410 20133 2656.6710030752056 5
193546 17413 7348 11272 17413 18313 17413 20202 10587.978371740219 5
230123 17418 17206 95434 17418 18318 17418 20163 5374.545362716424 5
123995 17423 95335 7886 17423 18323 17423 20174 6008.69015137843 5
295603 17429 5820 10697 17429 18329 17429 20212 9919.863121979048 5
61003 17435 5567 117657 17435 18335 17435 20166 3702.2649124925474 5
78774 17441 2649 128349 17441 18341 17441 20211 8286.956721323877 5
224279 17443 10098 5814 17443 18343 17443 20224 9678.706129538783 5
191436 17446 35760 87661 17446 18346 17446 20168 2622.9345159904756 5
320360 17448 12215 3169 17448 18348 17448 20231 9849.671693541733 5
24840 17450 14658 126342 17450 18350 17450 20174 2808.250370834145 5
196177 17452 87663 3780 17452 18352 17452 20184 3808.964078565849 5
140004 17461 36001 3527 17461 18361 17461 20239 9313.688724128308 5
153734 17465 65222 6725 17465 18365 17465 20218 6288.8194940171 5
97392 17469 17173 11401 17469 18369 17469 20201 3799.038558639895 5
142071 17475 8932 104786 17475 18375 17475 20233 6901.55401442694 5
221871 17480 15185 7094 17480 18380 17480 20198 2137.112290856402 5
290492 17483 6666 4107 17483 18383 17483 20244 7276.139669328807 5
223798 17487 100406 18357 17487 18387 17487 20253 7917.6418602109725 5
285964 17490 7688 13187 17490 18390 17490 20273 9855.70820734497 5
276579 17501 38060 126342 17501 18401 17501 20242 4881.679802889836 5
136622 17503 5622 14750 17503 18403 17503 20250 5542.015692784706 5
324740 17511 17687 1823 17511 18411 17511 20276 7750.948462304786 5
280103 17521 42757 7688 17521 18421 17521 20293 8533.29238514645 5
334092 17523 91435 104810 17523 18423 17523 20266 5081.607001570349 5
45155 17525 85415 10461 17525 18425 17525 20271 5405.197527267688 5
309300 17530 100473 124982 17530 18430 17530 20291 7308.96253543732 5
41440 17533 4792 85392 17533 18433 17533 20302 8259.959712878312 5
121388 17536 14806 11073 17536 18436 17536 20283 5581.40443291933 5
235826 17541 4740 11952 17541 18441 17541 20262 2465.7511161321236 5
95996 17547 12974 95347 17547 18447 17547 20303 6694.274850604045 5
61665 17550 3514 121555 17550 18450 17550 20282 3785.971320731593 5
238832 17557 11965 10363 17557 18457 17557 20282 2965.270277800169 5
159797 17560 9551 11921 17560 18460 17560 20312 6226.103433026993 5
110232 17571 53574 8210 17571 18471 17571 20306 4114.446694098864 5
126113 17574 105669 85468 17574 18474 17574 20362 10509.469759856065 5
94068 17582 87772 125774 17582 18482 17582 20306 2769.3147533998012 5
325163 17594 6392 7648 17594 18494 17594 20313 2219.839680907532 5
38554 17600 68542 8232 17600 18500 17600 20335 4126.045026009115 5
219474 17603 55482 13627 17603 18503 17603 20480 21135.85172518596 5
307715 17608 87186 8209 17608 18508 17608 20332 2795.347174237067 5
32721 17610 65755 3527 17610 18510 17610 20373 7542.204646578636 5
252377 17619 8238 10045 17619 18519 17619 20365 5494.628920468491 5
161698 17628 50048 120316 17628 18528 17628 20404 9011.325453071022 5
311637 17633 112165 7845 17633 18533 17633 20376 5143.679661499975 5
17931 17635 18565 14805 17635 18535 17635 20405 8280.99047097122 5
221155 17637 6723 13515 17637 18537 17637 20372 4166.66954965925 5
208138 17639 17688 35965 17639 18539 17639 20425 10224.714519153049 5
88820 17641 6233 9438 17641 18541 17641 20373 3771.387386674324 5
143324 17646 8521 103926 17646 18546 17646 20365 2253.0297907135932 5
248774 17648 85488 10050 17648 18548 17648 20393 5348.4747754279915 5
137416 17657 4086 7685 17657 18557 17657 20405 5680.409393791527 5
119017 17662 10276 6609 17662 18562 17662 20431 8213.16174743788 5
233926 17665 15516 7688 17665 18565 17665 20436 8485.723569238882 5
133061 17672 11403 2977 17672 18572 17672 20444 8621.658604773897 5
319050 17679 11861 1451 17679 18579 17679 20428 5874.857160855277 5
316763 17684 128275 35947 17684 18584 17684 20425 4835.121594527962 5
50617 17691 8319 10160 17691 18591 17691 20432 4868.734885148577 5
216626 17701 85458 11402 17701 18601 17701 20434 3912.3705773370098 5
301922 17704 65753 36049 17704 18604 17704 20580 21118.817997442166 5
194286 17706 78629 7800 17706 18606 17706 20437 3675.8072317828883 5
197762 17710 13219 1034 17710 18610 17710 20493 9874.840058187063 5
10117 17715 62173 14805 17715 18615 17715 20777 43408.09051812194 5
128462 17723 36309 10163 17723 18623 17723 20445 2584.985794605015 5
204029 17726 11764 5578 17726 18626 17726 20466 4751.733884038921 5
148965 17730 11405 11509 17730 18630 17730 20494 7561.527291755363 5
46405 17736 11307 5578 17736 18636 17736 20470 4026.350214968301 5
126747 17745 120279 15541 17745 18645 17745 20510 7744.2245494582085 5
260865 17750 4599 4745 17750 18650 17750 20476 3005.8489404625116 5
127238 17755 3514 5832 17755 18655 17755 20564 13011.0585237822 5
282174 17767 62242 57293 17767 18667 17767 20561 11271.770807005876 5
47464 17777 65753 85427 17777 18677 17777 20512 4097.870950941518 5
337156 17786 130874 10008 17786 18686 17786 20542 6600.788807193177 5
147789 17802 105664 7200 17802 18702 17802 20529 3122.0959521707373 5
130630 17809 3513 3123 17809 18709 17809 20538 3446.6445586994505 5
228786 17824 7337 3857 17824 18724 17824 20569 5380.123145540876 5
296264 17841 65796 95541 17841 18741 17841 20571 3521.705287801934 5
301081 17843 96982 75453 17843 18743 17843 20877 40018.86716909355 5
60282 17847 36230 6393 17847 18747 17847 20626 9404.432556651185 5
16196 17849 2663 5560 17849 18749 17849 20597 5729.319920786842 5
191437 17852 12076 9889 17852 18752 17852 20578 3093.953687227364 5
2157 17860 130107 85457 17860 18760 17860 20600 4799.010638978047 5
287293 17862 104042 4998 17862 18762 17862 20602 4767.109279172466 5
303142 17867 45445 4166 17867 18767 17867 20709 17011.299662648846 5
14628 17876 3619 7091 17876 18776 17876 20618 4956.619057947521 5
237571 17880 45441 101873 17880 18780 17880 20599 2190.5557954610936 5
330434 17884 14796 2807 17884 18784 17884 20657 8759.318175550814 5
317281 17892 85486 7655 17892 18792 17892 20688 11453.68526080495 5
29381 17894 11508 7685 17894 18794 17894 20689 11293.666226809235 5
299104 17900 36980 5559 17900 18800 17900 20645 5395.391266362091 5
122646 17911 11969 11435 17911 18811 17911 20637 3051.095004320134 5
255617 17914 5570 36305 17914 18814 17914 20662 5688.520984117995 5
324075 17925 14069 120558 17925 18825 17925 20649 2779.5415517830766 5
188774 17928 100466 2650 17928 18828 17928 20668 4698.078139083551 5
146385 17930 104703 123881 17930 18830 17930 20665 4196.746713304721 5
40719 17934 120460 36235 17934 18834 17934 20701 7957.960422303947 5
141257 17944 13286 107116 17944 18844 17944 20679 4129.173968600924 5
57288 17946 6085 65521 17946 18846 17946 20666 2343.166205067993 5
251010 17949 11194 10470 17949 18849 17949 20681 3720.811253156136 5
271817 17954 8349 67723 17954 18854 17954 20682 3296.3904322547237 5
175198 17964 16686 7801 17964 18864 17964 20710 5403.977733447774 5
57924 17968 87635 2935 17968 18868 17968 20851 21860.565491653873 5
37468 17972 5779 18934 17972 18872 17972 20710 4537.663869270857 5
282795 17979 1339 130530 17979 18879 17979 20856 21138.36404601853 5
80827 17983 2247 13286 17983 18883 17983 20736 6260.186187326308 5
156345 17991 95430 10460 17991 18891 17991 20726 4151.568493307524 5
158197 18001 35786 8230 18001 18901 18001 20769 8091.146414996805 5
239950 18006 11302 117657 18006 18906 18006 20724 2138.0666626942066 5
316279 18014 2138 121084 18014 18914 18014 20736 2611.833154298989 5
151839 18022 35726 5897 18022 18922 18022 20835 13501.889745306857 5
281185 18039 11846 17072 18039 18939 18039 20768 3385.8646688869862 5
143325 18049 12972 2651 18049 18949 18049 20780 3715.2389443278207 5
245005 18056 10052 17725 18056 18956 18056 20830 8765.054076094122 5
265884 18067 15996 10043 18067 18967 18067 20839 8595.148764144877 5
78018 18074 10533 4191 18074 18974 18074 20807 3900.423680602148 5
119698 18079 57202 6783 18079 18979 18079 20815 4283.126533640369 5
305843 18087 11437 120276 18087 18987 18087 20837 5900.667024225636 5
262318 18089 11197 10171 18089 18989 18089 20895 12634.246000737583 5
38555 18093 16926 17176 18093 18993 18093 20893 11992.00866411341 5
221156 18095 130355 10173 18095 18995 18095 20893 11701.842911171912 5
22942 18102 7688 124642 18102 19002 18102 20886 9989.384774001075 5
210243 18109 3512 5394 18109 19009 18109 20938 15468.122040446422 5
276580 18112 16912 8088 18112 19012 18112 20866 6409.359770499617 5
334093 18116 101208 6367 18116 19016 18116 20894 9263.990898953825 5
74771 18124 4242 14003 18124 19024 18124 20883 7071.967488723121 5
18505 18138 91516 7831 18138 19038 18138 20864 3007.287976253293 5
305221 18143 85373 9556 18143 19043 18143 20899 6681.420598229589 5
240722 18164 9488 3157 18164 19064 18164 20975 13207.162207504198 5
227455 18167 62235 64492 18167 19067 18167 21074 24782.265003541623 5
299790 18171 87175 11404 18171 19071 18171 20924 6248.094631238682 5
62252 18173 6785 2974 18173 19073 18173 20952 9475.488104944388 5
145130 18175 65757 8230 18175 19075 18175 20972 11520.774831190905 5
249315 18184 104810 9479 18184 19084 18184 20920 4256.121468356552 5
284559 18196 35320 7800 18196 19096 18196 20967 8506.710224033874 5
315878 18214 91516 85362 18214 19114 18214 20970 6610.118153245559 5
104208 18235 24516 25629 18235 19135 18235 21143 24949.820180729555 5
103215 19014 829 7648 19014 19914 19014 21802 10443.940283140542 5
22239 19016 4963 7259 19016 19916 19016 21760 5186.35465706425 5
134945 19018 116409 2849 19018 19918 19018 21862 17208.509287517696 5
273015 19023 10946 65758 19023 19923 19023 21817 11197.859947134813 5
168368 19025 44480 4743 19025 19925 19025 21743 2110.2742433049057 5
155161 19027 7086 17417 19027 19927 19027 21773 5495.09396108108 5
267264 19034 70937 12278 19034 19934 19034 21838 12445.847020965177 5
48245 19036 35750 11418 19036 19936 19036 21762 3045.8536200056074 5
204030 19038 637 7735 19038 19938 19038 21778 4781.343250448453 5
13981 19040 44478 4388 19040 19940 19040 21797 6732.484871713471 5
310757 19042 7350 38238 19042 19942 19042 21776 4058.1315957128713 5
318584 19044 5422 6722 19044 19944 19044 21769 2997.3931337290032 5
2158 19046 9479 17173 19046 19946 19046 21788 4934.973413041497 5
182247 19048 35727 36055 19048 19948 19048 21807 7019.192481876813 5
339332 19050 9551 120280 19050 19950 19050 21778 3314.3323043673654 5
321408 19052 35849 5356 19052 19952 19052 21815 7468.502528057759 5
138573 19054 6795 8330 19054 19954 19054 21802 5651.7125868941575 5
95997 19057 10040 6887 19057 19957 19057 21775 2107.381138975101 5
260866 19059 44932 11862 19059 19959 19059 21777 2100.8358518080513 5
229393 19061 57184 95434 19061 19961 19061 21826 7714.136439222095 5
171695 19064 3131 4379 19064 19964 19064 21793 3440.4377530351044 5
123299 19067 35971 57744 19067 19967 19067 21846 9360.81146401562 5
153034 19070 8321 1034 19070 19970 19070 21822 6137.316052047842 5
86255 19072 105668 248 19072 19972 19072 21791 2253.598731929386 5
132108 19074 6366 11437 19074 19974 19074 21820 5487.044377176447 5
37469 19076 95033 6666 19076 19976 19076 21821 5351.12025850466 5
81383 19091 12532 12215 19091 19991 19091 21834 5133.601553440332 5
281740 19093 35750 6801 19093 19993 19093 21816 2696.2057153304795 5
179244 19099 3376 100507 19099 19999 19099 21829 3564.5221733300164 5
14629 19112 15994 7843 19112 20012 19112 21860 5686.017256255476 5
80073 19117 5783 8068 19117 20017 19117 21836 2275.1394730822744 5
125538 19121 7140 2851 19121 20021 19121 21855 4015.528498723836 5
108223 19123 85361 86193 19123 20023 19123 21866 5058.10881028684 5
243913 19127 50075 7137 19127 20027 19127 21872 5354.016538633808 5
159162 19131 36304 8320 19131 20031 19131 21875 5196.7319126412285 5
277857 19136 100473 6783 19136 20036 19136 21894 6902.683790670224 5
85759 19140 130823 100490 19140 20040 19140 21882 4968.686137331657 5
307025 19160 11512 7655 19160 20060 19160 21880 2336.353190171705 5
236908 19162 14480 7367 19162 20062 19162 21906 5266.779607840752 5
329990 19173 1815 8238 19173 20073 19173 21917 5208.8388100009415 5
190208 19182 4736 14002 19182 20082 19182 21927 5371.964474535508 5
140664 19191 91552 6789 19191 20091 19191 21941 5922.165021830295 5
122069 19199 123880 14004 19199 20099 19199 21942 5095.979181796252 5
55192 19206 11961 7097 19206 20106 19206 21934 3297.559894038481 5
61666 19215 129817 7842 19215 20115 19215 21956 4919.08656410696 5
293508 19227 16907 16914 19227 20127 19227 21976 5815.465321089947 5
280606 19230 7828 131090 19230 20130 19230 21953 2658.6701371859012 5
335831 19235 4483 6156 19235 20135 19235 21966 3649.8378664356146 5
232409 19253 12500 5293 19253 20153 19253 21997 5270.908856995851 5
236291 19267 35984 1395 19267 20167 19267 22009 5022.67935097514 5
329102 19270 13214 3114 19270 20170 19270 22013 5112.011325582837 5
309301 19283 100504 100516 19283 20183 19283 22006 2692.3895177559207 5
45156 19297 95437 85092 19297 20197 19297 22021 2810.7867260648436 5
289787 19306 16531 6162 19306 20206 19306 22028 2535.630533398037 5
1553 19316 6798 10361 19316 20216 19316 22054 4502.092889042021 5
74261 19335 4086 11428 19335 20235 19335 22057 2535.0348881677364 5
340688 19347 2660 14511 19347 20247 19347 22065 2079.1817758637553 5
188094 19351 11840 65531 19351 20251 19351 22076 2924.5632409613827 5
193547 19359 10173 6370 19359 20259 19359 22086 3145.085951138969 5
179842 19362 86213 8318 19362 20262 19362 22082 2283.29021337299 5
12562 19372 11845 5420 19372 20272 19372 22096 2805.3111374494324 5
215174 19377 4741 4748 19377 20277 19377 22095 2049.811265829 5
73661 19394 6371 6365 19394 20294 19394 22114 2329.9860824964767 5
8866 19432 17088 11418 19432 20332 19432 22150 2071.3685268234326 5
307716 19535 4483 17173 19535 20435 19535 22293 6896.612984017266 5
-1
r.id  r.timeCall  r.pickupLocationID r.deliveryLocationID  r.earlyPickupTime  r.latePickupTime  r.earlyDeliveryTime  r.lateDeliveryTime
147047 2815 11419 13212 2815 82778 2815 82800
167681 2817 124320 5784 2817 82756 2817 82800
185982 2819 103609 1846 2819 82696 2819 82800
223308 2821 13215 65774 2821 82766 2821 82800
226955 2823 65757 5191 2823 82780 2823 82800
316761 2825 3156 3178 2825 82760 2825 82800
59519 2827 3509 12630 2827 82760 2827 82800
28694 2829 80616 93817 2829 82772 2829 82800
105462 2831 82281 104779 2831 82782 2831 82800
137414 2833 6795 17176 2833 82778 2833 82800
256849 2835 5567 7682 2835 82760 2835 82800
82315 2837 11699 7687 2837 82729 2837 82800
265883 2839 3153 85922 2839 82775 2839 82800
252962 2841 5421 65219 2841 82770 2841 82800
294150 2843 3138 4101 2843 82767 2843 82800
204709 2845 85365 104698 2845 82735 2845 82800
69984 2847 14803 6213 2847 82779 2847 82800
57286 2849 100360 7096 2849 82767 2849 82800
208759 2851 3513 12081 2851 82776 2851 82800
58729 2853 12706 87624 2853 82773 2853 82800
68059 2855 45460 11414 2855 82729 2855 82800
95995 2857 85418 7140 2857 82741 2857 82800
227454 2859 8930 8319 2859 82774 2859 82800
66930 2861 10696 2852 2861 82778 2861 82800
204027 2863 104810 104788 2863 82775 2863 82800
299788 2865 245 95605 2865 82757 2865 82800
289784 2867 44292 36240 2867 82748 2867 82800
167053 2869 80293 29780 2869 82574 2869 82800
18504 2871 125218 85395 2871 82712 2871 82800
159161 2873 47650 4108 2873 82733 2873 82800
171191 2875 4796 7882 2875 82762 2875 82800
64095 2877 11671 13151 2877 82729 2877 82800
179241 2879 5490 16865 2879 82777 2879 82800
206744 2881 14658 11509 2881 82780 2881 82800
338408 2883 36302 18522 2883 82761 2883 82800
52001 2885 2851 100436 2885 82770 2885 82800
218657 2887 35247 35070 2887 82567 2887 82800
174422 2889 52055 7973 2889 82269 2889 82800
340687 2891 42862 114703 2891 82694 2891 82800
287291 2893 1413 2850 2893 82767 2893 82800
317279 2895 236 5966 2895 82770 2895 82800
301080 2897 5320 5198 2897 82745 2897 82800
276578 2899 10053 5201 2899 82771 2899 82800
107614 2901 833 104300 2901 82763 2901 82800
278485 2903 105106 11874 2903 82768 2903 82800
65472 2905 5433 127534 2905 82776 2905 82800
217864 2907 35743 18843 2907 82778 2907 82800
129314 2909 69105 14176 2909 82680 2909 82800
110231 2911 6392 14658 2911 82775 2911 82800
22940 2913 10054 57203 2913 82750 2913 82800
339785 2917 4376 8318 2917 82766 2917 82800
172259 2934 7645 17217 2934 82775 2934 82800
292007 2944 5421 2851 2944 82783 2944 82800
192225 2947 85462 17757 2947 82780 2947 82800
80070 2958 7686 62114 2958 82388 2958 82800
111832 2968 82139 13198 2968 82430 2968 82800
236907 2974 57141 14490 2974 82773 2974 82800
158195 2978 4243 114684 2978 82710 2978 82800
37467 2985 2976 125250 2985 82721 2985 82800
26398 2992 11862 3373 2992 82779 2992 82800
108222 2996 123954 100422 2996 82774 2996 82800
281739 3004 16032 4674 3004 82782 3004 82800
134186 3028 129004 114696 3028 82671 3028 82800
238831 3036 4693 100392 3036 82730 3036 82800
254833 3054 7087 129916 3054 82751 3054 82800
73659 3060 129004 7644 3060 82754 3060 82800
116070 3070 127206 9332 3070 82746 3070 82800
137415 3083 7684 114720 3083 82682 3083 82800
289148 3096 58933 7348 3096 82777 3096 82800
67482 3120 14615 11302 3120 82678 3120 82800
279441 3136 9026 7751 3136 82716 3136 82800
109479 3143 87625 95341 3143 82730 3143 82800
133585 3167 16820 120266 3167 82751 3167 82800
130629 3175 2813 10050 3175 82734 3175 82800
283870 3198 100485 10469 3198 82763 3198 82800
75703 3224 10304 6791 3224 82641 3224 82800
221154 3227 39988 14480 3227 82757 3227 82800
215172 3230 4242 120272 3230 82734 3230 82800
69985 3235 8920 6392 3235 82736 3235 82800
205459 4616 8041 4747 4616 82780 4616 82800
145809 4618 3587 7575 4618 82782 4618 82800
93443 4620 130350 120235 4620 82781 4620 82800
239506 4623 1821 86199 4623 82742 4623 82800
78773 4625 8076 4380 4625 82761 4625 82800
179242 4627 5490 2822 4627 82774 4627 82800
229392 4629 71339 65355 4629 82767 4629 82800
10116 4631 100493 5006 4631 82751 4631 82800
185231 4633 10821 3785 4633 82754 4633 82800
253609 4635 10968 96447 4635 82751 4635 82800
222577 4637 10040 103790 4637 82773 4637 82800
134943 4641 85463 11771 4641 82776 4641 82800
246296 4649 87255 96934 4649 82353 4649 82800
17404 4655 5571 65770 4655 82769 4655 82800
183236 4660 2848 9557 4660 82752 4660 82800
310756 4662 3509 123222 4662 82762 4662 82800
55880 4665 83932 6558 4665 82782 4665 82800
45727 4667 85436 1067 4667 82761 4667 82800
3407 4669 11305 7367 4669 82782 4669 82800
25608 4671 36303 7201 4671 82747 4671 82800
171693 4673 44933 9557 4673 82780 4673 82800
194981 4675 5796 130942 4675 82779 4675 82800
94067 4683 36230 6149 4683 82780 4683 82800
59520 4690 8313 65753 4690 82772 4690 82800
156882 4695 7650 11193 4695 82759 4695 82800
90020 4705 3131 7885 4705 82779 4705 82800
16696 4711 4234 14797 4711 82769 4711 82800
263845 4725 38058 2812 4725 82774 4725 82800
132106 4735 100445 3376 4735 82771 4735 82800
313252 4742 3114 18438 4742 82777 4742 82800
243911 4745 7680 123434 4745 82767 4745 82800
268635 4758 4106 7884 4758 82760 4758 82800
210242 4764 129339 129816 4764 82779 4764 82800
158750 4772 123214 86219 4772 82746 4772 82800
113194 4776 117660 35750 4776 82774 4776 82800
230122 4781 95439 11195 4781 82782 4781 82800
312755 4785 4390 10474 4785 82763 4785 82800
8109 4795 96663 62171 4795 82459 4795 82800
153032 4823 65123 91545 4823 82765 4823 82800
167682 4828 1428 14488 4828 82767 4828 82800
64746 4844 129145 10460 4844 82767 4844 82800
135470 4857 104761 53537 4857 82780 4857 82800
27086 4863 6735 35759 4863 82774 4863 82800
318583 4886 2661 101532 4886 82442 4886 82800
147788 4894 6378 2638 4894 82765 4894 82800
217865 4906 11841 509 4906 82770 4906 82800
113785 4914 95430 109469 4914 82418 4914 82800
332006 4961 35975 1456 4961 82774 4961 82800
116071 5073 6364 111728 5073 82441 5073 82800
248773 5120 33939 3637 5120 82349 5120 82800
274973 17214 4089 68023 17214 82678 17214 82800
330831 17216 3137 44474 17216 82746 17216 82800
58730 17218 60106 113731 17218 82759 17218 82800
90021 17220 11403 11418 17220 82774 17220 82800
245618 17222 10361 5561 17222 82782 17222 82800
340226 17224 119295 9902 17224 82734 17224 82800
80825 17226 16866 8238 17226 82780 17226 82800
190207 17230 10473 2822 17230 82726 17230 82800
109480 17235 14546 93915 17235 82556 17235 82800
106930 17238 36008 3142 17238 82738 17238 82800
148964 17242 3135 4101 17242 82772 17242 82800
132107 17246 65330 8398 17246 82668 17246 82800
267263 17251 60696 70567 17251 82719 17251 82800
39214 17253 59304 8321 17253 82612 17253 82800
138571 17255 13233 4480 17255 82765 17255 82800
163174 17257 11193 11428 17257 82781 17257 82800
16195 17259 12076 11766 17259 82749 17259 82800
249314 17261 6367 128727 17261 82726 17261 82800
233182 17263 2653 15531 17263 82759 17263 82800
326491 17265 120305 11435 17265 82735 17265 82800
151136 17267 95334 108863 17267 82735 17267 82800
277855 17269 14574 13182 17269 82757 17269 82800
80071 17271 8313 10358 17271 82779 17271 82800
146384 17273 3117 82268 17273 82764 17273 82800
70800 17275 44523 44398 17275 82544 17275 82800
263082 17277 8301 11380 17277 82743 17277 82800
188773 17279 96982 100479 17279 82761 17279 82800
29380 17281 131230 65201 17281 82771 17281 82800
153033 17283 5546 61400 17283 82697 17283 82800
278994 17285 77414 1839 17285 82695 17285 82800
178480 17287 5550 11301 17287 82768 17287 82800
40718 17292 5570 36313 17292 82768 17292 82800
66931 17299 35953 100198 17299 82729 17299 82800
254140 17304 16858 1067 17304 82753 17304 82800
223309 17306 14015 8315 17306 82776 17306 82800
217866 17310 4234 7795 17310 82757 17310 82800
202031 17315 11370 8318 17315 82779 17315 82800
315676 17318 6800 10049 17318 82771 17318 82800
106211 17320 36013 5192 17320 82677 17320 82800
149492 17331 95343 7800 17331 82769 17331 82800
213230 17337 7089 39988 17337 82774 17337 82800
261618 17339 105055 9692 17339 82735 17339 82800
339331 17344 117658 10161 17344 82724 17344 82800
48244 17346 8930 104617 17346 82727 17346 82800
171192 17348 100352 13215 17348 82738 17348 82800
294917 17364 85458 5454 17364 82721 17364 82800
110794 17367 109626 3142 17367 82416 17367 82800
66265 17371 103790 7655 17371 82773 17371 82800
102275 17379 120305 15109 17379 82741 17379 82800
31379 17381 6788 7687 17381 82758 17381 82800
209598 17387 4045 14396 17387 82749 17387 82800
243912 17392 123515 3140 17392 82762 17392 82800
300396 17398 6637 17746 17398 82765 17398 82800
324074 17400 88277 100463 17400 82775 17400 82800
141256 17409 14480 4480 17409 82761 17409 82800
303845 17412 82139 124703 17412 82491 17412 82800
312756 17416 11840 3142 17416 82735 17416 82800
57287 17421 13214 6736 17421 82758 17421 82800
11236 17424 8932 36315 17424 82771 17424 82800
331200 17431 13218 5454 17431 82734 17431 82800
260216 17436 53528 128713 17436 82754 17436 82800
308536 17442 7911 44494 17442 82762 17442 82800
86874 17444 16531 11766 17444 82709 17444 82800
231675 17447 91498 120265 17447 82736 17447 82800
22238 17449 100405 128388 17449 82729 17449 82800
287292 17451 9439 117797 17451 82764 17451 82800
19887 17458 128956 10836 17458 82694 17458 82800
228049 17462 8232 87262 17462 82731 17462 82800
98168 17468 2771 3123 17468 82723 17468 82800
163175 17470 129537 17069 17470 82776 17470 82800
140663 17479 95343 87409 17479 82769 17479 82800
156883 17482 36013 8237 17482 82682 17482 82800
256227 17486 5193 18145 17486 82634 17486 82800
86254 17489 4745 7892 17489 82775 17489 82800
149825 17498 36044 1430 17498 82748 17498 82800
281184 17502 8317 5356 17502 82763 17502 82800
184510 17506 7887 128753 17506 82782 17506 82800
239949 17513 129986 11302 17513 82759 17513 82800
168367 17522 8316 126052 17522 82751 17522 82800
214576 17524 109465 26578 17524 82655 17524 82800
80826 17526 124695 4778 17526 82766 17526 82800
258726 17531 6783 11819 17531 82729 17531 82800
185232 17534 5579 10049 17534 82764 17534 82800
13294 17540 120324 8238 17540 82765 17540 82800
299789 17543 91543 12765 17543 82748 17543 82800
321407 17549 15994 14210 17549 82769 17549 82800
243292 17553 7348 95434 17553 82772 17553 82800
294151 17559 13204 43521 17559 82776 17559 82800
296993 17561 4101 95434 17561 82765 17561 82800
90371 17573 513 9474 17573 82765 17573 82800
236290 17576 100376 11509 17576 82740 17576 82800
305842 17592 100491 7090 17592 82766 17592 82800
82983 17595 87637 14801 17595 82778 17595 82800
147048 17601 100430 9479 17601 82768 17601 82800
55881 17604 10533 100470 17604 82745 17604 82800
268015 17609 9855 95437 17609 82734 17609 82800
8864 17614 5895 104800 17614 82741 17614 82800
33486 17625 74141 3621 17625 82749 17625 82800
169625 17632 35988 3376 17632 82736 17632 82800
245619 17634 12085 14491 17634 82780 17634 82800
54353 17636 9488 7795 17636 82766 17636 82800
239507 17638 5783 15531 17638 82766 17638 82800
258086 17640 7100 111741 17640 82412 17640 82800
80072 17644 12076 65773 17644 82774 17644 82800
192226 17647 129817 7086 17647 82780 17647 82800
223310 17655 7087 117663 17655 82770 17655 82800
142686 17659 35750 5577 17659 82768 17659 82800
266506 17664 7346 13774 17664 82701 17664 82800
272421 17671 100406 7896 17671 82763 17671 82800
123298 17674 3160 7102 17674 82752 17674 82800
64096 17681 2653 4087 17681 82756 17681 82800
32067 17685 7773 2850 17685 82709 17685 82800
108771 17692 104878 95431 17692 82780 17692 82800
136029 17702 4237 35748 17702 82735 17702 82800
88231 17705 36306 129879 17705 82738 17705 82800
199213 17707 11769 61406 17707 82730 17707 82800
317900 17713 100422 4485 17713 82742 17713 82800
307024 17717 6375 17687 17717 82745 17717 82800
154217 17724 6374 7967 17724 82755 17724 82800
256850 17729 53535 4101 17729 82778 17729 82800
7345 17734 2632 10461 17734 82778 17734 82800
268636 17738 124638 121454 17738 82768 17738 82800
189473 17749 10935 7688 17749 82654 17749 82800
9544 17753 6920 47623 17753 82715 17753 82800
291215 17759 6802 43169 17759 82732 17759 82800
66266 17774 7830 16356 17774 82779 17774 82800
173038 17780 100388 5320 17780 82769 17780 82800
138572 17801 119889 5425 17801 82743 17801 82800
163176 17804 3509 16693 17804 82746 17804 82800
232408 17818 120288 103795 17818 82755 17818 82800
15499 17835 36214 16764 17835 82763 17835 82800
183797 17842 124694 16926 17842 82775 17842 82800
68749 17846 5790 4612 17846 82773 17846 82800
314385 17848 9439 16774 17848 82771 17848 82800
217867 17851 4250 18351 17851 82780 17851 82800
298399 17857 16786 71154 17857 82706 17857 82800
302604 17861 3143 3620 17861 82730 17861 82800
106931 17863 3144 5768 17863 82739 17863 82800
226956 17874 6364 100384 17874 82779 17874 82800
55191 17879 3511 5471 17879 82765 17879 82800
79449 17881 11508 69134 17881 82741 17881 82800
114514 17889 125218 11195 17889 82764 17889 82800
11237 17893 3138 11441 17893 82771 17893 82800
117659 17895 11919 35760 17895 82766 17895 82800
283213 17902 11304 6795 17902 82778 17902 82800
277856 17912 5428 45445 17912 82775 17912 82800
13295 17924 7213 9110 17924 82764 17924 82800
209599 17926 8320 2662 17926 82771 17926 82800
19230 17929 9837 14590 17929 82767 17929 82800
178481 17931 11304 83861 17931 82697 17931 82800
49713 17937 3376 96748 17937 82731 17937 82800
99696 17945 100405 12730 17945 82751 17945 82800
41853 17948 36011 91529 17948 82689 17948 82800
238241 17950 36231 121555 17950 82732 17950 82800
73660 17958 6162 91532 17958 82767 17958 82800
330832 17965 91539 18431 17965 82733 17965 82800
166433 17970 5568 3616 17970 82755 17970 82800
270843 17978 45608 1557 17978 82719 17978 82800
122068 17980 7085 121093 17980 82768 17980 82800
162476 17986 37007 4244 17986 82778 17986 82800
101588 17992 104709 11438 17992 82757 17992 82800
52518 18002 8313 114688 18002 82711 18002 82800
72973 18007 3132 1569 18007 82742 18007 82800
21374 18016 14807 6107 18016 82695 18016 82800
99040 18035 389 1437 18035 82754 18035 82800
338773 18048 16032 30217 18048 82586 18048 82800
294918 18054 87643 3118 18054 82782 18054 82800
69987 18066 68849 3519 18066 82782 18066 82800
336736 18072 11511 35947 18072 82702 18072 82800
194982 18077 114698 7846 18077 82749 18077 82800
254834 18086 8324 13394 18086 82735 18086 82800
192227 18088 17218 7213 18088 82759 18088 82800
23613 18092 4104 2824 18092 82720 18092 82800
67484 18094 35992 100352 18094 82728 18094 82800
66267 18101 14797 12571 18101 82683 18101 82800
196178 18107 18352 108854 18107 82671 18107 82800
217868 18111 5202 91492 18111 82771 18111 82800
179841 18115 85379 10466 18115 82755 18115 82800
26400 18121 13204 11402 18121 82770 18121 82800
91542 18130 7689 2122 18130 82704 18130 82800
208760 18140 62172 7092 18140 82442 18140 82800
223311 18144 53542 10048 18144 82761 18144 82800
256851 18165 5356 8930 18165 82763 18165 82800
7346 18168 42332 131090 18168 82741 18168 82800
198441 18172 38059 117797 18172 82758 18172 82800
177307 18174 35941 6335 18174 82677 18174 82800
263847 18176 74054 124642 18176 82751 18176 82800
8865 18188 70345 10043 18188 82747 18188 82800
296265 18212 53542 9645 18212 82693 18212 82800
207478 18218 10254 17418 18218 82774 18218 82800
226957 18236 6150 4688 18236 82709 18236 82800
238833 19015 3138 7338 19015 82763 19015 82800
259433 19017 37012 4738 19017 82762 19017 82800
78775 19019 130810 128388 19019 82782 19019 82800
300397 19024 104004 16927 19024 82760 19024 82800
58731 19026 88474 121093 19026 82764 19026 82800
314386 19030 14480 2656 19030 82759 19030 82800
75704 19035 488 9553 19035 82757 19035 82800
92734 19037 104709 96651 19037 82761 19037 82800
268637 19039 7092 6735 19039 82781 19039 82800
151137 19041 126829 104039 19041 82765 19041 82800
46944 19043 16926 86214 19043 82755 19043 82800
340227 19045 2851 4128 19045 82780 19045 82800
6520 19047 9479 11386 19047 82757 19047 82800
283214 19049 8318 65521 19049 82770 19049 82800
12561 19051 15192 11844 19051 82770 19051 82800
313253 19053 10255 2662 19053 82756 19053 82800
61004 19056 129508 6109 19056 82761 19056 82800
242666 19058 35946 36014 19058 82771 19058 82800
95473 19060 100453 129765 19060 82778 19060 82800
24841 19062 4103 11922 19062 82764 19062 82800
68750 19065 7786 1292 19065 82782 19065 82800
246934 19069 91816 58651 19069 82780 19069 82800
242141 19071 85376 6736 19071 82746 19071 82800
253610 19073 75101 43248 19073 82697 19073 82800
201272 19075 95223 16927 19075 82780 19075 82800
88232 19084 5569 12093 19084 82778 19084 82800
167683 19092 130823 7086 19092 82775 19092 82800
96744 19095 7810 100555 19095 82736 19095 82800
16197 19105 66155 53534 19105 82751 19105 82800
287937 19116 4745 126844 19116 82777 19116 82800
278486 19118 117658 5571 19118 82759 19118 82800
154218 19122 95439 10361 19122 82776 19122 82800
308537 19125 3131 125607 19125 82766 19125 82800
146386 19130 12090 16912 19130 82764 19130 82800
79450 19134 12243 7093 19134 82772 19134 82800
287294 19137 129711 4480 19137 82749 19137 82800
286765 19157 16912 7645 19157 82771 19157 82800
275756 19161 5417 1292 19161 82769 19161 82800
311638 19172 6783 3121 19172 82782 19172 82800
324076 19180 44935 8088 19180 82758 19180 82800
283871 19189 5419 14479 19189 82749 19189 82800
291216 19192 15846 3376 19192 82773 19192 82800
133062 19205 4795 6722 19205 82761 19205 82800
228050 19207 36229 12299 19207 82764 19207 82800
23614 19222 6739 10165 19222 82772 19222 82800
11238 19229 4240 14797 19229 82779 19229 82800
31380 19234 11373 121361 19234 82768 19234 82800
200558 19242 1429 7886 19242 82758 19242 82800
102276 19260 16926 104031 19260 82769 19260 82800
37984 19268 11404 1400 19268 82769 19268 82800
187434 19271 11415 35750 19271 82768 19271 82800
13296 19291 17088 117660 19291 82782 19291 82800
213231 19302 4730 117660 19302 82777 19302 82800
77251 19307 14765 8887 19307 82760 19307 82800
136623 19334 4743 10466 19334 82780 19334 82800
248775 19341 8322 8312 19341 82778 19341 82800
178482 19349 11069 105674 19349 82775 19349 82800
50618 19356 10165 5456 19356 82748 19356 82800
29382 19360 7682 10475 19360 82781 19360 82800
294919 19365 100422 85443 19365 82749 19365 82800
177794 19373 2660 3131 19373 82778 19373 82800
44403 19387 4738 4747 19387 82780 19387 82800
287938 19416 51756 10462 19416 82783 19416 82800
11933 19437 5193 509 19437 82780 19437 82800
-1
