r.id  r.timeCall  r.pickupLocationID r.deliveryLocationID  r.earlyPickupTime  r.latePickupTime  r.earlyDeliveryTime  r.lateDeliveryTime  r.maxTravelDistance  r.maxNbStops
102283 6663 5472 11752 6663 7563 6663 9381 2155.943901635173 5
171207 6670 14488 98878 6670 7570 6670 9392 2572.7795336292907 5
114526 6676 15185 45580 6676 7576 6676 9406 3523.086268852184 5
238260 6682 8315 85092 6682 7582 6682 9402 2345.6230545364165 5
81848 6699 85396 126390 6699 7599 6699 9417 2095.209642063639 5
310154 6704 71379 105015 6704 7604 6704 9435 3681.0418351801263 5
-1
r.id  r.timeCall  r.pickupLocationID r.deliveryLocationID  r.earlyPickupTime  r.latePickupTime  r.earlyDeliveryTime  r.lateDeliveryTime
82328 6662 120321 7745 6662 82780 6662 82800
27098 6668 44480 125121 6668 82775 6668 82800
307731 6673 3134 3141 6673 82782 6673 82800
159176 6677 11434 100422 6677 82782 6677 82800
224291 6683 3158 3142 6683 82772 6683 82800
10132 6703 65355 4244 6703 82780 6703 82800
-1
