r.id  r.timeCall  r.pickupLocationID r.deliveryLocationID  r.earlyPickupTime  r.latePickupTime  r.earlyDeliveryTime  r.lateDeliveryTime  r.maxTravelDistance  r.maxNbStops
200571 13862 13218 4392 13862 14762 13862 16588 3058.7682371070896 5
227463 13866 54050 93915 13866 14766 13866 16853 34324.14669090411 5
321415 13868 6365 6796 13868 14768 13868 16618 5971.909799819377 5
149827 13870 2848 3859 13870 14770 13870 16637 7988.6621634516405 5
331587 13872 39988 104013 13872 14772 13872 16659 10349.777996856452 5
100866 13874 3121 10271 13874 14774 13874 16615 4915.0760632667525 5
27638 13876 11438 16307 13876 14776 13876 16596 2356.710172360545 5
46417 13878 10272 7086 13878 14778 13878 16623 5372.800732857019 5
147066 13880 38065 53488 13880 14780 13880 16629 5811.508549762282 5
7354 13882 116360 9562 13882 14782 13882 16623 4807.949036512342 5
166443 13884 35762 17173 13884 14784 13884 16607 2676.7689491639694 5
71554 13886 16579 129689 13886 14786 13886 16640 6475.226567905715 5
211516 13888 71288 13207 13888 14788 13888 16764 21002.8301952006 5
286771 13890 119319 4736 13890 14790 13890 16668 9340.883006108628 5
240725 13892 65766 85427 13892 14792 13892 16613 2421.341618195266 5
149506 13894 44483 7538 13894 14794 13894 16615 2426.055809496721 5
61014 13896 12092 62146 13896 14796 13896 16991 47365.68197707025 5
283223 13898 100477 9903 13898 14798 13898 16631 3956.2113653399947 5
215923 13900 70113 2504 13900 14800 13900 16673 8709.916871130119 5
226320 13902 36206 91528 13902 14802 13902 16631 3377.842774311339 5
311651 13904 4234 96748 13904 14804 13904 16646 4998.270722476764 5
132557 13906 104867 5425 13906 14806 13906 16657 6033.474985963262 5
229401 13908 8024 124003 13908 14808 13908 16645 4438.068705184233 5
319064 13910 11770 5578 13910 14810 13910 16628 2070.4397782575898 5
314060 13912 100512 9557 13912 14812 13912 16647 4185.878662190764 5
103227 13914 4244 9902 13914 14814 13914 16632 2131.793940175366 5
106224 13916 1934 14858 13916 14816 13916 16639 2655.860575031215 5
68063 13918 7116 12309 13918 14818 13918 16675 6792.236627395552 5
22246 13920 11193 4249 13920 14820 13920 16651 3606.0041705442663 5
17940 13922 71269 4737 13922 14822 13922 16741 14242.999592140199 5
146391 13924 128388 10470 13924 14824 13924 16654 3539.392400362699 5
313267 13926 11919 11301 13926 14826 13926 16705 9434.91798226716 5
87598 13928 98640 11376 13928 14828 13928 16646 2071.75575980842 5
243923 13930 109482 75685 13930 14830 13930 16773 17069.531891963234 5
301937 13935 3369 7923 13935 14835 13935 16684 5775.214110411449 5
22947 13952 4730 11418 13952 14852 13952 16672 2280.371334803795 5
268028 13959 15496 5180 13959 14859 13959 16689 3599.8008812305543 5
250203 13971 91205 115093 13971 14871 13971 16826 18495.023816577603 5
222588 13977 86231 5762 13977 14877 13977 16788 13260.986861532958 5
4675 13983 109464 64492 13983 14883 13983 16906 26668.496564498313 5
52534 13992 7885 7347 13992 14892 13992 16729 4338.285405146756 5
113203 13994 100512 8307 13994 14894 13994 16723 3414.7575468564055 5
303146 13998 4724 7887 13998 14898 13998 16744 5411.871255934335 5
217885 14007 38603 13209 14007 14907 14007 16746 4605.654632207218 5
246309 14011 3377 68514 14011 14911 14011 16735 2820.3360581057527 5
228058 14031 4962 85385 14031 14931 14031 16783 6123.970232083116 5
337920 14049 16907 73370 14049 14949 14049 16778 3397.1647277298707 5
138584 14066 11304 95426 14066 14966 14066 16808 4956.719299894195 5
100543 14075 104752 2577 14075 14975 14075 16825 5896.6412636423465 5
322908 14088 10474 11376 14088 14988 14088 16820 3735.715314434068 5
263097 14105 9884 95434 14105 15005 14105 16839 4037.8107323223876 5
230135 14115 47552 16670 14115 15015 14115 16868 6352.770156018512 5
95483 14123 4835 5425 14123 15023 14123 16857 4024.727601578462 5
21392 14129 18351 14779 14129 15029 14129 16919 10715.710242279303 5
325518 14131 125161 10163 14131 15031 14131 16858 3122.9118695085126 5
133070 14133 11304 91508 14133 15033 14133 16881 5658.0636695304065 5
176840 14138 126596 64492 14138 15038 14138 17038 23967.051136837108 5
52011 14143 10935 14014 14143 15043 14143 16930 10407.853848982535 5
299122 14146 17206 123434 14146 15046 14146 16892 5420.159695433759 5
163184 14151 6796 11195 14151 15051 14151 16878 3139.5956900762203 5
42674 14163 4248 6081 14163 15063 14163 16882 2199.391205113344 5
85768 14171 5194 5422 14171 15071 14171 16888 2010.9407461869807 5
232426 14175 87202 11845 14175 15075 14175 16916 4830.549881627461 5
132122 14178 14773 87409 14178 15078 14178 16901 2643.490832502184 5
98182 14185 8303 7659 14185 15085 14185 16919 4050.4839134829685 5
197077 14193 3118 9889 14193 15093 14193 16926 3896.6144496153474 5
247598 14206 9904 11509 14206 15106 14206 16935 3469.0082341454413 5
24853 14225 111707 11435 14225 15125 14225 16959 4024.9529871698664 5
228796 14232 35971 10920 14232 15132 14232 16973 4812.435468796165 5
224993 14239 14773 44474 14239 15139 14239 16976 4350.714093281924 5
233200 14251 18263 489 14251 15151 14251 16991 4683.552566468068 5
194995 14268 125218 10046 14268 15168 14268 17013 5329.865192869766 5
298413 14279 103790 6391 14279 15179 14279 16997 2138.819189827395 5
41456 14292 8234 103134 14292 15192 14292 17039 5572.217252218195 5
116084 14297 123515 7689 14297 15197 14297 17059 7359.19112914839 5
187445 14323 100375 4743 14323 15223 14323 17068 5376.154822650596 5
297010 14337 2418 49973 14337 15237 14337 17101 7624.472517803 5
205460 14360 9398 62118 14360 15260 14360 17413 42279.823062564305 5
153747 14366 3147 96662 14366 15266 14366 17167 12061.662338658627 5
300404 14374 3505 85474 14374 15274 14374 17135 7317.681193815126 5
165856 14381 7893 15631 14381 15281 14381 17116 4167.72925391703 5
86271 14398 11713 129879 14398 15298 14398 17119 2431.808803445224 5
57300 14414 18056 10160 14414 15314 14414 17158 5257.82812207927 5
105484 14428 9600 1453 14428 15328 14428 17270 17011.37133221372 5
330844 14432 8093 10472 14432 15332 14432 17150 2043.3150342592044 5
48259 14440 7860 14546 14440 15340 14440 17273 15892.195550341497 5
1028 14454 1460 53536 14454 15354 14454 17288 16039.244832102686 5
11944 14472 66160 3137 14472 15372 14472 17195 2749.906059556693 5
8118 14480 93808 9111 14480 15380 14480 17222 4923.543270410878 5
328581 14495 35751 42280 14495 15395 14495 17239 5203.968315644423 5
110241 14498 130810 9397 14498 15398 14498 17225 3226.6324106685865 5
277870 14505 4407 18565 14505 15405 14505 17246 4885.174665536106 5
124752 14521 4250 5204 14521 15421 14521 17245 2789.710009776591 5
15513 14523 100488 11428 14523 15423 14523 17268 5285.047608102921 5
308546 14531 53535 11375 14531 15431 14531 17271 4758.662480826058 5
261632 14543 130911 14236 14543 15443 14543 17273 3537.8507734246245 5
329118 14549 10098 85466 14549 15449 14549 17296 5613.506311661541 5
276590 14557 16531 7265 14557 15457 14557 17301 5217.992162372794 5
118386 14580 18352 95434 14580 15480 14580 17313 3894.5984908775777 5
59535 14592 100422 2571 14592 15492 14592 17326 4049.9209466793463 5
86885 14596 35940 119714 14596 15496 14596 17337 4862.69683382702 5
179853 14606 13229 5773 14606 15506 14606 17339 3942.54419035104 5
273025 14618 3619 127605 14618 15518 14618 17366 5725.535611285142 5
225673 14627 8234 93852 14627 15527 14627 17357 3564.5501236122036 5
288579 14630 107163 70742 14630 15530 14630 17402 8530.352759750687 5
171204 14641 3119 16697 14641 15541 14641 17361 2395.949227880013 5
311652 14648 4730 5425 14648 15548 14648 17370 2551.8310333868026 5
46951 14650 131062 6087 14650 15550 14650 17400 5895.946190064668 5
268029 14662 53536 3517 14662 15562 14662 17390 3318.091068074613 5
281747 14668 9488 10161 14668 15568 14668 17426 6959.770669733664 5
75718 14675 130810 1400 14675 15575 14675 17421 5468.180858996801 5
238259 14700 14488 14000 14700 15600 14700 17432 3734.952288663608 5
202708 14704 12765 17265 14704 15604 14704 17463 7065.988616928361 5
301938 14715 2810 4250 14715 15615 14715 17476 7287.236544879548 5
98183 14724 11843 100468 14724 15624 14724 17459 4156.529527944086 5
52012 14726 11376 1559 14726 15626 14726 17497 8455.099403039838 5
97409 14730 8295 85778 14730 15630 14730 17532 12134.468882647865 5
213983 14742 4249 10058 14742 15642 14742 17496 6373.236774082781 5
281194 14752 104878 12091 14752 15652 14752 17487 4080.406382763853 5
128469 14759 11301 95434 14759 15659 14759 17501 4955.076850824451 5
66281 14809 109632 1937 14809 15709 14809 17925 49831.21791025831 5
332994 14827 35762 17011 14827 15727 14827 17553 3083.408738582224 5
94800 14841 58918 15191 14841 15741 14841 17565 2851.3017961312844 5
286772 14851 11437 51755 14851 15751 14851 17578 3129.86249111995 5
13307 14853 5568 12362 14853 15753 14853 17607 6421.188264009263 5
41866 14855 11412 85414 14855 15755 14855 17603 5701.529129731653 5
124008 14863 62197 124163 14863 15763 14863 17696 15869.626665289463 5
28700 14868 5571 82986 14868 15768 14868 17600 3748.3455987294533 5
275768 14878 10094 3384 14878 15778 14878 17689 13205.893501288438 5
226971 14888 10043 3156 14888 15788 14888 17652 7632.229305648123 5
325519 14892 11699 10662 14892 15792 14892 17633 4858.907057746993 5
52535 14907 9902 9440 14907 15807 14907 17672 7783.829792355386 5
47476 14912 16303 131168 14912 15812 14912 17682 8316.908229120841 5
12576 14917 109486 70754 14917 15817 14917 17908 34853.90336331336 5
175215 14919 15211 6728 14919 15819 14919 17704 10109.210710481784 5
41457 14922 10171 36300 14922 15822 14922 17640 2048.4710717432667 5
35085 14929 100469 4672 14929 15829 14929 17690 7316.346092919073 5
132558 14933 130530 10050 14933 15833 14933 17661 3285.2037410329513 5
315245 14937 11844 95434 14937 15837 14937 17673 4244.807502114771 5
249324 14945 120271 3115 14945 15845 14945 17716 8488.724193180931 5
106946 14960 4915 10169 14960 15860 14960 17697 4428.575278401469 5
184525 14968 11844 93915 14968 15868 14968 17828 19133.191908346435 5
30174 14975 117664 7647 14975 15875 14975 17725 5942.055957036921 5
221882 14988 14002 2909 14988 15888 14988 17794 12709.360545807434 5
18519 14992 10473 6149 14992 15892 14992 17750 6896.92101199148 5
163185 14998 128911 7420 14998 15898 14998 17789 10833.78988591267 5
286359 15006 74823 101515 15006 15906 15006 17738 3784.515619779352 5
30706 15008 4738 129817 15008 15908 15008 17726 2100.0271679217026 5
260229 15019 5586 5574 15019 15919 15019 17757 4496.3371402743205 5
116085 15035 8934 1569 15035 15935 15035 17794 7019.488385183553 5
303147 15047 77416 7664 15047 15947 15047 17784 4362.497634696457 5
33503 15056 4242 28964 15056 15956 15056 18087 39670.560094533364 5
224994 15062 44930 4248 15062 15962 15062 17806 5242.866253434096 5
20635 15069 7897 11418 15069 15969 15069 17841 8529.161854669272 5
28133 15075 33526 64492 15075 15975 15075 17963 22545.792905206436 5
242677 15083 1434 8525 15083 15983 15083 17820 4434.653117856375 5
273535 15086 9857 3857 15086 15986 15086 17839 6351.965973438032 5
202047 15099 50082 17688 15099 15999 15099 17851 6128.042194493342 5
233938 15106 62222 71209 15106 16006 15106 18089 33844.88828670095 5
142699 15108 44478 7886 15108 16008 15108 17847 4630.034342526968 5
336746 15113 62108 20463 15113 16013 15113 18001 22457.23460583789 5
129334 15122 2301 85961 15122 16022 15122 17845 2643.314801469538 5
260880 15127 44473 1833 15127 16027 15127 17857 3579.1060863336693 5
263098 15143 9885 15635 15143 16043 15143 17905 7385.669443858863 5
299123 15145 3516 11196 15145 16045 15145 17864 2270.3689017785478 5
65669 15152 100935 32904 15152 16052 15152 18032 21547.060203878667 5
122081 15165 2572 7797 15165 16065 15165 17888 2655.3764935438912 5
246310 15186 109891 8303 15186 16086 15186 17945 7023.488984358215 5
135476 15190 62231 64492 15190 16090 15190 18099 24960.266727001424 5
147067 15196 10162 6898 15196 16096 15196 17973 9197.517985797198 5
118387 15199 10349 129817 15199 16099 15199 17928 3396.537811729992 5
327498 15235 80290 35988 15235 16135 15235 17987 6201.638535915208 5
287309 15257 7094 9446 15257 16157 15257 18029 8582.065935342915 5
254154 15267 9195 95613 15267 16167 15267 18113 17457.20136828778 5
285240 15273 6802 95347 15273 16173 15273 18033 7083.956407308442 5
239521 15275 57446 112263 15275 16175 15275 18049 8879.2381545682 5
78031 15284 819 85367 15284 16184 15284 18185 24096.361988983237 5
330845 15295 14798 11874 15295 16195 15295 18056 7271.027591336555 5
89477 15301 7761 17173 15301 16201 15301 18040 4604.016725624085 5
136630 15314 6725 125594 15314 16214 15314 18058 5276.724407743522 5
76445 15328 7346 12974 15328 16228 15328 18069 4895.405138508307 5
55899 15345 14799 18371 15345 16245 15345 18064 2186.9971923410762 5
160938 15352 43019 14003 15352 16252 15352 18103 6033.9848186265535 5
291230 15364 105053 11890 15364 16264 15364 18162 11757.453810372037 5
213240 15370 91552 130333 15370 16270 15370 18101 3673.849159793645 5
278501 15386 11302 126342 15386 16286 15386 18142 6656.391329435951 5
243307 15393 128753 11509 15393 16293 15393 18121 3275.205090411738 5
49727 15396 3124 4249 15396 16296 15396 18121 2905.527189834028 5
94801 15431 53543 3124 15431 16331 15431 18151 2374.9255004216698 5
304746 15434 17177 128031 15434 16334 15434 18165 3655.167514654279 5
166444 15436 9481 11509 15436 16336 15436 18156 2348.1811303112627 5
226322 15440 9441 14008 15440 16340 15440 18167 3142.3730309124885 5
332995 15443 16927 1425 15443 16343 15443 18180 4346.68898405522 5
179854 15445 12765 5829 15445 16345 15445 18237 10999.139924664676 5
80839 15457 5419 9431 15457 16357 15457 18221 7656.918867105132 5
43613 15462 5770 8024 15462 16362 15462 18207 5281.373338286048 5
79464 15464 4705 7857 15464 16364 15464 18224 7135.101470941152 5
63547 15482 65749 17072 15482 16382 15482 18201 2238.7453204668427 5
28701 15495 3137 11317 15495 16395 15495 18260 7758.11507461573 5
226972 15501 3157 46965 15501 16401 15501 18403 24224.631851383394 5
53211 15524 5193 4247 15524 16424 15524 18242 2115.348127187068 5
222589 15531 10169 9350 15531 16431 15531 18326 11398.825129238125 5
75719 15543 9479 5362 15543 16443 15543 18368 14931.607832755852 5
172273 15554 127014 11967 15554 16454 15554 18276 2600.4674134570582 5
121394 15568 14487 10100 15568 16468 15568 18317 5783.693199493716 5
15514 15570 3115 10050 15570 16470 15570 18305 4083.5611660944337 5
133072 15585 5454 65206 15585 16485 15585 18314 3434.9593206550553 5
127808 15592 6316 16583 15592 16492 15592 18356 7626.58875857657 5
233201 15596 10052 16527 15596 16496 15596 18376 9509.356324225497 5
243924 15599 33948 2894 15599 16499 15599 18643 41216.41727380977 5
327122 15607 5471 4727 15607 16507 15607 18329 2571.148514241914 5
6532 15613 4248 1442 15613 16513 15613 18400 10389.091936316114 5
47477 15625 2164 88270 15625 16525 15625 18402 9184.224375489468 5
208774 15628 100485 11923 15628 16528 15628 18399 8451.503237166848 5
14645 15647 6801 7962 15647 16547 15647 18414 7998.645907031198 5
170475 15673 4741 85432 15673 16573 15673 18421 5732.899870449502 5
298414 15675 4248 11922 15675 16575 15675 18450 8972.764568204233 5
57933 15681 12765 6719 15681 16581 15681 18400 2253.6137197788184 5
281195 15688 5194 14490 15688 16588 15688 18423 4185.536804619074 5
221177 15695 9372 8024 15695 16595 15695 18488 11047.011965633428 5
22247 15709 95332 9489 15709 16609 15709 18479 8334.245668613046 5
265899 15714 6367 7883 15714 16614 15714 18457 5156.637524163211 5
328582 15725 3125 5454 15725 16625 15725 18445 2373.1696566736996 5
320989 15762 5193 6795 15762 16662 15762 18507 5381.574749533552 5
236921 15766 5550 65771 15766 16666 15766 18492 3096.3229459137897 5
13990 15768 9654 3616 15768 16668 15768 18486 2102.1019732191958 5
103734 15786 6725 4676 15786 16686 15786 18557 8508.352247712985 5
91555 15793 107564 38293 15793 16693 15793 18527 3992.4483000349073 5
20636 15805 18352 36189 15805 16705 15805 18529 2813.248432574271 5
93454 15825 40552 100485 15825 16725 15825 18587 7365.3580348590185 5
72330 15839 103959 3087 15839 16739 15839 18633 11272.33862542696 5
249325 15856 53533 4741 15856 16756 15856 18584 3352.9313999391807 5
89478 15861 12245 15531 15861 16761 15861 18598 4418.648608099205 5
183800 15873 98642 94994 15873 16773 15873 18665 11000.42736450259 5
309313 15876 121555 127760 15876 16776 15876 18610 4005.724129403991 5
316290 15891 36302 100462 15891 16791 15891 18621 3558.4253686698275 5
124753 15895 8081 1557 15895 16795 15895 18651 6685.221112199439 5
130643 15920 48306 47648 15920 16820 15920 18665 5391.26899188492 5
63548 15927 9889 91512 15927 16827 15927 18670 5147.8131417948825 5
163186 15929 6377 12974 15929 16829 15929 18709 9559.480804318604 5
85071 15931 83292 8307 15931 16831 15931 18659 3254.2192543642745 5
207493 15938 6381 16692 15938 16838 15938 18710 8625.365015900377 5
19243 15948 4744 4755 15948 16848 15948 18675 3220.566442653421 5
323308 15954 6366 85467 15954 16854 15954 18715 7272.138534038944 5
160939 15977 12225 14647 15977 16877 15977 18749 8638.434724621302 5
329119 15983 11840 4740 15983 16883 15983 18705 2579.041079266839 5
226323 16007 6148 5054 16007 16907 16007 18754 5545.794442249743 5
202048 16020 8526 4104 16020 16920 16020 18755 4138.8738784270145 5
331219 16027 3121 11302 16027 16927 16027 18762 4183.7980233155995 5
41867 16038 12091 17173 16038 16938 16038 18774 4308.901681026069 5
153748 16042 98641 124381 16042 16942 16042 18787 5333.618892554925 5
293523 16051 130810 120291 16051 16951 16051 18823 8571.51377248956 5
190214 16069 62170 62230 16069 16969 16069 18795 3074.95039544774 5
292756 16080 4743 45460 16080 16980 16080 18822 4931.7437080483305 5
187447 16093 95816 11435 16093 16993 16093 18833 4721.96140165539 5
202709 16128 123630 129682 16128 17028 16128 18864 4260.499658947743 5
263099 16142 85369 8318 16142 17042 16142 18890 5699.967975499928 5
215925 16146 11414 65329 16146 17046 16146 18886 4697.253752559014 5
281196 16176 8320 4732 16176 17076 16176 18911 4111.485569726323 5
24855 16199 4732 10096 16199 17099 16199 18928 3365.0112904628445 5
129335 16201 86039 83006 16201 17101 16201 18947 5472.648815397173 5
297012 16214 15107 87642 16214 17114 16214 18949 4186.170638417784 5
171205 16216 96982 87323 16216 17116 16216 18945 3420.2159166290035 5
80840 16221 36200 10168 16221 17121 16221 18953 3808.1391341680055 5
90989 16241 8307 11437 16241 17141 16241 18958 2019.9432310977609 5
319066 16251 104709 7973 16251 17151 16251 18976 2956.802732673347 5
77265 16259 86226 11386 16259 17159 16259 18978 2192.272119282709 5
109491 16276 4753 14006 16276 17176 16276 18996 2391.8987239460157 5
332017 16281 1413 10269 16281 17181 16281 19024 5142.251484261848 5
199906 16313 68957 85385 16313 17213 16313 19034 2509.8481685338193 5
21394 16319 6166 8230 16319 17219 16319 19056 4382.513823862468 5
84392 16332 7754 9274 16332 17232 16332 19059 3181.74796009285 5
73677 16338 9553 44470 16338 17238 16338 19059 2429.007506505377 5
46419 16349 4732 4747 16349 17249 16349 19079 3483.565187714182 5
260230 16361 35777 10255 16361 17261 16361 19081 2309.1850513383265 5
240726 16375 130368 47847 16375 17275 16375 19095 2334.058891642026 5
339339 16415 62238 34369 16415 17315 16415 19147 3743.246468438513 5
269443 16538 62102 130027 16538 17438 16538 19616 45267.008553719286 5
32081 28256 6377 17173 28256 29156 28256 30996 4706.995547584929 5
46952 28259 10044 5319 28259 29159 28259 30981 2616.278453866085 5
250204 28262 100455 2492 28262 29162 28262 30995 3896.0483734458066 5
316291 28272 8081 3700 28272 29172 28272 31053 9704.05659252108 5
29394 28274 11375 35786 28274 29174 28274 31000 3064.3072161670752 5
50631 28278 5433 120262 28278 29178 28278 31020 5030.964874688583 5
265900 28292 16926 1756 28292 29192 28292 31029 4401.441710570496 5
308547 28300 35974 36024 28300 29200 28300 31020 2291.242413519164 5
143847 28334 100512 10353 28334 29234 28334 31062 3311.126689677461 5
147068 28389 11440 35947 28389 29289 28389 31153 7658.44701440351 5
330847 28402 85432 11435 28402 29302 28402 31159 6750.0706852384355 5
189482 28416 100405 10034 28416 29316 28416 31160 5202.653100226873 5
164772 28422 6801 4745 28422 29322 28422 31162 4738.28434855775 5
103229 28430 88235 35757 28430 29330 28430 31158 3295.4719703391997 5
53213 28434 18352 85420 28434 29334 28434 31167 3945.0363113415206 5
92044 28463 35977 1467 28463 29363 28463 31189 3005.255743603697 5
33504 28469 6156 6610 28469 29369 28469 31228 7029.059332205394 5
100868 28482 3137 85407 28482 29382 28482 31217 4142.727533703894 5
216638 28497 87450 93915 28497 29397 28497 31381 22019.112169608223 5
297013 28521 6635 2945 28521 29421 28521 31244 2720.8470607181775 5
88246 28533 35744 4089 28533 29433 28533 31283 5988.274227502267 5
309314 28583 91505 17172 28583 29483 28583 31333 5883.973987974197 5
308548 28630 36000 14492 28630 29530 28630 31418 10538.561434003936 5
224290 28690 100354 78858 28690 29590 28690 31506 13876.259207430952 5
239966 28746 91519 14246 28746 29646 28746 31539 11120.731968821707 5
36077 28755 12076 8932 28755 29655 28755 31503 5734.96402148506 5
86887 28800 3619 11887 28800 29700 28800 31577 9129.063760432246 5
226325 28850 85458 5571 28850 29750 28850 31588 4463.066732581302 5
240727 28884 100469 5807 28884 29784 28884 31605 2441.6182386719715 5
328583 28893 35757 4609 28893 29793 28893 31658 7799.227807477206 5
195493 28948 5564 6783 28948 29848 28948 31672 2803.854100567805 5
86272 28951 100389 3128 28951 29851 28951 31702 6041.2354871904245 5
134964 28954 4480 35762 28954 29854 28954 31709 6483.86365130828 5
267276 29001 85092 14491 29001 29901 29001 31736 4173.75966988855 5
263100 29010 9440 7799 29010 29910 29010 31755 5389.081294489577 5
307729 29024 3785 14488 29024 29924 29024 31783 7017.924202811485 5
179252 29036 5470 5567 29036 29936 29036 31767 3709.5343460901236 5
233202 29049 53535 48311 29049 29949 29049 31775 3061.3589321713234 5
108783 29074 91541 12274 29074 29974 29074 31798 2855.9354911887276 5
323309 29090 11444 5767 29090 29990 29090 31827 4330.984402994448 5
199228 29092 11440 14493 29092 29992 29092 31828 4312.356097841212 5
11250 29127 11377 13229 29127 30027 29127 31864 4339.525685918257 5
99708 29144 126920 10466 29144 30044 29144 31862 2159.376232923262 5
31397 29192 5321 100387 29192 30092 29192 31918 3114.2341516555225 5
265901 29229 7751 7800 29229 30129 29229 31952 2658.5259227677957 5
218674 42653 2 62142 42653 43553 42653 45457 12406.188728985038 5
185994 42660 65768 96388 42660 43560 42660 45392 3754.612952927752 5
26412 42678 109608 62154 42678 43578 42678 45404 3044.263451884437 5
276592 42683 11030 27484 42683 43583 42683 45437 6409.454891897292 5
299125 42690 85452 85098 42690 43590 42690 45436 5487.319199594357 5
250205 42710 1983 35956 42710 43610 42710 45514 12470.335698899687 5
58751 42818 85465 3114 42818 43718 42818 45565 5559.359861893455 5
291231 42867 5059 3236 42867 43767 42867 45649 9771.386369582455 5
203302 43000 9432 6229 43000 43900 43000 45728 3351.319822553669 5
157500 43018 85213 7678 43018 43918 43018 45844 15020.210858935297 5
260231 43067 96909 85494 43067 43967 43067 45803 4270.032668001468 5
281197 43131 82268 2645 43131 44031 43131 45904 8745.64492421077 5
310769 43215 12090 11375 43215 44115 43215 45937 2573.578420024452 5
57935 43226 50057 10281 43226 44126 43226 46006 9586.794630909815 5
6533 43231 11961 4734 43231 44131 43231 45954 2758.2997813850425 5
134202 43274 57186 9657 43274 44174 43274 46072 11680.722821956953 5
155722 43316 64331 100327 43316 44216 43316 46125 13067.129009058654 5
92749 43350 4113 96985 43350 44250 43350 46118 8041.196650036237 5
173752 43380 13035 100429 43380 44280 43380 46131 6052.580359330056 5
163187 43416 10174 87336 43416 44316 43416 46170 6433.9249963332495 5
144503 43481 2982 5435 43481 44381 43481 46225 5231.854600542013 5
243308 43510 85481 124604 43510 44410 43510 46290 9572.343761476219 5
135478 43529 88159 77410 43529 44429 43529 46249 2300.885620646359 5
55207 43542 12093 4724 43542 44442 43542 46310 8069.463468884906 5
226973 43627 127858 3113 43627 44527 43627 46363 4221.158025483763 5
227464 43702 10268 8298 43702 44602 43702 46450 5641.0079062196955 5
78032 43744 10172 6728 43744 44644 43744 46638 23243.338500341695 5
303856 43783 35759 5466 43783 44683 43783 46516 3840.7370403204354 5
111386 43788 35768 7962 43788 44688 43788 46524 4298.576212031359 5
297015 43833 8316 100427 43833 44733 43833 46557 2863.2112728837133 5
327123 43904 11449 57183 43904 44804 43904 46635 3647.8793374776697 5
275770 43976 16927 11438 43976 44876 43976 46719 5140.762742277166 5
232429 44161 7089 14793 44161 45061 44161 46886 2944.165108888403 5
305853 44208 11403 4725 44208 45108 44208 46963 6556.863695751248 5
191452 44237 7090 7085 44237 45137 44237 46954 2017.414455370505 5
79465 44258 5784 2138 44258 45158 44258 47014 6674.090190201629 5
228798 44279 7506 6889 44279 45179 44279 47086 12806.924735683764 5
314885 44349 16926 35761 44349 45249 44349 47105 6631.720499171737 5
208775 44370 36236 3155 44370 45270 44370 47174 12370.910035931574 5
30708 44415 3144 3118 44415 45315 44415 47176 7303.57369383621 5
301091 44417 3342 6229 44417 45317 44417 47144 3122.5515172798723 5
69444 44492 85416 130368 44492 45392 44492 47270 9248.73430582745 5
320990 44531 100427 3381 44531 45431 44531 47310 9431.58810203092 5
214589 44555 115438 36007 44555 45455 44555 47404 17811.823628851806 5
327499 44577 1823 11370 44577 45477 44577 47347 8366.191873896809 5
191453 44692 3123 91496 44692 45592 44692 47417 2914.408072252742 5
316292 44702 11885 109582 44702 45602 44702 47763 43310.86719093608 5
326499 44777 7807 4777 44777 45677 44777 47505 3281.88639759233 5
327124 44832 129816 125607 44832 45732 44832 47593 7225.946983052862 5
339791 44850 6366 87370 44850 45750 44850 47617 7969.2589562974745 5
314886 44900 11375 72128 44900 45800 44900 47913 37555.95205328785 5
321825 44967 3388 100502 44967 45867 44967 47765 11649.989574560212 5
44422 44987 64267 96982 44987 45887 44987 47743 6641.636317652975 5
99709 45007 7652 4724 45007 45907 45007 47733 3000.890375123404 5
232430 45081 85458 3113 45081 45981 45081 47854 8690.08884072454 5
102753 45173 121136 70415 45173 46073 45173 47945 8545.429225487795 5
5296 45202 11850 11512 45202 46102 45202 48004 12197.139019676333 5
73678 45247 11420 36318 45247 46147 45247 48007 7139.683724260268 5
50632 45259 65763 85112 45259 46159 45259 47995 4284.713934851427 5
54367 45285 104025 77794 45285 46185 45285 48086 12016.109601117652 5
11946 45368 1078 93915 45368 46268 45368 48206 16463.758223015167 5
256237 45377 85451 77410 45377 46277 45377 48149 8636.569577645512 5
331588 45400 11814 59373 45400 46300 45400 48342 28923.398398343445 5
208776 45419 2653 6798 45419 46319 45419 48137 2136.206534319903 5
215926 45437 1949 85092 45437 46337 45437 48256 14179.207585034637 5
3425 45519 15635 100522 45519 46419 45519 48297 9301.372942236934 5
57936 45572 130107 103761 45572 46472 45572 48297 2973.1624129491315 5
221884 45606 58679 11670 45606 46506 45606 48356 5934.984629854752 5
183243 45638 70834 5781 45638 46538 45638 48471 15945.995873087486 5
317918 45657 120305 5560 45657 46557 45657 48435 9277.926714095202 5
228060 45663 11766 5546 45663 46563 45663 48427 7662.943671992137 5
184526 45685 14486 2654 45685 46585 45685 48412 3216.2680026451594 5
59536 45712 65768 96982 45712 46612 45712 48431 2228.7837441532556 5
299126 45722 6796 123881 45722 46622 45722 48474 6154.80511208183 5
247600 45745 3383 36315 45745 46645 45745 48512 7977.040432057319 5
79466 45829 2653 66115 45829 46729 45829 48660 15665.572686787273 5
22248 45860 12408 7094 45860 46760 45860 48603 5155.326141299929 5
94803 45882 96655 130823 45882 46782 45882 48608 3037.258007658197 5
66282 45920 11515 10951 45920 46820 45920 48696 9038.58952242783 5
95485 46027 42661 86221 46027 46927 46027 48753 3021.3708323804362 5
235161 46119 54888 126364 46119 47019 46119 48844 2885.866612149027 5
126126 46127 4249 18639 46127 47027 46127 48847 2363.044716166296 5
179253 57053 10050 104764 57053 57953 57053 59799 5496.519393485454 5
179855 57055 14007 127648 57055 57955 57055 59794 4579.457160811279 5
316293 57058 10474 104635 57058 57958 57058 59807 5790.304393875224 5
327500 57060 10094 6796 57060 57960 57060 59803 5082.858244020711 5
136631 57062 35773 4756 57062 57962 57062 59783 2421.2240240557785 5
35086 57064 4089 2655 57064 57964 57064 59804 4741.613915541755 5
110799 57066 76841 7348 57066 57966 57066 60026 31129.44192875632 5
235827 57068 7095 5865 57068 57968 57068 59794 3082.7868235556443 5
39226 57070 35754 2140 57070 57970 57070 59827 6778.614114258829 5
158754 57072 407 7651 57072 57972 57072 59835 7532.946078042646 5
208152 57074 7095 7086 57074 57974 57074 59792 2065.3881852812133 5
242679 57076 4363 90915 57076 57976 57076 60003 27180.364218401086 5
81393 57078 532 70363 57078 57978 57078 59933 18559.246582928412 5
138585 57080 53536 91502 57080 57980 57080 59804 2782.8118301113595 5
254155 57082 2846 87663 57082 57982 57082 59799 2035.423966216954 5
266517 57084 46079 36184 57084 57984 57084 59818 4067.303739146402 5
43614 57086 3137 4613 57086 57986 57086 59849 7492.176391577035 5
187450 57088 119280 35915 57088 57988 57088 59807 2213.314501551368 5
320371 57090 35992 7797 57090 57990 57090 59877 10365.466588918225 5
289803 57092 7354 44933 57092 57992 57092 59824 3773.0940949551873 5
41458 57094 14658 96619 57094 57994 57094 59813 2215.1946303491845 5
94804 57096 65527 104780 57096 57996 57096 59827 3714.102212940714 5
338411 57098 4790 7087 57098 57998 57098 59819 2485.2570756942 5
183244 57100 2138 77413 57100 58000 57100 59841 4875.205710973258 5
53214 57102 1434 88701 57102 58002 57102 59837 4081.6322936668685 5
117673 57104 7093 85098 57104 58004 57104 59845 4913.726873387207 5
274169 57106 46432 2412 57106 58006 57106 59859 6282.183514029479 5
245015 57108 7796 125591 57108 58008 57108 59839 3683.207981214179 5
217887 57110 14779 7104 57110 58010 57110 59834 2870.593206129539 5
184527 57112 28919 93915 57112 58012 57112 59894 9811.956759829156 5
328584 57114 1443 83332 57114 58014 57114 59848 4025.6141781402634 5
83686 57116 7797 43095 57116 58016 57116 59848 3757.0560672652014 5
276593 57118 5570 85379 57118 58018 57118 59847 3385.7143647838484 5
251835 57120 4742 4835 57120 58020 57120 59867 5578.560940669377 5
5297 57122 112255 8905 57122 58022 57122 59841 2244.92689610345 5
167069 57124 7097 1077 57124 58024 57124 59855 3654.7174345172875 5
198452 57126 8318 9317 57126 58026 57126 59873 5619.051123633766 5
113798 57128 11509 3118 57128 58028 57128 59865 4407.165683317479 5
100546 57130 6666 4732 57130 58030 57130 59895 7684.001772062499 5
11947 57135 4480 8227 57135 58035 57135 59857 2636.009989145283 5
315885 57139 16356 6801 57139 58039 57139 59899 7158.787447884065 5
292023 57151 36237 7087 57151 58051 57151 59927 9093.917524318796 5
209607 57167 85377 56478 57167 58067 57167 59904 4397.511481637193 5
147069 57170 8187 51781 57170 58070 57170 59912 4944.73059675944 5
311655 57176 2640 95434 57176 58076 57176 59916 4781.023158060697 5
274978 57199 3114 5562 57199 58099 57199 59922 2718.3764189004646 5
208777 57203 11509 7650 57203 58103 57203 59922 2253.065747343948 5
327906 57214 17085 96989 57214 58114 57214 59940 3049.6454789450977 5
222590 57220 91513 86204 57220 58120 57220 59957 4418.664716916178 5
171206 57226 3135 4795 57226 58126 57226 59994 8093.24313173847 5
30710 57231 100502 95434 57231 58131 57231 59952 2421.600400436029 5
310771 57260 128455 85400 57260 58160 57260 60034 8862.722798806279 5
84393 57278 1428 85447 57278 58178 57278 60042 7664.454308096295 5
65670 57299 104330 7784 57299 58199 57299 60071 8627.998226659984 5
321416 57309 104624 7086 57309 58209 57309 60028 2277.2184736842446 5
317289 57325 91435 9488 57325 58225 57325 60098 8671.517284086629 5
312758 57336 103609 4244 57336 58236 57336 60056 2308.8048380230784 5
332018 57344 14646 4375 57344 58244 57344 60107 7465.470945127503 5
1029 57350 8314 56475 57350 58250 57350 60097 5635.930373157384 5
239968 57361 9560 8317 57361 58261 57361 60124 7547.480939138573 5
72989 57371 2808 11442 57371 58271 57371 60099 3240.4546506442393 5
218675 57384 9434 5768 57384 58284 57384 60128 5170.852666089896 5
324756 57390 11426 9473 57390 58290 57390 60138 5666.676132634193 5
19244 57404 36213 8526 57404 58304 57404 60157 6251.540834071681 5
285980 57410 11443 5319 57410 58310 57410 60129 2217.703697616344 5
34329 57412 67980 109710 57412 58312 57412 60130 2131.5349078376794 5
231687 57432 95427 130699 57432 58332 57432 60165 3906.0149858151626 5
295618 57435 2810 5781 57435 58335 57435 60187 6185.574851689458 5
256238 57442 45441 120334 57442 58342 57442 60182 4718.874842923472 5
223327 57452 8312 39988 57452 58352 57452 60179 3231.7695610891374 5
331221 57454 57202 4076 57454 58354 57454 60193 4588.346386405771 5
303857 57459 85974 118115 57459 58359 57459 60194 4117.455120622875 5
143848 57467 2809 100472 57467 58367 57467 60230 7516.641526740622 5
79467 57475 12974 3616 57475 58375 57475 60212 4326.785037747125 5
6534 57493 3508 5470 57493 58393 57493 60229 4227.523948919157 5
243310 57505 4737 16915 57505 58405 57505 60246 4884.329977888009 5
326500 57513 4101 44666 57513 58413 57513 60253 4696.848215360206 5
325520 57525 85418 104783 57525 58425 57525 60267 4989.047238115424 5
307730 57542 129765 11844 57542 58442 57542 60268 3025.5446300798503 5
240728 57581 5768 16695 57581 58481 57581 60298 2018.2085523132657 5
92751 57598 5570 85376 57598 58498 57598 60322 2835.87532007932 5
230895 57619 4633 86208 57619 58519 57619 60352 3892.9084960341024 5
8120 57629 85395 5569 57629 58529 57629 60377 5729.785019220506 5
327126 57635 6887 35751 57635 58535 57635 60374 4652.0634391536005 5
217888 57643 12309 6799 57643 58543 57643 60369 3033.4298666408013 5
77266 57656 6366 4796 57656 58556 57656 60405 5863.749963263595 5
16210 57666 36240 7910 57666 58566 57666 60407 4847.708429120953 5
252984 57672 3866 4933 57672 58572 57672 60426 6474.0746389004125 5
194303 57675 70616 6365 57675 58575 57675 60421 5462.037901535167 5
313270 57684 1432 407 57684 58584 57684 60414 3528.913449572871 5
273026 57694 130206 36045 57694 58594 57694 60419 2934.359179649776 5
124009 57708 7267 71046 57708 58608 57708 60463 6536.4050040954135 5
181079 57712 9855 35768 57712 58612 57712 60455 5113.695645396468 5
314887 57757 5784 7910 57757 58657 57757 60489 3764.52878482465 5
70808 57771 7348 7963 57771 58671 57771 60490 2180.5038659193287 5
317919 57793 5768 14491 57793 58693 57793 60528 4164.34460774174 5
105485 57810 3126 93806 57810 58710 57810 60532 2590.9755271824047 5
292757 57826 7093 44666 57826 58726 57826 60545 2166.9520487761874 5
319067 57916 85476 8506 57916 58816 57916 60636 2396.202587407074 5
-1
r.id  r.timeCall  r.pickupLocationID r.deliveryLocationID  r.earlyPickupTime  r.latePickupTime  r.earlyDeliveryTime  r.lateDeliveryTime
183242 13861 46445 6725 13861 82751 13861 82800
160316 13865 5770 8235 13865 82753 13865 82800
260879 13867 11184 111897 13867 82780 13867 82800
256236 13869 8932 65749 13869 82756 13869 82800
201278 13871 7737 9556 13871 82734 13871 82800
46950 13873 99926 35726 13873 82767 13873 82800
5908 13875 126829 114689 13875 82755 13875 82800
54365 13877 14796 4100 13877 82765 13877 82800
265897 13879 4804 66714 13879 82767 13879 82800
145819 13881 57197 13182 13881 82774 13881 82800
329589 13883 121334 23824 13883 82700 13883 82800
19904 13885 13709 43555 13885 82774 13885 82800
64105 13887 33672 64492 13887 82672 13887 82800
183799 13889 71210 123434 13889 82640 13889 82800
122080 13891 18368 6924 13891 82759 13891 82800
216637 13893 36026 126342 13893 82666 13893 82800
97407 13895 100470 7759 13895 82775 13895 82800
290505 13897 9479 10158 13897 82767 13897 82800
249323 13899 50064 100481 13899 82759 13899 82800
160936 13901 46438 4789 13901 82778 13901 82800
260228 13903 1429 83489 13903 82769 13903 82800
6531 13905 12215 10264 13905 82782 13905 82800
31394 13907 8526 12974 13907 82764 13907 82800
236308 13909 101908 100256 13909 82746 13909 82800
202046 13911 14908 36056 13911 82753 13911 82800
123316 13913 5555 10054 13913 82768 13913 82800
257376 13915 82217 24286 13915 82719 13915 82800
195492 13917 61916 62213 13917 82711 13917 82800
278500 13919 5803 10050 13919 82730 13919 82800
20634 13921 36000 17663 13921 82751 13921 82800
50170 13923 13123 4220 13923 82732 13923 82800
246940 13925 109461 67299 13925 82667 13925 82800
213239 13927 51781 36209 13927 82713 13927 82800
281746 13929 7797 77785 13929 82759 13929 82800
208773 13931 11370 3115 13931 82772 13931 82800
73676 13947 8937 3376 13947 82731 13947 82800
336269 13954 33994 11435 13954 82424 13954 82800
92043 13963 8205 12291 13963 82706 13963 82800
280116 13974 5773 7418 13974 82736 13974 82800
5294 13981 6363 100402 13981 82763 13981 82800
239965 13984 14807 124807 13984 82726 13984 82800
221175 13993 35963 8011 13993 82768 13993 82800
11249 13997 5425 11845 13997 82757 13997 82800
304744 14002 7830 1344 14002 82774 14002 82800
33502 14008 73365 100451 14008 82747 14008 82800
80837 14015 2948 6637 14015 82779 14015 82800
314402 14033 120305 3275 14033 82718 14033 82800
120356 14054 128333 121093 14054 82758 14054 82800
192247 14069 129465 10045 14069 82768 14069 82800
302617 14087 103577 11985 14087 82722 14087 82800
333447 14089 5569 9415 14089 82645 14089 82800
92747 14112 8551 4789 14112 82739 14112 82800
264507 14121 10098 5578 14121 82734 14121 82800
63546 14128 3513 11375 14128 82757 14128 82800
29392 14130 11437 7797 14130 82768 14130 82800
32078 14132 5423 11845 14132 82756 14132 82800
121393 14134 88158 13421 14134 82711 14134 82800
326098 14139 86014 13231 14139 82707 14139 82800
285978 14145 7086 65123 14145 82777 14145 82800
89475 14149 100393 2822 14149 82771 14149 82800
99706 14161 2495 95363 14161 82779 14161 82800
287308 14169 5471 14492 14169 82758 14169 82800
13306 14173 119319 7885 14173 82733 14173 82800
10707 14177 95347 36057 14177 82725 14177 82800
49725 14184 5417 5425 14184 82777 14184 82800
94799 14186 12977 65330 14186 82750 14186 82800
175737 14199 95357 11756 14199 82766 14199 82800
134963 14207 3508 3137 14207 82736 14207 82800
155169 14231 10349 123434 14231 82767 14231 82800
79463 14234 7766 9564 14234 82772 14234 82800
263858 14240 104770 5470 14240 82776 14240 82800
72327 14258 130810 16909 14258 82781 14258 82800
285239 14273 91525 123213 14273 82727 14273 82800
162481 14286 87661 7342 14286 82767 14286 82800
219486 14293 117657 35761 14293 82753 14293 82800
254153 14305 129918 13548 14305 82705 14305 82800
54366 14332 35750 15633 14332 82764 14332 82800
94077 14338 47543 3510 14338 82630 14338 82800
23625 14363 3116 3132 14363 82764 14363 82800
35084 14373 104709 4250 14373 82770 14373 82800
160937 14375 131230 14929 14375 82780 14375 82800
85070 14396 123881 17688 14396 82763 14396 82800
77263 14403 42280 10048 14403 82769 14403 82800
97408 14419 107114 91535 14419 82780 14419 82800
5295 14431 65093 128185 14431 82753 14431 82800
189481 14436 5319 3871 14436 82770 14436 82800
14644 14442 6368 3625 14442 82739 14442 82800
221176 14456 36015 5832 14456 82771 14456 82800
145820 14478 130027 9889 14478 82766 14478 82800
57932 14488 91535 5454 14488 82752 14488 82800
169640 14496 85413 121555 14496 82743 14496 82800
279454 14499 10533 8024 14499 82722 14499 82800
331218 14517 10358 11766 14517 82747 14517 82800
127250 14522 100472 9927 14522 82707 14522 82800
160317 14528 36209 13180 14528 82779 14528 82800
252978 14534 8231 114696 14534 82781 14534 82800
7355 14544 11862 110473 14544 82684 14544 82800
87599 14553 12092 15635 14553 82761 14553 82800
268654 14565 5418 96649 14565 82778 14565 82800
31395 14588 130823 8528 14588 82733 14588 82800
85769 14594 100453 11820 14594 82720 14594 82800
80838 14603 100385 11439 14603 82758 14603 82800
304745 14608 4235 85458 14608 82705 14608 82800
274167 14619 37020 1843 14619 82679 14619 82800
285979 14629 77410 2634 14629 82737 14629 82800
90987 14633 6797 11305 14633 82775 14633 82800
230893 14642 11375 4245 14642 82766 14642 82800
44419 14649 4734 85466 14649 82755 14649 82800
254843 14658 87661 11302 14658 82757 14658 82800
337921 14665 65757 100518 14665 82778 14665 82800
104790 14670 10098 3139 14670 82741 14670 82800
78030 14696 40824 2588 14696 82756 14696 82800
100867 14701 85369 11761 14701 82771 14701 82800
106225 14713 35974 1564 14713 82737 14713 82800
226321 14723 8236 38066 14723 82767 14723 82800
207492 14725 6722 3866 14725 82713 14725 82800
215924 14729 127014 15634 14729 82753 14729 82800
55206 14731 12278 187 14731 82729 14731 82800
199905 14744 125218 7688 14744 82717 14744 82800
130642 14758 104710 53529 14758 82774 14758 82800
327497 14801 5776 10048 14801 82779 14801 82800
77264 14811 10043 98587 14811 82745 14811 82800
100544 14830 9837 10473 14830 82760 14830 82800
49726 14842 4247 5562 14842 82770 14842 82800
316289 14852 8229 1430 14852 82730 14852 82800
72328 14854 11438 7140 14854 82761 14854 82800
146392 14862 14797 5577 14862 82745 14862 82800
55898 14867 10533 3124 14867 82774 14867 82800
89476 14871 108100 9444 14871 82777 14871 82800
252979 14882 36997 95434 14882 82712 14882 82800
175738 14889 104710 3123 14889 82764 14889 82800
151148 14904 10050 13208 14904 82781 14904 82800
36699 14910 14797 85433 14910 82752 14910 82800
177313 14913 33517 7845 14913 82484 14913 82800
58750 14918 128340 10469 14918 82763 14918 82800
158216 14921 53360 3121 14921 82441 14921 82800
11945 14928 11920 11849 14928 82753 14928 82800
247599 14932 11511 6725 14932 82774 14932 82800
32079 14935 5423 11845 14935 82756 14935 82800
17941 14940 4741 14546 14940 82724 14940 82800
45166 14949 2493 2653 14949 82755 14949 82800
191450 14966 109488 55395 14966 82690 14966 82800
192937 14971 130810 45550 14971 82694 14971 82800
265898 14986 7926 7914 14986 82773 14986 82800
326099 14991 8240 16304 14991 82763 14991 82800
137419 14993 489 111001 14993 82676 14993 82800
173047 15000 5421 2981 15000 82735 15000 82800
307728 15007 8216 35971 15007 82663 15007 82800
133071 15010 10098 103761 15010 82776 15010 82800
324754 15022 11303 129689 15022 82745 15022 82800
119027 15045 18060 121454 15045 82782 15045 82800
337922 15051 125218 11845 15051 82779 15051 82800
68064 15061 85451 3620 15061 82764 15061 82800
29393 15068 100508 10048 15068 82763 15068 82800
132123 15073 124701 9450 15073 82759 15073 82800
113204 15082 130823 117807 15082 82690 15082 82800
236920 15084 11845 2204 15084 82773 15084 82800
71555 15095 85389 68775 15095 82711 15095 82800
188795 15105 12076 7100 15105 82740 15105 82800
178494 15107 10836 77411 15107 82777 15107 82800
185247 15109 8301 10678 15109 82731 15109 82800
131424 15117 5550 3508 15117 82774 15117 82800
311653 15126 103577 39988 15126 82780 15126 82800
162482 15130 14797 125607 15130 82735 15130 82800
232427 15144 11194 7091 15144 82770 15144 82800
323307 15151 8234 36300 15151 82755 15151 82800
57301 15161 11074 7808 15161 82753 15161 82800
268655 15177 87625 6366 15177 82732 15177 82800
228059 15189 125904 10357 15189 82770 15189 82800
22948 15191 111704 105054 15191 82776 15191 82800
279455 15197 2816 120299 15197 82776 15197 82800
317915 15221 35743 4672 15221 82743 15221 82800
8119 15255 13709 51781 15255 82781 15255 82800
145821 15262 11302 14795 15262 82761 15262 82800
187446 15271 130810 6777 15271 82773 15271 82800
83684 15274 100434 105021 15274 82759 15274 82800
65487 15279 43333 12093 15279 82733 15279 82800
313268 15291 3511 85472 15291 82775 15291 82800
44420 15299 10048 8302 15299 82773 15299 82800
88245 15306 12983 14799 15306 82762 15306 82800
110242 15322 105053 129934 15322 82749 15322 82800
339338 15329 44378 101515 15329 82735 15329 82800
72329 15350 36226 103954 15350 82762 15350 82800
141275 15353 85388 4788 15353 82721 15353 82800
38572 15368 4633 53529 15368 82725 15368 82800
99051 15377 62233 64492 15377 82592 15377 82800
211517 15387 4731 5574 15387 82747 15387 82800
300405 15395 6801 14662 15395 82716 15395 82800
309312 15410 9902 104875 15410 82778 15410 82800
169641 15432 53538 4250 15432 82767 15432 82800
90988 15435 104761 4744 15435 82748 15435 82800
114525 15437 9902 11971 15437 82768 15437 82800
228797 15441 5831 4080 15441 82685 15441 82800
100545 15444 85437 121486 15444 82682 15444 82800
45167 15449 3132 128317 15449 82763 15449 82800
30707 15459 11403 16926 15459 82723 15459 82800
21393 15463 4361 2631 15463 82779 15463 82800
48260 15466 3157 16306 15466 82731 15466 82800
242678 15485 14480 10050 15485 82763 15485 82800
103228 15500 3123 18061 15500 82783 15500 82800
290506 15509 9441 12445 15509 82724 15509 82800
126125 15528 6375 11971 15528 82734 15528 82800
99707 15535 12970 11965 15535 82775 15535 82800
173751 15551 53535 7086 15551 82774 15551 82800
263859 15565 7973 67576 15565 82615 15565 82800
311654 15569 14797 13203 15569 82781 15569 82800
281748 15583 86212 65909 15583 82659 15583 82800
86886 15587 35773 10034 15587 82772 15587 82800
10708 15594 3921 1697 15594 82736 15594 82800
32080 15598 100488 1557 15598 82697 15598 82800
116963 15605 16912 11346 15605 82767 15605 82800
46418 15610 3133 47464 15610 82749 15610 82800
297011 15624 112309 1424 15624 82778 15624 82800
299124 15626 3618 42999 15626 82750 15626 82800
230894 15642 6887 11304 15642 82751 15642 82800
289801 15650 103759 117768 15650 82707 15650 82800
118388 15674 9900 9513 15674 82768 15674 82800
319065 15676 6773 5546 15676 82777 15676 82800
186713 15684 4742 3137 15684 82768 15684 82800
27639 15690 15496 8068 15690 82743 15690 82800
134201 15697 62172 64492 15697 82598 15697 82800
260881 15710 7753 15187 15710 82758 15710 82800
192938 15721 11671 100521 15721 82698 15721 82800
31396 15751 36189 6725 15751 82764 15751 82800
274168 15765 104579 4483 15765 82776 15765 82800
117672 15767 12072 8919 15767 82776 15767 82800
322909 15777 4736 3871 15777 82736 15777 82800
57302 15787 8236 93835 15787 82779 15787 82800
282807 15798 11414 5565 15798 82767 15798 82800
201279 15810 8238 100545 15810 82775 15810 82800
313663 15838 5549 17177 15838 82734 15838 82800
245630 15848 98614 11509 15848 82760 15848 82800
9548 15858 62172 8847 15858 82501 15858 82800
24854 15867 121555 5454 15867 82780 15867 82800
128470 15874 8749 106580 15874 82736 15874 82800
53212 15890 14797 3510 15890 82767 15890 82800
219487 15892 35759 2825 15892 82733 15892 82800
145822 15910 488 6801 15910 82748 15910 82800
7356 15924 131021 101849 15924 82736 15924 82800
326100 15928 128753 104066 15928 82715 15928 82800
236309 15930 2839 4366 15930 82759 15930 82800
70806 15936 62093 100509 15936 82455 15936 82800
276591 15942 10821 38477 15942 82780 15942 82800
162483 15952 106766 4101 15952 82770 15952 82800
303148 15964 104710 9903 15964 82750 15964 82800
188796 15978 12225 35946 15978 82762 15978 82800
161709 15989 10098 14492 15989 82754 15989 82800
254844 16011 117657 11439 16011 82762 16011 82800
168382 16021 53527 5454 16021 82758 16021 82800
147796 16030 15496 98878 16030 82759 16030 82800
275769 16039 15103 5786 16039 82752 16039 82800
223803 16050 9900 8238 16050 82743 16050 82800
164771 16067 36237 70402 16067 82736 16067 82800
197078 16078 4731 100347 16078 82749 16078 82800
252980 16090 5320 43190 16090 82779 16090 82800
271225 16094 8067 7798 16094 82775 16094 82800
94802 16134 4724 6736 16134 82776 16134 82800
146393 16145 5195 95434 16145 82770 16145 82800
111847 16147 37012 7813 16147 82721 16147 82800
44421 16198 102015 8315 16198 82745 16198 82800
92748 16200 104704 37444 16200 82756 16200 82800
106226 16212 3865 35991 16212 82764 16212 82800
330846 16215 10276 51753 16215 82775 16215 82800
206758 16219 62236 7027 16219 82382 16219 82800
116964 16223 91544 10252 16223 82771 16223 82800
287310 16249 2677 2808 16249 82773 16249 82800
266516 16254 100444 13201 16254 82772 16254 82800
69442 16272 65532 18616 16272 82771 16272 82800
162484 16277 4098 95542 16277 82782 16277 82800
98611 16299 62232 119889 16299 82489 16299 82800
327905 16317 9891 74039 16317 82780 16317 82800
52013 16324 72610 83303 16324 82782 16324 82800
17942 16335 87772 3377 16335 82780 16335 82800
119028 16345 5420 7341 16345 82779 16345 82800
65488 16350 3132 65532 16350 82782 16350 82800
230136 16363 5546 14798 16363 82782 16363 82800
317916 16401 10045 100494 16401 82780 16401 82800
340703 16416 1537 36045 16416 82778 16416 82800
53727 16539 109482 7090 16539 82422 16539 82800
239522 28258 10560 834 28258 82763 28258 82800
337923 28261 7103 1432 28261 82776 28261 82800
253626 28267 8316 70107 28267 82777 28267 82800
128471 28273 35007 57293 28273 82756 28273 82800
226324 28275 123435 4105 28275 82779 28275 82800
61015 28281 118265 120269 28281 82761 28281 82800
52536 28299 5154 4687 28299 82780 28299 82800
132559 28301 16304 14845 28301 82678 28301 82800
140017 28335 100405 3730 28335 82720 28335 82800
176129 28395 100424 17804 28395 82723 28395 82800
133606 28405 10666 36093 28405 82771 28405 82800
217886 28418 11439 4477 28418 82740 28418 82800
289802 28426 14928 11766 28426 82727 28426 82800
200572 28433 100505 5567 28433 82767 28433 82800
111848 28455 9834 123221 28455 82733 28455 82800
162485 28467 8091 87426 28467 82731 28467 82800
263860 28475 2848 98605 28475 82733 28475 82800
280619 28494 126916 7341 28494 82775 28494 82800
314403 28501 62509 11733 28501 82777 28501 82800
57934 28528 2663 11652 28528 82612 28528 82800
174431 28573 6800 9902 28573 82744 28573 82800
199227 28600 4086 126340 28600 82773 28600 82800
32082 28684 51750 5566 28684 82769 28684 82800
49028 28692 12081 11372 28692 82771 28692 82800
260882 28747 100409 14487 28747 82757 28747 82800
153045 28774 14805 85414 28774 82767 28774 82800
198449 28849 7808 1857 28849 82763 28849 82800
261633 28880 4086 11372 28880 82766 28880 82800
104791 28887 6363 5865 28887 82760 28887 82800
187448 28930 9432 62139 28930 82469 28930 82800
70807 28950 2808 2792 28950 82773 28950 82800
66946 28952 100479 8330 28952 82742 28952 82800
235159 28996 4743 111738 28996 82427 28996 82800
337924 29002 10163 11069 29002 82777 29002 82800
39225 29012 4738 65753 29012 82772 29012 82800
93455 29035 95332 69128 29035 82773 29035 82800
197079 29044 4246 8318 29044 82765 29044 82800
248783 29073 100404 120233 29073 82771 29073 82800
317917 29084 9440 9434 29084 82778 29084 82800
152433 29091 316 15994 29091 82756 29091 82800
48261 29120 6363 4364 29120 82771 29120 82800
42675 29137 5198 126340 29137 82774 29137 82800
46953 29171 100409 130445 29171 82782 29171 82800
135477 29221 33517 5195 29221 82437 29221 82800
324755 29246 124693 120306 29246 82782 29246 82800
339789 42658 6365 109721 42658 82760 42658 82800
85072 42661 109508 62143 42661 82780 42661 82800
32083 42681 80609 6728 42681 82635 42681 82800
176130 42686 33500 9332 42686 82777 42686 82800
2165 42693 107110 118070 42693 82774 42693 82800
297014 42766 18934 85124 42766 82713 42766 82800
149507 42839 9891 9520 42839 82762 42839 82800
69443 42963 406 14928 42963 82772 42963 82800
198450 43008 8239 11670 43008 82741 43008 82800
209606 43057 123191 6728 43057 82587 43057 82800
211518 43124 10469 6367 43124 82762 43124 82800
305852 43210 121093 12977 43210 82769 43210 82800
167067 43222 130779 95112 43222 82765 43222 82800
2166 43228 2934 3131 43228 82635 43228 82800
337161 43251 15060 62191 43251 82447 43251 82800
232428 43277 11397 100427 43277 82732 43277 82800
223804 43331 128340 11509 43331 82771 43331 82800
133607 43356 11971 11752 43356 82750 43356 82800
95484 43400 50082 2357 43400 82688 43400 82800
17424 43434 3140 96984 43434 82744 43434 82800
192939 43482 10475 16907 43482 82743 43482 82800
82992 43528 114473 6728 43528 82561 43528 82800
83685 43530 43173 2249 43530 82764 43530 82800
265286 43605 45455 6728 43605 82651 43605 82800
191451 43650 86206 12971 43650 82777 43650 82800
87600 43706 71777 5549 43706 82740 43706 82800
216639 43754 68955 128583 43754 82772 43754 82800
282808 43787 9409 57478 43787 82696 43787 82800
253627 43829 95359 11950 43829 82760 43829 82800
139263 43847 4234 104874 43847 82730 43847 82800
235160 43972 11402 85092 43972 82755 43972 82800
339790 44145 11920 18565 44145 82766 44145 82800
198451 44187 6814 62119 44187 82459 44187 82800
339340 44236 6546 11722 44236 82737 44236 82800
211519 44251 8318 11511 44251 82765 44251 82800
239967 44268 10474 9520 44268 82744 44268 82800
310770 44320 3135 15496 44320 82751 44320 82800
21395 44365 12751 9230 44365 82709 44365 82800
269444 44398 75436 5248 44398 82535 44398 82800
221883 44416 10697 114707 44416 82713 44416 82800
187449 44450 87228 33592 44450 82471 44450 82800
92750 44503 2653 130823 44503 82751 44503 82800
106227 44552 35942 11671 44552 82682 44552 82800
331220 44563 5571 3119 44563 82768 44563 82800
81847 44637 126223 100450 44637 82676 44637 82800
39942 44696 11196 5555 44696 82780 44696 82800
211520 44718 96392 2359 44718 82702 44718 82800
25621 44825 100909 111898 44825 82769 44825 82800
104792 44846 77814 130748 44846 82733 44846 82800
111387 44852 8322 130810 44852 82754 44852 82800
148974 44936 109724 62124 44936 82440 44936 82800
275771 44968 91541 65751 44968 82727 44968 82800
243925 44996 9891 130823 44996 82768 44996 82800
301939 45037 35987 62145 45037 82393 45037 82800
305854 45097 4792 8313 45097 82769 45097 82800
243309 45175 128486 5419 45175 82768 45175 82800
96755 45228 15535 128753 45228 82733 45228 82800
252981 45250 117657 3113 45250 82777 45250 82800
85073 45271 5571 119707 45271 82770 45271 82800
314404 45355 2154 12091 45355 82735 45355 82800
167068 45371 35997 3150 45371 82775 45371 82800
151149 45398 4932 1564 45398 82749 45398 82800
166445 45418 45608 2822 45418 82766 45418 82800
49029 45428 1817 45592 45428 82714 45428 82800
145823 45471 4235 85092 45471 82771 45471 82800
338410 45558 512 4755 45558 82769 45558 82800
21396 45594 1430 15531 45594 82762 45594 82800
287311 45632 87228 91004 45632 82672 45632 82800
252982 45652 4736 8316 45652 82780 45652 82800
135479 45662 85393 5773 45662 82741 45662 82800
236310 45665 61099 93909 45665 82743 45665 82800
55208 45691 18627 3113 45691 82759 45691 82800
176131 45716 10047 96765 45716 82764 45716 82800
233939 45740 37005 3114 45740 82760 45740 82800
327125 45773 10465 2806 45773 82751 45773 82800
301092 45841 11440 35783 45841 82779 45841 82800
119029 45868 85465 8298 45868 82751 45868 82800
264508 45883 4102 5454 45883 82751 45883 82800
30709 45983 85092 8318 45983 82771 45983 82800
313269 46066 8219 18134 46066 82752 46066 82800
32727 46121 43413 62190 46121 82404 46121 82800
32084 46128 105055 7085 46128 82774 46128 82800
78033 57054 10276 3118 57054 82745 57054 82800
40732 57057 14493 55648 57057 82761 57057 82800
71556 57059 114702 83000 57059 82751 57059 82800
190215 57061 70453 3824 57061 82771 57061 82800
86273 57063 7648 91496 57063 82775 57063 82800
106947 57065 131062 126665 57065 82779 57065 82800
98612 57067 42274 4796 57067 82769 57067 82800
264905 57069 70360 11413 57069 82781 57069 82800
296275 57071 100568 5420 57071 82761 57071 82800
316775 57073 7139 5470 57073 82739 57073 82800
252381 57075 10660 8316 57075 82776 57075 82800
80087 57077 2810 126844 57077 82739 57077 82800
148245 57079 18640 2662 57079 82758 57079 82800
202049 57081 11445 3371 57081 82771 57081 82800
225674 57083 88739 119837 57083 82692 57083 82800
173753 57085 57198 11677 57085 82778 57085 82800
294166 57087 57452 49917 57087 82725 57087 82800
2603 57089 88474 130823 57089 82781 57089 82800
28134 57091 7438 11509 57091 82756 57091 82800
329590 57093 75486 33513 57093 82776 57093 82800
332996 57095 3134 7087 57095 82768 57095 82800
93456 57097 121136 3113 57097 82733 57097 82800
319827 57099 3505 125218 57099 82759 57099 82800
246941 57101 120233 96765 57101 82763 57101 82800
111388 57103 5779 7757 57103 82766 57103 82800
123317 57105 3517 11970 57105 82774 57105 82800
252983 57107 15109 100133 57107 82761 57107 82800
167698 57109 3123 10697 57109 82779 57109 82800
3426 57111 35986 11508 57111 82699 57111 82800
236311 57113 11380 11074 57113 82778 57113 82800
200573 57115 50073 93910 57115 82735 57115 82800
210252 57117 8316 4737 57117 82782 57117 82800
313664 57119 8310 85122 57119 82773 57119 82800
267277 57121 18582 1410 57121 82770 57121 82800
129336 57123 117665 5192 57123 82702 57123 82800
50633 57125 2856 5559 57125 82766 57125 82800
78788 57127 88244 45399 57127 82750 57127 82800
230137 57129 65422 22050 57129 82747 57129 82800
68065 57131 4224 98616 57131 82742 57131 82800
251022 57138 129817 130823 57138 82768 57138 82800
215927 57145 3123 130823 57145 82782 57145 82800
72331 57155 11420 4738 57155 82779 57155 82800
69445 57169 6368 11421 57169 82728 57169 82800
157501 57171 91499 2129 57171 82776 57171 82800
170476 57181 104876 91496 57181 82765 57181 82800
10131 57201 4739 85122 57201 82763 57201 82800
287312 57204 3510 85098 57204 82763 57204 82800
151853 57215 10270 10040 57215 82767 57215 82800
132124 57225 8316 7659 57225 82750 57225 82800
8879 57227 11199 58952 57227 82780 57227 82800
283875 57245 45600 96619 57245 82757 57245 82800
199229 57275 120247 87641 57275 82742 57275 82800
300406 57297 54764 6796 57297 82750 57297 82800
201280 57307 112077 85098 57307 82752 57307 82800
21397 57316 85437 96982 57316 82759 57316 82800
110243 57329 128753 3511 57329 82760 57329 82800
165857 57341 38062 126618 57341 82755 57341 82800
140668 57347 95426 9520 57347 82778 57347 82800
27640 57355 8217 4835 57355 82752 57355 82800
28702 57364 107204 130530 57364 82779 57364 82800
137420 57383 8313 2848 57383 82779 57383 82800
247601 57387 7090 3113 57387 82769 57387 82800
12577 57393 10696 4235 57393 82777 57393 82800
52014 57405 3920 11376 57405 82746 57405 82800
289152 57411 103790 4796 57411 82768 57411 82800
121395 57414 8313 11509 57414 82758 57414 82800
98184 57434 12076 7962 57434 82774 57434 82800
333448 57439 4743 10270 57439 82769 57439 82800
235162 57448 121333 5581 57448 82750 57448 82800
260883 57453 1067 91496 57453 82764 57453 82800
66947 57456 65717 10270 57456 82742 57456 82800
304747 57464 2143 88217 57464 82777 57464 82800
92045 57468 6602 9664 57468 82766 57468 82800
203303 57489 11509 91496 57489 82755 57489 82800
277239 57494 10040 96387 57494 82764 57494 82800
109492 57512 121454 107203 57512 82775 57512 82800
252382 57516 15190 3118 57516 82775 57516 82800
208153 57534 4743 40573 57534 82727 57534 82800
176132 57543 17220 3119 57543 82779 57543 82800
87601 57596 6801 17085 57596 82759 57596 82800
281198 57603 18106 491 57603 82770 57603 82800
206759 57620 18616 70402 57620 82758 57620 82800
276594 57630 85452 5204 57630 82766 57630 82800
162486 57638 10468 6885 57638 82766 57638 82800
108234 57649 3509 58953 57649 82781 57649 82800
331589 57664 11370 11756 57664 82768 57664 82800
152434 57671 95535 5196 57671 82779 57671 82800
297723 57674 2848 7643 57674 82779 57674 82800
249326 57679 7564 11499 57679 82744 57679 82800
175739 57685 120336 36231 57685 82765 57685 82800
309315 57702 16970 8303 57702 82772 57702 82800
283224 57710 4743 3684 57710 82779 57710 82800
179856 57747 36315 129765 57747 82758 57747 82800
327501 57770 10274 58918 57770 82777 57770 82800
140018 57791 8328 54865 57791 82775 57791 82800
95486 57803 1419 1430 57803 82775 57803 82800
143331 57817 1488 1466 57817 82765 57817 82800
320991 57842 11437 14490 57842 82778 57842 82800
122660 57945 637 7841 57945 82780 57945 82800
-1
