r.id  r.timeCall  r.pickupLocationID r.deliveryLocationID  r.earlyPickupTime  r.latePickupTime  r.earlyDeliveryTime  r.lateDeliveryTime  r.maxTravelDistance  r.maxNbStops
113781 2816 439 8234 2816 3716 2816 5557 4835.938380221746 5
66260 2820 71244 7961 2820 3720 2820 5681 19307.4019202228 5
179239 2822 8369 16583 2822 3722 2822 5603 9647.143627603136 5
328229 2824 82178 127411 2824 3724 2824 5621 11540.120354941653 5
99037 2826 15673 8326 2826 3726 2826 5585 7001.485720471909 5
191433 2828 10471 4190 2828 3728 2828 5559 3674.1096028781008 5
315875 2830 95436 120324 2830 3730 2830 5582 6158.418423253769 5
132547 2832 44882 62134 2832 3732 2832 5921 46677.509186941075 5
68746 2834 9903 11509 2834 3734 2834 5565 3678.4708276979045 5
2155 2836 35595 69217 2836 3736 2836 5574 4461.059110724117 5
156340 2838 7684 43401 2838 3738 2838 5560 2625.7492034323514 5
330431 2840 4962 65443 2840 3740 2840 5610 8302.150846313974 5
125535 2842 7336 7688 2842 3742 2842 5594 6170.450058398502 5
321406 2844 4917 7099 2844 3744 2844 5629 10093.823888863953 5
106925 2846 4797 4247 2846 3746 2846 5585 4584.081520971318 5
92029 2848 8301 11504 2848 3748 2848 5580 3734.149071211603 5
122642 2850 36541 11924 2850 3750 2850 5667 13940.690301374043 5
30687 2852 2660 7087 2852 3752 2852 5598 5412.59191779758 5
339330 2854 14779 4192 2854 3754 2854 5612 6938.084652051734 5
11233 2856 18675 11304 2856 3756 2856 5578 2633.5330506377795 5
272417 2858 10048 11943 2858 3758 2858 5583 2895.9364744487843 5
24838 2860 8321 7885 2860 3760 2860 5579 2184.3144636291067 5
340684 2862 5425 3370 2862 3762 2862 5620 6947.852320940579 5
324072 2864 10048 17177 2864 3764 2864 5614 5980.512616906987 5
284555 2866 13999 7085 2866 3766 2866 5627 7295.846715456675 5
324736 2868 71378 95434 2868 3768 2868 5619 6066.894597522837 5
235145 2870 975 1436 2870 3770 2870 5713 17112.269465975492 5
134183 2872 2495 3571 2872 3772 2872 5720 17735.290886114097 5
251008 2874 121554 62217 2874 3774 2874 5944 44285.641047325524 5
277851 2876 8328 6370 2876 3776 2876 5601 2939.703218493206 5
220429 2878 8509 35748 2878 3778 2878 5607 3446.397770327418 5
167050 2880 12211 35948 2880 3780 2880 5599 2254.512392743158 5
300394 2882 1400 91486 2882 3782 2882 5611 3434.2305051135572 5
302600 2884 35744 14492 2884 3784 2884 5622 4459.583927082202 5
161695 2886 11419 11765 2886 3786 2886 5624 4481.052479303688 5
221152 2888 7830 41712 2888 3788 2888 5847 31027.56621442856 5
138567 2890 3124 6800 2890 3790 2890 5637 5563.473315551827 5
224275 2892 1454 1486 2892 3792 2892 5641 5870.239820005471 5
329586 2894 52609 56784 2894 3794 2894 5666 8550.817529372081 5
273529 2896 6783 130333 2896 3796 2896 5621 2935.059686456259 5
237570 2898 46438 10058 2898 3798 2898 5674 9107.304941852202 5
132105 2900 129004 3117 2900 3800 2900 5634 4003.7892249238735 5
64742 2908 12086 4685 2908 3808 2908 5639 3631.47099188513 5
129310 2912 11892 7973 2912 3812 2912 5697 10144.181712135793 5
87588 2924 4727 4101 2924 3824 2924 5685 7211.769437024435 5
51999 2929 8303 17288 2929 3829 2929 5696 7986.627692181572 5
103211 2931 7880 5196 2931 3831 2931 5652 2440.800794036659 5
106208 2936 7267 8238 2936 3836 2936 5689 6320.820486062632 5
56603 2941 130090 19573 2941 3841 2941 5958 37982.44383646907 5
193543 2951 8217 7857 2951 3851 2951 5716 7785.985253768135 5
71533 2958 14492 14071 2958 3858 2958 5699 4849.615926655073 5
169622 2960 5582 6081 2960 3860 2960 5749 10649.611965589755 5
137412 2971 100472 96747 2971 3871 2971 5692 2405.4747405003714 5
185229 2977 4742 35964 2977 3877 2977 5776 11815.19995358624 5
93440 2995 16907 10171 2995 3895 2995 5787 10994.233475273706 5
176833 3012 2143 14069 3012 3912 3012 5748 4306.955553744912 5
263842 3014 5782 45309 3014 3914 3014 5817 12350.078958016617 5
95992 3016 43556 87626 3016 3916 3016 5787 8509.646357463387 5
55187 3029 6725 7811 3029 3929 3029 5808 9426.703526193287 5
204023 3048 88752 8061 3048 3948 3048 5826 9260.678891697973 5
158194 3053 130530 125576 3053 3953 3053 5923 20359.320854336278 5
329987 3065 57421 104781 3065 3965 3065 5795 3497.0902914559156 5
305219 3081 5566 7348 3081 3981 3081 5829 5664.4489151218395 5
171189 3091 7085 10474 3091 3991 3091 5839 5710.023090261633 5
297709 3104 14011 8294 3104 4004 3104 5836 3837.194561470974 5
157494 3108 7477 62144 3108 4008 3108 6144 40255.48574313865 5
200557 3124 6081 15531 3124 4024 3124 5871 5582.956959051321 5
210834 3126 2945 4730 3126 4026 3126 5887 7303.314971466078 5
50160 3137 6735 10468 3137 4037 3137 5870 3920.1061457511655 5
192919 3140 10169 39988 3140 4040 3140 5925 10105.48838277086 5
120896 3147 16909 47624 3147 4047 3147 5917 8301.837294008305 5
232403 3155 4241 12980 3155 4055 3155 5903 5667.489613476967 5
53198 3158 3119 70341 3158 4058 3158 5889 3655.0889866195776 5
159158 3160 6725 43451 3160 4060 3160 5896 4246.9565894895 5
19227 3165 10042 85463 3165 4065 3165 5910 5355.235152229121 5
208136 3177 8205 125619 3177 4077 3177 6074 23608.737375252942 5
184505 3185 14658 3123 3185 4085 3185 5907 2542.544451191994 5
37463 3193 3160 8304 3193 4093 3193 5985 11038.734269514456 5
133058 3208 100453 14007 3208 4108 3208 5962 6369.720252630627 5
128459 3217 7737 87646 3217 4117 3217 5968 6009.146665849437 5
178478 3227 4249 11428 3227 4127 3227 5972 5361.180845138055 5
145805 3241 121554 14928 3241 4141 3241 5963 2585.6959641419685 5
262316 3269 3137 112045 3269 4169 3269 6078 13077.933051785074 5
228046 3271 130813 104605 3271 4171 3271 6011 4711.710877657731 5
226954 3288 7648 12200 3288 4188 3288 6096 12918.601578124284 5
170458 3297 18063 8069 3297 4197 3297 6068 8461.61713405085 5
36680 3302 91494 13213 3302 4202 3302 6048 5461.816821731624 5
191434 3304 10352 129817 3304 4204 3304 6030 3032.7445330500987 5
156880 3309 57151 91399 3309 4209 3309 6191 21720.730526885927 5
182242 3312 2976 91487 3312 4212 3312 6058 5493.018940913305 5
74768 3319 3619 100488 3319 4219 3319 6066 5616.036598705337 5
130627 3322 14237 106929 3322 4222 3322 6069 5631.027484301412 5
287933 3327 10249 7886 3327 4227 3327 6065 4519.003283868445 5
86252 3334 3114 116372 3334 4234 3334 6132 11716.186605085271 5
319046 3336 14797 85391 3336 4236 3336 6076 4773.023252561926 5
177306 3344 3616 3123 3344 4244 3344 6075 3632.798498155047 5
18500 3353 4786 8078 3353 4253 3353 6082 3472.1217519794614 5
104775 3360 3117 2653 3360 4260 3360 6102 4955.0577977766325 5
89461 3371 129789 7140 3371 4271 3371 6105 4070.4362738835143 5
150435 3383 3117 17692 3383 4283 3383 6204 14474.30993722528 5
230118 3391 65529 4101 3391 4291 3391 6111 2398.675341006693 5
13289 3400 44282 18061 3400 4300 3400 6122 2539.099356164358 5
123296 3408 11370 12655 3408 4308 3408 6149 4883.880732380145 5
100529 3429 100327 13898 3429 4329 3429 6171 4940.307066219504 5
167051 3431 125607 10909 3431 4331 3431 6208 9187.99344022063 5
32065 3433 3136 7689 3433 4333 3433 6166 3907.535481148256 5
63535 3442 11448 2151 3442 4342 3442 6176 3967.4644479176695 5
7341 3449 96651 36189 3449 4349 3449 6176 3129.6809476695234 5
313251 3451 3630 3081 3451 4351 3451 6317 19807.999388236527 5
88817 3459 4729 4745 3459 4359 3459 6189 3490.140172934434 5
260857 3465 3383 7104 3465 4365 3465 6225 7112.822365249726 5
233178 3474 100502 11509 3474 4374 3474 6206 3797.198558994512 5
158747 3492 13231 86175 3492 4392 3492 6296 12471.473203043224 5
28692 3498 7880 9899 3498 4398 3498 6218 2337.7176687044807 5
236285 3505 100387 8319 3505 4405 3505 6253 5689.367043030843 5
211493 3508 16032 85423 3508 4408 3508 6263 6546.499940691568 5
305839 3516 4367 95538 3516 4416 3516 6299 9944.022583730553 5
79447 3525 11378 10274 3525 4425 3525 6258 3862.6325029965574 5
137413 3538 7885 109980 3538 4438 3538 6280 4937.644486888336 5
6518 3541 11299 14003 3541 4441 3541 6323 9720.128566691264 5
294913 3549 7651 18430 3549 4449 3549 6278 3452.1787343463297 5
39212 3555 4737 7015 3555 4455 3555 6292 4420.000339345168 5
108219 3566 93803 5559 3566 4466 3566 6285 2248.6020726140614 5
332979 3571 4730 489 3571 4471 3571 6295 2799.801731570752 5
156341 3574 12309 14071 3574 4474 3574 6335 7292.377335229 5
30688 3589 12076 4101 3589 4489 3589 6317 3354.0314454253585 5
279439 3608 3861 91539 3608 4508 3608 6355 5639.634875920628 5
163782 3618 6086 12982 3618 4518 3618 6454 16209.247515828874 5
57921 3640 4740 7688 3640 4540 3640 6406 7837.621582164785 5
340224 3646 11509 53533 3646 4546 3646 6394 5688.118685669045 5
58727 3648 11304 8932 3648 4548 3648 6381 3843.5493592964767 5
138568 3662 13216 11965 3662 4562 3662 6390 3246.474235432077 5
300395 3675 9903 36306 3675 4575 3675 6426 6081.735329860482 5
261615 3678 15112 91524 3678 4578 3678 6468 10695.386457393486 5
250186 3682 130699 5116 3682 4582 3682 6423 4884.544970058476 5
45153 3687 11845 9110 3687 4587 3687 6440 6303.422339725952 5
161696 3691 3515 85379 3691 4591 3691 6416 2935.524106872667 5
216624 3711 4796 2505 3711 4611 3711 6470 7032.3489992535015 5
306458 3724 16907 17219 3724 4624 3724 6459 4106.862178256795 5
186698 3741 3513 95437 3741 4641 3741 6478 4395.442487526199 5
27081 3747 18639 47634 3747 4647 3747 6477 3480.2163646186914 5
296262 3766 77414 6924 3766 4666 3766 6552 10210.754221381741 5
264497 3771 62206 7962 3771 4671 3771 6834 43538.719855066614 5
153732 3776 116381 9557 3776 4676 3776 6528 6126.67175186665 5
266504 3778 10935 95362 3778 4678 3778 6576 11719.027492901121 5
254831 3780 96664 4735 3780 4680 3780 6512 3783.9909976788254 5
155711 3783 4089 10040 3783 4683 3783 6526 5141.770554868256 5
119696 3797 9903 11892 3797 4697 3797 6580 9868.577336510261 5
176112 3801 6365 3114 3801 4701 3801 6557 6710.131166341665 5
69980 3812 5573 4737 3812 4712 3812 6557 5380.365686782874 5
28124 3819 12276 41832 3819 4719 3819 6544 2891.4181702982714 5
57283 3821 95437 87382 3821 4721 3821 6585 7614.709964708499 5
105459 3825 9560 93921 3825 4725 3825 6597 8521.211036455541 5
101587 3852 5420 5201 3852 4752 3852 6578 3055.6079914054226 5
99038 3858 5782 100462 3858 4758 3858 6590 3729.5464725760544 5
77249 3867 4739 6088 3867 4767 3867 6689 14565.327418063589 5
230875 3871 72316 109915 3871 4771 3871 6642 8498.048570209145 5
41436 3880 1419 2978 3880 4780 3880 6629 5777.8662074305585 5
66261 3886 87633 104781 3886 4786 3886 6619 3840.0553972296166 5
202028 3892 65531 6081 3892 4792 3892 6628 4316.381592266818 5
337907 3902 3117 85382 3902 4802 3902 6648 5476.146323244138 5
116069 3907 11386 35970 3907 4807 3907 6690 9840.349842671796 5
302601 3921 11415 25818 3921 4821 3921 7099 57268.78156854045 5
287934 3957 95434 17070 3957 4857 3957 6692 4166.435273647617 5
232404 3976 91435 87643 3976 4876 3976 6725 5844.98786407192 5
140660 3978 14799 2784 3978 4878 3978 6750 8557.652500547 5
163171 3981 11868 34095 3981 4881 3981 6975 35267.296997167716 5
239947 3987 71764 7647 3987 4887 3987 6718 3678.7941416314566 5
60281 3992 10098 1813 3992 4892 3992 6787 11306.65742834192 5
230119 3994 3125 88697 3994 4894 3994 6803 13025.141815515954 5
255613 3999 4792 125097 3999 4899 3999 6746 5563.524501679502 5
204024 4001 91536 5469 4001 4901 4001 6779 9356.154017107852 5
23612 4007 8749 5568 4007 4907 4007 6745 4493.755257960684 5
289782 4010 77410 6803 4010 4910 4010 6786 9056.891148830775 5
304732 4016 91205 78060 4016 4916 4016 6842 15009.487973387104 5
90019 4019 10475 12411 4019 4919 4019 6808 10645.937202787947 5
19228 4028 85451 8303 4028 4928 4028 6794 7828.735909609255 5
108220 4030 8304 11305 4030 4930 4030 6773 5154.177778543098 5
242137 4032 8353 14965 4032 4932 4032 6788 6601.995873580259 5
275752 4036 12765 64175 4036 4936 4036 6756 2387.9017111457633 5
82313 4044 3131 10850 4044 4944 4044 6807 7533.072779526643 5
79448 4055 10272 4744 4055 4955 4055 6788 3907.4490842159894 5
277853 4065 10457 15994 4065 4965 4065 6804 4664.487073042335 5
198440 4067 7856 11507 4067 4967 4067 6822 6491.481881343558 5
110793 4077 9904 112165 4077 4977 4077 6834 6817.521662258503 5
297710 4079 9479 100376 4079 4979 4079 6832 6267.724345775157 5
182243 4089 128753 10040 4089 4989 4089 6810 2469.845678081042 5
179240 4108 55525 88270 4108 5008 4108 6887 9457.320372749393 5
233179 4115 37005 5455 4115 5015 4115 6847 3801.9143168676137 5
184506 4120 126340 117657 4120 5020 4120 6851 3655.1225432468277 5
251818 4127 126938 35759 4127 5027 4127 6866 4668.54876526126 5
129311 4129 10696 11195 4129 5029 4129 6865 4227.081669148679 5
24195 4138 61923 11200 4138 5038 4138 7091 30319.23119272283 5
136619 4147 124899 71419 4147 5047 4147 7028 21691.91993841695 5
268632 4152 3114 2808 4152 5052 4152 6926 8809.96499237547 5
142684 4166 2132 4284 4166 5066 4166 6974 12903.28883161164 5
134940 4175 62211 101799 4175 5075 4175 7008 15857.245523800453 5
319047 4190 10058 6081 4190 5090 4190 6947 6721.1930978015425 5
92030 4194 1078 65504 4194 5094 4194 6943 5834.886024391412 5
194980 4201 2823 5009 4201 5101 4201 6923 2523.7632443735592 5
258724 4205 7325 4795 4205 5105 4205 6990 10182.962373857357 5
311634 4212 1935 69137 4212 5112 4212 7015 12309.655831991855 5
165242 4214 12298 94920 4214 5114 4214 6945 3624.228521169999 5
315876 4218 128455 16703 4218 5118 4218 6967 5765.224610767235 5
86872 4232 3512 8089 4232 5132 4232 6970 4494.663497414833 5
26396 4273 5423 104810 4273 5173 4273 7001 3344.685647860739 5
130628 4283 11440 10357 4283 5183 4283 7015 3792.619083527383 5
312753 4289 11774 12980 4289 5189 4289 7011 2573.204310850127 5
272419 4292 14797 11888 4292 5192 4292 7058 7844.336479298684 5
9543 4294 7643 65762 4294 5194 4294 7029 4114.73554918183 5
57922 4304 4390 313 4304 5204 4304 7029 2940.69737592133 5
58728 4315 11400 124598 4315 5215 4315 7080 7706.781885291007 5
224276 4321 35970 14769 4321 5221 4321 7076 6525.544995326252 5
74769 4326 100460 6365 4326 5226 4326 7069 5083.166877197211 5
324738 4338 65123 128782 4338 5238 4338 7084 5491.055685075188 5
109478 4346 5417 109967 4346 5246 4346 7116 8388.680207519952 5
7342 4349 8307 18438 4349 5249 4349 7081 3820.1683069486858 5
173737 4355 73370 3134 4355 5255 4355 7101 5455.676838757446 5
97389 4372 7086 9521 4372 5272 4372 7091 2161.6980230066556 5
36681 4379 129879 18429 4379 5279 4379 7099 2392.3521555754223 5
117655 4382 109482 4392 4382 5282 4382 7516 52065.64271879796 5
69981 4389 130530 3525 4389 5289 4389 7163 8810.685475513405 5
171190 4395 91520 8325 4395 5295 4395 7149 6421.753901875187 5
306459 4406 130911 128599 4406 5306 4406 7185 9451.544146370332 5
46404 4413 131140 11402 4413 5313 4413 7187 8867.259124062582 5
242665 4417 109472 54407 4417 5317 4417 7183 7898.813971126831 5
156342 4421 16909 16704 4421 5321 4421 7172 6117.120047593141 5
32066 4433 85360 53538 4433 5333 4433 7154 2480.9295815430546 5
211494 4457 123213 8551 4457 5357 4457 7183 3047.263519965769 5
45724 4466 10663 11395 4466 5366 4466 7239 8649.556709559736 5
314381 4486 100506 2260 4486 5386 4486 7259 8665.744976795662 5
191435 4489 3117 5435 4489 5389 4489 7235 5429.742807777608 5
147787 4499 130810 100470 4499 5399 4499 7251 6207.2913205169525 5
213970 4505 50057 36302 4505 5405 4505 7224 2216.5368126004346 5
133582 4511 15495 13210 4511 5411 4511 7248 4414.683782700627 5
169623 4522 14069 95362 4522 5422 4522 7255 3876.285140514108 5
37464 4531 5198 120794 4531 5431 4531 7249 2148.2943965545005 5
329100 4539 100482 16356 4539 5439 4539 7271 3793.527256707097 5
125536 4552 2671 13213 4552 5452 4552 7282 3488.031084342036 5
52000 4560 13214 6725 4560 5460 4560 7302 5016.842877677918 5
11931 4570 4385 13515 4570 5470 4570 7308 4544.7787652118495 5
322893 4592 7339 7100 4592 5492 4592 7334 4989.756041882023 5
31376 4594 95435 116356 4594 5494 4594 7328 4078.8463886063623 5
145807 4608 74055 104777 4608 5508 4608 7350 4958.8098048879565 5
160306 4615 62239 85458 4615 5515 4615 7721 48700.545745244686 5
65468 4621 6363 6798 4621 5521 4621 7372 6020.275549456842 5
340225 4626 5192 116949 4626 5526 4626 7355 3462.3002591298164 5
267260 4644 11304 3132 4644 5544 4644 7384 4732.654174112447 5
18502 4646 85488 125607 4646 5546 4646 7377 3610.6146468559955 5
196175 4651 12653 10165 4651 5551 4651 7383 3762.8583116111554 5
39923 4664 5454 7656 4664 5564 4664 7396 3765.8426022478297 5
66262 4690 11414 11304 4690 5590 4690 7425 4096.9820197485815 5
238830 4694 3124 100418 4694 5594 4694 7423 3407.011753387814 5
139247 4705 61405 57199 4705 5605 4705 7427 2570.329122846832 5
35069 4714 4076 35750 4714 5614 4714 7449 4177.7115799254625 5
61001 4726 104745 3115 4726 5626 4726 7451 2969.3086300452574 5
54349 4734 11400 65749 4734 5634 4734 7477 5150.075353310957 5
261616 4747 12764 65759 4747 5647 4747 7471 2781.9880874627947 5
26397 4783 70361 100502 4783 5683 4783 7507 2863.4872143482867 5
232405 4793 5454 14015 4793 5693 4793 7525 3769.758942743717 5
324739 4799 117111 11444 4799 5699 4799 7523 2779.007760149238 5
168366 4815 18878 86197 4815 5715 4815 7543 3325.7480032366648 5
229390 4825 85078 117283 4825 5725 4825 7546 2413.8776007038578 5
182244 4841 11370 14492 4841 5741 4841 7579 4516.459839033465 5
312754 4871 6783 85422 4871 5771 4871 7589 2065.772025668774 5
131400 4874 8329 10470 4874 5774 4874 7603 3447.833886159307 5
215171 4882 37444 11401 4882 5782 4882 7606 2784.296484311572 5
75231 4894 57203 7432 4894 5794 4894 7625 3683.690948410502 5
57284 4904 15599 71238 4904 5804 4904 7658 6420.326823818079 5
277224 4915 7880 13182 4915 5815 4915 7634 2237.5198288406978 5
104207 5027 109629 65802 5027 5927 5027 8124 47639.977409148996 5
252376 5039 10049 58820 5039 5939 5039 8190 54061.86436088464 5
202029 5067 4732 62194 5067 5967 5067 8148 45652.136965769314 5
127236 20815 43465 11515 20815 21715 20815 23543 3302.7707157948257 5
148961 20817 120285 120332 20817 21717 20817 23544 3157.659917485874 5
283867 20819 11712 10835 20819 21719 20819 23536 2031.929507522508 5
78016 20823 8303 37447 20823 21723 20823 23570 5586.665613440056 5
189470 20825 3131 3141 20825 21725 20825 23550 2925.9283578266204 5
1552 20827 130370 9903 20827 21727 20827 23562 4132.085984339241 5
325499 20830 7348 5113 20830 21730 20830 23559 3476.5748185187776 5
4670 20836 72259 82158 20836 21736 20836 23810 32789.81214157251 5
251819 20846 5195 39988 20846 21746 20846 23565 2238.1772011263574 5
76430 20848 489 11926 20848 21748 20848 23611 7440.4025273122925 5
61663 20850 36080 6928 20850 21750 20850 23600 5945.158283263366 5
224277 20852 45611 130674 20852 21752 20852 23594 4927.344813752686 5
330433 20854 70795 5650 20854 21754 20854 23594 4763.596052816644 5
296992 20856 36317 14615 20856 21756 20856 23617 7206.9091035479105 5
25606 20858 35771 100351 20858 21758 20858 23588 3564.3832525368834 5
107613 20860 96833 64492 20860 21760 20860 23646 10309.619652773448 5
211495 20862 8234 100420 20862 21762 20862 23589 3129.2497273379863 5
271216 20864 9110 5577 20864 21764 20864 23599 4134.410914818148 5
90974 20866 44919 44477 20866 21766 20866 23612 5486.632617447148 5
219472 20872 4245 44282 20872 21772 20872 23596 2782.145735964297 5
231674 20874 62219 62205 20874 21774 20874 23614 4791.411064898788 5
106209 20883 7940 4742 20883 21783 20883 23664 9717.042487755494 5
208758 20892 109472 7479 20892 21792 20892 23902 37129.80133637949 5
48242 20896 10058 107565 20896 21796 20896 23860 31613.67719032728 5
22939 20903 35775 8234 20903 21803 20903 23658 6543.39094708591 5
291213 20905 5539 10466 20905 21805 20905 23664 6979.735252986216 5
64745 20914 18356 5473 20914 21814 20914 23648 4027.627946374657 5
202695 20931 11351 14511 20931 21831 20931 23678 5614.2606503990855 5
129312 20937 4364 40576 20937 21837 20937 23656 2200.48111453859 5
3975 20948 7828 99196 20948 21848 20948 23684 4281.600044118755 5
266505 20950 4724 11850 20950 21850 20950 23754 12478.884402314594 5
113784 20955 11511 5567 20955 21855 20955 23695 4726.079625299192 5
314382 20964 9693 10160 20964 21864 20964 23685 2487.7669046619585 5
100846 20973 104770 43179 20973 21873 20973 23745 8621.23734746513 5
270298 20980 5471 15517 20980 21880 20980 23795 13749.90565512138 5
310754 20987 4098 121555 20987 21887 20987 23709 2610.223187237206 5
122644 20990 4249 12092 20990 21890 20990 23737 5612.486408939252 5
88228 20995 35762 4753 20995 21895 20995 23716 2425.851115859511 5
217208 21000 7340 11428 21000 21900 21000 23766 7896.71836500509 5
177792 21006 9556 35751 21006 21906 21006 23760 6479.205189333561 5
331575 21008 7101 1557 21008 21908 21008 23755 5606.193910633625 5
260859 21029 6370 254 21029 21929 21029 23779 5920.462559945256 5
172257 21032 8846 2976 21032 21932 21032 23780 5682.428251054347 5
332981 21038 112058 2116 21038 21938 21038 23795 6720.348368706805 5
69982 21041 130823 4379 21041 21941 21041 23809 8129.059057139452 5
80069 21047 130452 7687 21047 21947 21047 23795 5690.968712151969 5
192920 21057 6887 77817 21057 21957 21057 23776 2225.2380867532415 5
159160 21059 3114 93915 21059 21959 21059 23912 18325.523390947244 5
326085 21075 6158 11438 21075 21975 21075 23815 4783.5634823856 5
65469 21079 100521 7678 21079 21979 21079 23834 6569.415946750446 5
54350 21088 14929 6722 21088 21988 21088 23814 3035.4939466308615 5
19886 21090 11195 1438 21090 21990 21090 23886 11404.448857295089 5
305841 21094 11421 11894 21094 21994 21094 23879 10153.635567231888 5
55188 21099 11403 7689 21099 21999 21099 23838 4675.744112064157 5
283868 21109 104878 11428 21109 22009 21109 23843 4041.879323635072 5
268011 21115 65799 3132 21115 22015 21115 23845 3579.231104655484 5
18503 21127 11770 15108 21127 22027 21127 23880 6349.062586680601 5
136620 21131 86191 1434 21131 22031 21131 23872 4879.344393668496 5
163783 21136 4488 6086 21136 22036 21136 23962 15073.862777675318 5
2594 21138 35776 38065 21138 22038 21138 23891 6353.4441700296065 5
325161 21142 5423 11069 21142 22042 21142 23922 9557.394824474612 5
182245 21163 130874 128167 21163 22063 21163 23894 3695.652341356412 5
217862 21166 4243 1434 21166 22066 21166 23945 9439.554045450466 5
233181 21179 102045 123729 21179 22079 21179 23946 7989.388369417738 5
315877 21193 4097 95434 21193 22093 21193 23921 3274.0071580126055 5
88819 21195 5425 87431 21195 22095 21195 23922 3124.210700299073 5
303842 21206 11950 16034 21206 22106 21206 23924 2067.707581330491 5
250187 21216 111704 6725 21216 22116 21216 23951 4178.7439664933 5
105460 21221 36303 2574 21221 22121 21221 23945 2873.132783433775 5
319049 21232 117660 95803 21232 22132 21232 23952 2329.2868422798056 5
99694 21234 117767 103759 21234 22134 21234 24042 12907.312504031346 5
53712 21236 642 6889 21236 22136 21236 23990 6393.6091297807125 5
86873 21242 10935 6789 21242 22142 21242 24048 12656.695200066159 5
55879 21245 5548 10053 21245 22145 21245 23982 4376.588599327537 5
328566 21247 58634 6888 21247 22147 21247 23987 4779.591941228865 5
243908 21251 71756 8838 21251 22151 21251 23993 4986.503834601225 5
267261 21253 42282 1431 21253 22153 21253 23990 4415.403499875436 5
207475 21263 11378 36303 21263 22163 21263 24000 4379.306549573656 5
293506 21271 94429 10533 21271 22171 21271 23994 2643.8788564582537 5
82314 21275 9901 18442 21275 22175 21275 24008 3851.2361680264644 5
88229 21279 14807 1938 21279 22179 21279 24031 6121.8729173580805 5
140003 21283 126342 3124 21283 22183 21283 24015 3737.2504986098206 5
142685 21287 61403 36315 21287 22187 21287 24026 4644.815230877602 5
163172 21290 3129 10361 21290 22190 21290 24022 3818.2016635013006 5
254832 21292 86217 3157 21292 22192 21292 24068 9057.7836504088 5
205457 21298 14003 57176 21298 22198 21298 24076 9296.888607013174 5
110229 21302 45598 5425 21302 22202 21302 24041 4607.548294708174 5
255614 21312 14004 4869 21312 22212 21312 24051 4654.335317625895 5
44401 21322 39988 121555 21322 22222 21322 24049 3171.009061482982 5
17930 21325 11375 7800 21325 22225 21325 24054 3453.676094482636 5
299786 21331 10463 7909 21331 22231 21331 24060 3388.9422550324653 5
24839 21340 13709 17221 21340 22240 21340 24070 3489.8532450491934 5
325500 21342 6940 98589 21342 22242 21342 24071 3472.248300791551 5
75702 21353 87641 129959 21353 22253 21353 24076 2672.7282611293836 5
298398 21359 16865 13220 21359 22259 21359 24127 8071.100103249135 5
72972 21361 4234 3124 21361 22261 21361 24103 4931.990368911115 5
243290 21365 12093 5206 21365 22265 21365 24118 6267.32661646535 5
188771 21374 85477 3123 21374 22274 21374 24133 6973.745302478099 5
22236 21385 6149 128727 21385 22285 21385 24164 9442.061590991741 5
127237 21399 5421 9431 21399 22299 21399 24157 6920.254088120795 5
251009 21403 85093 130530 21403 22303 21403 24136 3951.9007706467182 5
104776 21406 96388 3871 21406 22306 21406 24171 7772.51505081247 5
151135 21413 486 11671 21413 22313 21413 24194 9708.11362207969 5
122065 21415 126342 3127 21415 22315 21415 24143 3325.5748397427233 5
263081 21417 10052 6773 21417 22317 21417 24149 3724.7218265129204 5
314383 21428 6662 3144 21428 22328 21428 24177 5811.031863318594 5
224278 21433 5422 121555 21433 22333 21433 24161 3299.012942981347 5
289783 21452 13211 7089 21452 22352 21452 24179 3202.658482078683 5
185230 21456 7883 8921 21456 22356 21456 24186 3491.76313391658 5
51243 21458 5194 5562 21458 22358 21458 24175 2021.5837050269056 5
13291 21466 3138 4720 21466 22366 21466 24193 3134.5031697974664 5
409 21474 8229 117816 21474 22374 21474 24201 3235.3340938701585 5
219473 21486 4732 36308 21486 22386 21486 24249 7501.0512667897765 5
265881 21499 4245 14480 21499 22399 21499 24241 4976.202492394428 5
165847 21518 35757 36303 21518 22418 21518 24268 5944.428305484335 5
99039 21520 87642 15994 21520 22420 21520 24292 8595.569687462963 5
202696 21531 58918 14811 21531 22431 21531 24269 4517.734087220422 5
149490 21536 77947 72294 21536 22436 21536 24344 12915.100881731907 5
246295 21543 130027 18064 21543 22443 21543 24273 3595.8002241461063 5
156344 21573 6158 2676 21573 22473 21573 24330 6738.425029441166 5
326086 21583 11439 9857 21583 22483 21583 24303 2355.2604822480916 5
211496 21602 6150 4916 21602 22502 21602 24359 6777.388007299401 5
226315 21619 53535 12274 21619 22519 21619 24370 6107.393658928364 5
122645 21632 35757 100397 21632 22532 21632 24392 7124.60972353843 5
287936 21638 4388 120271 21638 22538 21638 24379 4845.08874511133 5
310755 21641 128753 57196 21641 22541 21641 24382 4816.231117317679 5
37465 21647 15187 7796 21647 22547 21647 24369 2554.9548992610157 5
95994 21649 4750 7090 21649 22549 21649 24371 2553.2331914192237 5
31377 21655 124703 9552 21655 22555 21655 24391 4209.178205272213 5
55189 21659 85486 16697 21659 22559 21659 24407 5641.359230312431 5
108221 21663 11299 70340 21663 22563 21663 24414 6103.253178079107 5
100530 21670 14763 13617 21670 22570 21670 24399 3423.7824755087945 5
308534 21679 120264 85419 21679 22579 21679 24438 7047.613936666462 5
74770 21686 7887 91487 21686 22586 21686 24405 2260.5766893396512 5
268012 21691 85403 85423 21691 22591 21691 24414 2693.6718644992043 5
65657 21715 4089 4101 21715 22615 21715 24433 2132.5068154782234 5
61664 21717 35759 10459 21717 22617 21717 24443 3013.923142737777 5
149823 21727 7893 4368 21727 22627 21727 24444 2013.1299802090725 5
247580 21735 111701 11235 21735 22635 21735 24462 3175.5876487423293 5
311636 21740 7086 7342 21740 22640 21740 24478 4519.157392259596 5
303843 21755 104874 1751 21755 22655 21755 24495 4717.252014970866 5
192223 21769 9900 12274 21769 22669 21769 24502 3920.779771000471 5
246931 21771 16531 71207 21771 22671 21771 24543 8582.747101971225 5
154616 21787 35750 43204 21787 22687 21787 24517 3586.2424957151966 5
170459 21794 112165 130445 21794 22694 21794 24516 2627.5487684867803 5
258085 21833 3340 100325 21833 22733 21833 24563 3513.0122353217293 5
278484 21835 35755 3140 21835 22735 21835 24562 3144.147962985564 5
139249 21837 14928 14805 21837 22737 21837 24574 4375.786265302555 5
230877 21848 6367 11378 21848 22748 21848 24578 3522.6376385690514 5
65470 21855 85360 8933 21855 22755 21855 24574 2221.2663370888577 5
93442 21875 9434 16865 21875 22775 21875 24596 2441.5339971751628 5
81380 21889 35777 7094 21889 22789 21889 24607 2049.8664763671118 5
30691 21898 35768 65313 21898 22798 21898 24617 2272.2203399037503 5
177793 21918 4103 13219 21918 22818 21918 24637 2258.4066780888124 5
69983 21964 2655 8328 21964 22864 21964 24684 2289.197766003619 5
205458 35234 130810 7893 35234 36134 35234 37996 7419.393608069912 5
117656 35253 128549 8845 35253 36153 35253 37990 4410.465167330113 5
294148 35268 40565 7585 35268 36168 35268 38067 11826.722123479802 5
20622 35271 11448 60629 35271 36171 35271 38157 22311.16442679544 5
38552 35273 4248 8392 35273 36173 35273 38147 20866.158107324423 5
250188 35277 131142 4741 35277 36177 35277 38027 5980.036313217606 5
288571 35290 6804 3573 35290 36190 35290 38109 14178.521125631156 5
243909 35324 51751 95437 35324 36224 35324 38050 3023.1170287375508 5
134942 35402 100477 85476 35402 36302 35402 38154 6200.663331449243 5
48243 35432 11699 2774 35432 36332 35432 38177 5315.306867614101 5
280102 35472 15498 4691 35472 36372 35472 38201 3434.3625242556955 5
15498 35481 98638 93915 35481 36381 35481 38343 19399.915328855157 5
81381 35489 7797 71368 35489 36389 35489 38233 5216.0821960512685 5
62851 35506 16764 36018 35506 36406 35506 38309 12303.093337846603 5
197761 35539 9332 6110 35539 36439 35539 38354 13770.482532858308 5
159796 35551 91532 2808 35551 36451 35551 38269 2155.108526140776 5
302602 35568 33568 126694 35568 36468 35568 38310 5006.315874882431 5
118375 35612 11370 9564 35612 36512 35612 38384 8630.883377116574 5
196573 35655 8241 5767 35655 36555 35655 38384 3461.896499246055 5
106210 35668 5569 72381 35668 36568 35668 38459 10825.449003942455 5
192224 35686 4746 17785 35686 36586 35686 38483 11637.204364179339 5
66263 35749 98592 120111 35749 36649 35749 38467 2048.778445115831 5
43589 35784 2114 10034 35784 36684 35784 38510 3006.919818896935 5
105461 35809 6162 4742 35809 36709 35809 38555 5410.211414061648 5
45725 35891 9903 14480 35891 36791 35891 38619 3341.7149141254677 5
21372 35954 2143 15187 35954 36854 35954 38683 3405.4076970292263 5
274971 36034 70435 35999 36034 36934 36034 38809 8939.428229431232 5
59518 36125 117660 11302 36125 37025 36125 38844 2244.824675608818 5
294149 36158 11253 1701 36158 37058 36158 38886 3320.933407237345 5
119016 36252 6797 10463 36252 37152 36252 38986 4032.654358683621 5
142070 36276 1393 15191 36276 37176 36276 38999 2743.1655959841814 5
82982 36282 35786 12229 36282 37182 36282 39011 3415.2902894415224 5
337155 49617 62202 62143 49617 50517 49617 52350 3844.1710508876395 5
280604 49623 12076 7687 49623 50523 49623 52381 6936.534016571362 5
33485 49627 9836 8316 49627 50527 49627 52347 2305.322824202371 5
308535 49629 87661 131090 49629 50529 49629 52350 2463.232481612199 5
309298 49631 44473 6669 49631 50531 49631 52350 2222.50379861381 5
34318 49648 12227 6214 49648 50548 49648 52409 7249.714141104607 5
66929 49651 126364 10100 49651 50551 49651 52384 3850.4077525879793 5
193544 49657 12250 7797 49657 50557 49657 52396 4671.9586388352245 5
194285 49665 35988 103607 49665 50565 49665 52464 11867.739382996691 5
84377 49671 62177 62146 49671 50571 49671 52417 5467.39778069282 5
27084 49677 8321 107156 49677 50577 49677 52437 7117.2405343925075 5
331199 49706 87624 3512 49706 50606 49706 52472 7897.469155120382 5
206743 49738 67531 65495 49738 50638 49738 52509 8412.993870700939 5
116948 49794 123221 56473 49794 50694 49794 52542 5692.616668622014 5
260861 49809 3141 5197 49809 50709 49809 52569 7182.111889416239 5
122066 49839 100502 35956 49839 50739 49839 52648 13020.260885689047 5
167052 49841 7348 95411 49841 50741 49841 52688 17535.804627262594 5
37466 49867 3620 101213 49867 50767 49867 52616 5851.04707049601 5
265882 49885 85449 87182 49885 50785 49885 52649 7588.468822051789 5
236287 49918 5566 17172 49918 50818 49918 52660 4929.545096799866 5
38553 49927 12274 126392 49927 50827 49927 52701 8829.40054244899 5
247581 49981 11403 120794 49981 50881 49981 52728 5566.636556233647 5
65471 49999 124090 60069 49999 50899 49999 52739 4745.852623159191 5
254139 50007 11196 7644 50007 50907 50007 52743 4243.133670127571 5
84378 50032 75462 82466 50032 50932 50032 52771 4640.933740287023 5
94787 50037 7342 87641 50037 50937 50037 52759 2553.5134845194657 5
272420 50043 3517 11752 50043 50943 50043 52780 4411.546015391961 5
97390 50045 36017 91507 50045 50945 50045 52871 15111.114243182212 5
75232 50069 2658 59251 50069 50969 50069 52953 22018.157133375695 5
210241 50116 53530 127760 50116 51016 50116 52854 4556.714956888986 5
158748 50130 10772 99969 50130 51030 50130 52867 4381.296695651877 5
92733 50166 35790 35953 50166 51066 50166 52911 5334.837867692773 5
69425 50172 6392 16526 50172 51072 50172 52911 4601.760648056608 5
213971 50196 121556 4247 50196 51096 50196 52922 3031.9578844559055 5
39213 50231 6379 15531 50231 51131 50231 52994 7471.714564223994 5
230879 50264 4102 2675 50264 51164 50264 53016 6120.359860494267 5
301079 50293 130530 2653 50293 51193 50293 53031 4440.492614729175 5
273014 50300 5568 105053 50300 51200 50300 53057 6790.910760086891 5
14626 50306 6370 2154 50306 51206 50306 53061 6557.198433786702 5
78772 50320 4089 3131 50320 51220 50320 53054 4031.8189041188434 5
229391 50363 117661 3123 50363 51263 50363 53093 3481.0103555258474 5
256226 50378 87376 9351 50378 51278 50378 53106 3324.953480201475 5
232407 50423 4240 2412 50423 51323 50423 53147 2803.827670169105 5
271816 50458 129472 8084 50458 51358 50458 53201 5156.313184736384 5
46942 50470 14007 5543 50470 51370 50470 53221 6000.292267930719 5
330830 50492 36279 72265 50492 51392 50492 53286 11180.10067525531 5
112737 50499 129765 130823 50499 51399 50499 53222 2645.09676516326 5
192921 50530 44483 5198 50530 51430 50530 53268 4521.167295180062 5
246932 50580 36231 8065 50580 51480 50580 53302 2546.8206283929626 5
307714 50589 12750 36034 50589 51489 50589 53312 2689.936841286634 5
199210 50607 4306 44470 50607 51507 50607 53341 4040.150944017454 5
144493 50611 5790 12097 50611 51511 50611 53337 3097.274314330601 5
-1
r.id  r.timeCall  r.pickupLocationID r.deliveryLocationID  r.earlyPickupTime  r.latePickupTime  r.earlyDeliveryTime  r.lateDeliveryTime
41435 2815 42632 129689 2815 82773 2815 82800
163781 2818 35718 1951 2818 82755 2818 82800
69423 2821 44607 29963 2821 82764 2821 82800
309728 2823 146 10783 2823 82672 2823 82800
315230 2825 7097 112165 2825 82747 2825 82800
238828 2827 131230 16692 2827 82779 2827 82800
30158 2829 8317 10353 2829 82779 2829 82800
228783 2831 16866 4193 2831 82779 2831 82800
85050 2833 87325 1821 2833 82752 2833 82800
108218 2835 3140 11418 2835 82741 2835 82800
199892 2837 35718 3174 2837 82758 2837 82800
282172 2839 71359 3115 2839 82733 2839 82800
109476 2841 11413 11302 2841 82765 2841 82800
185981 2843 3513 4740 2843 82762 2843 82800
75230 2845 9111 7681 2845 82752 2845 82800
293503 2847 2572 2954 2847 82774 2847 82800
115193 2849 11971 6798 2849 82780 2849 82800
60280 2851 18937 10361 2851 82724 2851 82800
256224 2853 42334 11895 2853 82764 2853 82800
16695 2855 12765 65770 2855 82780 2855 82800
88816 2857 100483 57198 2857 82763 2857 82800
3405 2859 8898 100880 2859 82782 2859 82800
182861 2861 14793 1462 2861 82671 2861 82800
5284 2863 64266 7687 2863 82782 2863 82800
266503 2865 100412 65206 2865 82774 2865 82800
65655 2867 72035 18740 2867 82764 2867 82800
211492 2869 11711 5549 2869 82759 2869 82800
147785 2871 4747 6801 2871 82765 2871 82800
8108 2873 14004 55536 2873 82782 2873 82800
32720 2875 75449 33591 2875 82755 2875 82800
9542 2877 105015 7086 2877 82755 2877 82800
295600 2879 12972 12983 2879 82761 2879 82800
209595 2881 7085 4382 2881 82731 2881 82800
311633 2883 85094 1942 2883 82699 2883 82800
231673 2885 10473 123331 2885 82658 2885 82800
172256 2887 102047 58633 2887 82702 2887 82800
17929 2889 54578 64492 2889 82648 2889 82800
217206 2891 10696 11509 2891 82772 2891 82800
79446 2893 14669 8070 2893 82780 2893 82800
72312 2895 16907 128052 2895 82679 2895 82800
282792 2897 7201 12655 2897 82715 2897 82800
296261 2899 6363 8312 2899 82763 2899 82800
119695 2901 7667 91492 2901 82760 2901 82800
205455 2909 6796 53539 2909 82774 2909 82800
270294 2923 3133 7887 2923 82780 2923 82800
80068 2928 86200 59492 2928 82730 2928 82800
22234 2930 7101 13182 2930 82743 2930 82800
337906 2934 10358 4745 2934 82767 2934 82800
329099 2940 12749 100470 2940 82673 2940 82800
140001 2947 9551 37019 2947 82734 2947 82800
240721 2957 2661 74054 2957 82779 2957 82800
165241 2959 9109 15637 2959 82761 2959 82800
96742 2961 12245 315 2961 82699 2961 82800
116068 2972 100453 16686 2972 82753 2972 82800
39921 2994 95437 87422 2994 82764 2994 82800
86871 3006 16034 7688 3006 82739 3006 82800
222575 3013 100447 7643 3013 82758 3013 82800
94784 3015 130530 4085 3015 82778 3015 82800
230117 3021 85127 95536 3021 82773 3021 82800
285228 3046 4740 85477 3046 82740 3046 82800
168365 3052 11304 10169 3052 82699 3052 82800
274150 3059 10460 14797 3059 82756 3059 82800
310753 3068 3114 8932 3068 82740 3068 82800
307022 3087 10049 130720 3087 82766 3087 82800
274969 3100 14797 4994 3100 82716 3100 82800
160916 3106 10472 88270 3106 82761 3106 82800
27080 3121 105051 4732 3121 82772 3121 82800
250185 3125 104185 11509 3125 82766 3125 82800
194283 3129 10097 18266 3129 82761 3129 82800
57282 3139 129817 100485 3139 82771 3139 82800
258723 3146 3115 7611 3146 82719 3146 82800
215908 3149 87625 116426 3149 82663 3149 82800
58726 3157 11952 3620 3157 82767 3157 82800
75701 3159 15099 7611 3159 82723 3159 82800
80824 3161 1840 62122 3161 82480 3161 82800
336734 3174 6801 80610 3174 82735 3174 82800
289781 3184 58696 74141 3184 82754 3184 82800
85757 3190 18454 93809 3190 82768 3190 82800
314380 3196 6887 95361 3196 82771 3196 82800
148959 3209 5194 45587 3209 82744 3209 82800
255612 3220 130350 125774 3220 82758 3220 82800
332003 3231 3510 104792 3231 82769 3231 82800
207474 3250 91516 8312 3250 82777 3250 82800
283865 3270 9109 16530 3270 82750 3270 82800
155710 3279 3115 104606 3279 82778 3279 82800
11234 3290 9889 7962 3290 82755 3290 82800
202027 3301 14796 512 3301 82778 3301 82800
215170 3303 4249 69217 3303 82700 3303 82800
29377 3305 80610 65761 3305 82769 3305 82800
196174 3310 247 7910 3310 82728 3310 82800
224973 3314 5469 3120 3314 82782 3314 82800
212237 3321 125744 9889 3321 82760 3321 82800
205456 3326 53536 104777 3326 82777 3326 82800
61662 3333 4735 8318 3333 82776 3333 82800
272418 3335 654 88474 3335 82741 3335 82800
238829 3340 7090 14592 3340 82763 3340 82800
290487 3352 128545 4245 3352 82738 3352 82800
103212 3359 3115 87639 3359 82781 3359 82800
142683 3369 12072 7655 3369 82761 3369 82800
64093 3382 18565 117657 3382 82703 3382 82800
97388 3385 14658 7100 3385 82749 3385 82800
270295 3394 8312 117657 3394 82773 3394 82800
247578 3405 128486 128727 3405 82768 3405 82800
64743 3414 45610 100522 3414 82762 3414 82800
88227 3430 18748 100369 3430 82774 3430 82800
65466 3432 36314 9557 3432 82778 3432 82800
277852 3434 36300 7140 3434 82773 3434 82800
133581 3445 123881 14492 3445 82754 3445 82800
280101 3450 14003 7208 3450 82751 3450 82800
13978 3452 4748 44472 3452 82762 3452 82800
179839 3463 123435 13221 3463 82751 3463 82800
109477 3469 11199 11409 3469 82771 3469 82800
147786 3488 8089 11511 3488 82741 3488 82800
154614 3497 9488 7733 3497 82774 3497 82800
81842 3500 65331 13394 3500 82764 3500 82800
85246 3507 62239 87283 3507 82471 3507 82800
35068 3515 7090 91399 3515 82749 3515 82800
94785 3522 53537 55524 3522 82698 3522 82800
176834 3537 126801 70341 3537 82771 3537 82800
213229 3540 88277 4085 3540 82777 3540 82800
197061 3542 3120 103575 3542 82781 3542 82800
324737 3551 7087 11841 3551 82771 3551 82800
5285 3561 7680 6081 3561 82736 3561 82800
82312 3569 87661 8322 3569 82766 3569 82800
273530 3573 11438 85458 3573 82737 3573 82800
277223 3579 128869 1398 3579 82752 3579 82800
60999 3594 100482 10048 3594 82774 3594 82800
116945 3616 7348 11386 3616 82741 3616 82800
49709 3624 10040 11766 3624 82748 3624 82800
222576 3644 4248 17173 3644 82749 3644 82800
252961 3647 44356 107762 3647 82725 3647 82800
236906 3660 98504 6728 3660 82511 3660 82800
22235 3671 9480 4748 3671 82761 3671 82800
120338 3676 7348 4741 3676 82764 3676 82800
228784 3680 100391 121454 3680 82741 3680 82800
151134 3686 124701 11885 3686 82749 3686 82800
218656 3690 6084 9437 3690 82737 3690 82800
309296 3692 3139 103575 3692 82735 3692 82800
183795 3718 15994 53486 3718 82738 3718 82800
46403 3738 93860 9459 3738 82684 3738 82800
256225 3745 6376 128317 3745 82733 3745 82800
192222 3754 120326 64179 3754 82750 3754 82800
187432 3767 11952 13214 3767 82764 3767 82800
307023 3775 129735 2983 3775 82712 3775 82800
1017 3777 62239 126340 3777 82441 3777 82800
213969 3779 12617 3701 3779 82767 3779 82800
301919 3782 91498 125884 3782 82768 3782 82800
293504 3785 3369 83305 3785 82763 3785 82800
19884 3798 9488 7782 3798 82768 3798 82800
339784 3804 6887 8235 3804 82742 3804 82800
39922 3813 7799 5457 3813 82775 3813 82800
106926 3820 13582 13209 3820 82775 3820 82800
238238 3822 3113 13209 3822 82764 3822 82800
46939 3849 7085 53535 3849 82779 3849 82800
295601 3855 10911 91541 3855 82726 3855 82800
53710 3862 53360 9331 3862 82467 3862 82800
124736 3868 85488 3117 3868 82730 3868 82800
224974 3877 95437 6720 3877 82779 3877 82800
305220 3881 8187 10277 3881 82711 3881 82800
282173 3888 3115 4480 3888 82720 3888 82800
131399 3901 12274 83406 3901 82753 3901 82800
270296 3906 16031 9108 3906 82774 3906 82800
140002 3908 130628 130107 3908 82752 3908 82800
235823 3942 100544 7100 3942 82762 3942 82800
330432 3962 3510 4748 3962 82747 3962 82800
175722 3977 35755 109960 3977 82757 3977 82800
183235 3979 4101 11945 3979 82767 3979 82800
284556 3985 129789 4101 3985 82757 3985 82800
128460 3990 2773 7802 3990 82780 3990 82800
133059 3993 2634 123226 3993 82745 3993 82800
326489 3995 8325 104002 3995 82717 3995 82800
145806 4000 5549 123880 4000 82764 4000 82800
61000 4006 8316 11199 4006 82756 4006 82800
69424 4009 85488 8310 4009 82729 4009 82800
3406 4015 4778 5198 4015 82718 4015 82800
103213 4017 7647 85432 4017 82726 4017 82800
267259 4027 18447 48296 4027 82775 4027 82800
119014 4029 128388 7912 4029 82735 4029 82800
136028 4031 104737 36189 4031 82772 4031 82800
98163 4033 78055 10043 4033 82779 4033 82800
308533 4040 3518 4748 4040 82764 4040 82800
332416 4050 74143 107204 4050 82775 4050 82800
113782 4060 36200 86191 4060 82769 4060 82800
260215 4066 10475 45608 4066 82755 4066 82800
159159 4076 66156 11974 4076 82731 4076 82800
340685 4078 87772 5535 4078 82772 4078 82800
276577 4080 44470 8380 4080 82735 4080 82800
209596 4092 3646 14799 4092 82735 4092 82800
64744 4110 11840 5436 4110 82753 4110 82800
68056 4116 16530 36223 4116 82765 4116 82800
11235 4123 43024 11305 4123 82746 4123 82800
332980 4128 11713 115720 4128 82661 4128 82800
194284 4135 3114 7653 4135 82774 4135 82800
243907 4140 3114 77790 4140 82761 4140 82800
28693 4149 4742 10264 4149 82773 4149 82800
138569 4160 104878 37019 4160 82775 4160 82800
65467 4170 9560 124383 4170 82758 4170 82800
235146 4179 40578 7140 4179 82748 4179 82800
65656 4193 9488 7680 4193 82714 4193 82800
296991 4197 5548 11965 4197 82774 4197 82800
81843 4204 117111 36204 4204 82759 4204 82800
2156 4210 3643 7662 4210 82721 4210 82800
18501 4213 14808 7688 4213 82773 4213 82800
110228 4216 10275 104874 4216 82759 4216 82800
154615 4219 107145 95431 4219 82741 4219 82800
283866 4233 6156 44282 4233 82735 4233 82800
293505 4279 36310 7146 4279 82770 4279 82800
336254 4284 5194 6790 4284 82769 4284 82800
50161 4291 130810 11862 4291 82728 4291 82800
224975 4293 14797 48296 4293 82764 4293 82800
93441 4296 10169 96748 4296 82727 4296 82800
29378 4311 11774 87631 4311 82773 4311 82800
221870 4320 6391 100467 4320 82776 4320 82800
210835 4323 12763 35959 4323 82699 4323 82800
66927 4327 104621 95538 4327 82764 4327 82800
13290 4345 11950 85464 4345 82762 4345 82800
148960 4347 16912 11435 4347 82778 4347 82800
120339 4352 128753 64515 4352 82769 4352 82800
102273 4363 130823 3131 4363 82760 4363 82800
123297 4377 65531 7793 4377 82765 4377 82800
30689 4380 4107 105402 4380 82712 4380 82800
122643 4383 7611 5568 4383 82749 4383 82800
290488 4392 5567 6798 4392 82772 4392 82800
273531 4399 6214 5622 4399 82727 4399 82800
220430 4407 14796 11329 4407 82727 4407 82800
217207 4416 11841 126694 4416 82745 4416 82800
68747 4419 9902 129732 4419 82770 4419 82800
228047 4431 104794 10469 4431 82735 4431 82800
248772 4444 18056 104745 4444 82759 4444 82800
329988 4460 14069 13152 4460 82776 4460 82800
186699 4485 11370 127648 4485 82739 4485 82800
16193 4488 10828 120305 4488 82776 4488 82800
113783 4492 9331 7673 4492 82744 4492 82800
301920 4503 11844 35757 4503 82758 4503 82800
233180 4510 103790 103609 4510 82782 4510 82800
265879 4516 6376 48790 4516 82729 4516 82800
85051 4528 8229 3812 4528 82772 4528 82800
71534 4536 3684 18431 4536 82782 4536 82800
282793 4540 58636 5194 4540 82758 4540 82800
234575 4553 5558 42317 4553 82755 4553 82800
269428 4566 123214 7093 4566 82731 4566 82800
152431 4591 91174 90665 4591 82759 4591 82800
88818 4593 14489 130107 4593 82782 4593 82800
238239 4607 18352 39952 4607 82770 4607 82800
98164 4614 4735 125607 4614 82734 4614 82800
19885 4616 42757 14590 4616 82762 4616 82800
106927 4623 11965 5805 4623 82764 4623 82800
55878 4634 15994 3376 4634 82762 4634 82800
49710 4645 85458 10257 4645 82747 4645 82800
228785 4647 10350 8313 4647 82779 4647 82800
270297 4663 65516 11766 4663 82765 4663 82800
41437 4686 10284 9514 4686 82763 4686 82800
174420 4693 7655 96909 4693 82719 4693 82800
309297 4695 100488 125250 4695 82762 4695 82800
67480 4713 104000 1846 4713 82769 4713 82800
260858 4722 10270 86229 4722 82760 4722 82800
68057 4731 14134 1830 4731 82779 4731 82800
176835 4735 4248 44932 4735 82757 4735 82800
290489 4764 85402 7689 4764 82780 4764 82800
281736 4784 4786 14490 4784 82767 4784 82800
305840 4797 4731 12973 4797 82780 4797 82800
138570 4807 104416 4738 4807 82770 4807 82800
27082 4817 16034 4669 4817 82766 4817 82800
197062 4826 7973 16912 4826 82771 4826 82800
340686 4851 95112 50070 4851 82768 4851 82800
116946 4873 36315 8083 4873 82779 4873 82800
319048 4877 111704 12765 4877 82782 4877 82800
201271 4889 96982 11346 4889 82781 4889 82800
216625 4897 116946 87262 4897 82774 4897 82800
95993 4914 39952 5436 4914 82774 4914 82800
208137 5018 101709 40518 5018 82780 5018 82800
129922 5036 62238 3125 5036 82430 5036 82800
112250 5047 62173 35753 5047 82427 5047 82800
295602 20814 10470 11291 20814 82667 20814 82800
204025 20816 10474 125774 20816 82756 20816 82800
286345 20818 48765 7830 20818 82732 20818 82800
19229 20820 62230 64492 20820 82592 20820 82800
149489 20824 35940 237 20824 82770 20824 82800
120340 20826 5194 15207 20826 82705 20826 82800
169624 20828 11919 77957 20828 82780 20828 82800
246294 20832 18350 6887 20832 82770 20832 82800
70799 20839 13077 35042 20839 82613 20839 82800
284557 20847 7880 125067 20847 82772 20847 82800
46940 20849 5194 120279 20849 82731 20849 82800
322894 20851 11435 9521 20851 82777 20851 82800
34317 20853 2633 129342 20853 82774 20853 82800
162473 20855 9331 9830 20855 82775 20855 82800
239948 20857 10161 129537 20857 82737 20857 82800
287935 20859 3516 6801 20859 82767 20859 82800
114512 20861 74137 4376 20861 82721 20861 82800
246930 20863 44473 104050 20863 82768 20863 82800
263843 20865 4235 44282 20865 82763 20865 82800
263080 20867 6366 129440 20867 82744 20867 82800
62250 20873 9692 127044 20873 82752 20873 82800
301921 20882 36067 8237 20882 82722 20882 82800
230120 20886 12092 17177 20886 82762 20886 82800
81379 20895 95343 11435 20895 82747 20895 82800
13979 20900 5472 85406 20900 82729 20900 82800
232406 20904 3117 129638 20904 82780 20904 82800
265880 20913 3618 48794 20913 82747 20913 82800
6519 20916 57199 51788 20916 82758 20916 82800
195480 20933 11920 5585 20933 82777 20933 82800
242138 20945 71298 130351 20945 82739 20945 82800
281737 20949 3865 36080 20949 82749 20949 82800
184507 20951 6722 2851 20951 82782 20951 82800
53711 20962 5193 7831 20962 82776 20962 82800
176113 20965 38074 13016 20965 82768 20965 82800
103214 20979 130027 7831 20979 82771 20979 82800
261617 20982 33500 3124 20982 82744 20982 82800
64094 20988 9514 10052 20988 82759 20988 82800
210240 20993 15185 4379 20993 82742 20993 82800
56604 20999 120263 11435 20999 82749 20999 82800
91541 21001 62172 64492 21001 82598 21001 82800
40716 21007 7348 9554 21007 82739 21007 82800
238240 21015 10533 2906 21015 82650 21015 82800
153031 21031 93852 93915 21031 82563 21031 82800
174421 21035 14547 1431 21035 82767 21035 82800
30690 21040 4751 10470 21040 82782 21040 82800
133060 21043 11302 10045 21043 82758 21043 82800
98165 21054 9903 489 21054 82781 21054 82800
78770 21058 8315 11400 21058 82760 21058 82800
199209 21061 130530 4367 21061 82740 21061 82800
269429 21077 104753 95437 21077 82749 21077 82800
152432 21086 43019 35947 21086 82709 21086 82800
126112 21089 100433 9889 21089 82740 21089 82800
50616 21093 118265 6378 21093 82751 21093 82800
338771 21098 14799 11401 21098 82759 21098 82800
66928 21101 114698 16820 21101 82723 21101 82800
35070 21111 15185 7420 21111 82735 21111 82800
57923 21124 100512 10253 21124 82774 21124 82800
145808 21128 11840 36014 21128 82671 21128 82800
235824 21134 121454 5394 21134 82700 21134 82800
279440 21137 49479 35951 21137 82708 21137 82800
89462 21140 10533 85393 21140 82727 21140 82800
7343 21156 13187 104625 21156 82761 21156 82800
228048 21165 13398 9904 21165 82735 21165 82800
41438 21168 2857 5000 21168 82729 21168 82800
332004 21192 70616 69801 21192 82769 21192 82800
30159 21194 35777 8025 21194 82743 21194 82800
103722 21198 11435 7331 21198 82735 21198 82800
156343 21209 95335 100437 21209 82778 21209 82800
162474 21218 7882 44882 21218 82769 21218 82800
148962 21231 4475 4245 21231 82737 21231 82800
33484 21233 129396 7086 21233 82734 21233 82800
311635 21235 85368 6723 21235 82739 21235 82800
151838 21241 5454 119285 21241 82748 21241 82800
38551 21243 70111 5550 21243 82771 21243 82800
27083 21246 13220 9556 21246 82760 21246 82800
129313 21248 105360 99227 21248 82778 21248 82800
150436 21252 129765 2888 21252 82680 21252 82800
119015 21254 128555 1430 21254 82728 21254 82800
296263 21269 9109 28917 21269 82655 21269 82800
323299 21272 6367 127014 21272 82727 21272 82800
247579 21278 126707 64515 21278 82773 21278 82800
139248 21281 2661 93808 21281 82747 21281 82800
210836 21284 8307 16820 21284 82774 21284 82800
42661 21289 7788 57199 21289 82775 21289 82800
268633 21291 3113 6801 21291 82738 21291 82800
329989 21293 85364 2212 21293 82711 21293 82800
84376 21301 71755 18106 21301 82748 21301 82800
273532 21308 36228 130530 21308 82746 21308 82800
63536 21316 96392 15631 21316 82723 21316 82800
209597 21323 7684 3621 21323 82765 21323 82800
271813 21326 87344 15108 21326 82753 21326 82800
329101 21335 42334 36304 21335 82774 21335 82800
140661 21341 35768 1402 21341 82743 21341 82800
326490 21352 85431 6736 21352 82752 21352 82800
29379 21358 3114 14546 21358 82703 21358 82800
189471 21360 11400 5571 21360 82780 21360 82800
196176 21362 128272 7798 21362 82757 21362 82800
159795 21369 11376 83290 21369 82750 21369 82800
233924 21381 53535 7973 21381 82777 21381 82800
145127 21389 4479 5567 21389 82731 21389 82800
10115 21402 44544 13214 21402 82766 21402 82800
274970 21404 4871 87182 21404 82724 21404 82800
259431 21412 11404 4688 21412 82768 21412 82800
262317 21414 85424 8318 21414 82764 21414 82800
283869 21416 13213 18056 21416 82757 21416 82800
236286 21427 36066 129817 21427 82699 21427 82800
115194 21432 125218 13011 21432 82706 21432 82800
199893 21451 14481 17219 21451 82755 21451 82800
281182 21453 7797 7831 21453 82772 21453 82800
333434 21457 4997 111569 21457 82747 21457 82800
186700 21461 57186 10053 21461 82744 21461 82800
119697 21467 11448 103795 21467 82770 21467 82800
230876 21484 3372 9557 21484 82780 21484 82800
204026 21490 2813 5454 21490 82741 21490 82800
85758 21500 14670 1557 21500 82738 21500 82800
98166 21519 7882 131195 21519 82770 21519 82800
287290 21521 10360 4738 21521 82779 21521 82800
1018 21535 65716 100401 21535 82727 21535 82800
134941 21542 2849 4745 21542 82770 21542 82800
45154 21569 71781 8040 21569 82735 21569 82800
54351 21578 18056 39988 21578 82783 21578 82800
62251 21592 4235 40566 21592 82708 21592 82800
133583 21618 16926 95954 21618 82763 21618 82800
120341 21630 4480 10461 21630 82752 21630 82800
260860 21633 7843 8027 21633 82754 21633 82800
294914 21639 16532 17669 21639 82766 21639 82800
94786 21646 44483 9904 21646 82748 21646 82800
120897 21648 4740 2857 21648 82769 21648 82800
172258 21653 2860 6367 21653 82744 21653 82800
224976 21656 18639 11767 21656 82747 21656 82800
281738 21662 106766 87661 21662 82769 21662 82800
92031 21664 10043 100394 21664 82747 21664 82800
134184 21678 6723 55852 21678 82766 21678 82800
61002 21680 3117 7673 21680 82763 21680 82800
176114 21688 45538 7849 21688 82778 21688 82800
179840 21696 85403 100445 21696 82747 21696 82800
106928 21716 77947 11444 21716 82752 21716 82800
5286 21722 120274 4964 21722 82769 21722 82800
15497 21730 3493 50081 21730 82752 21730 82800
316278 21736 3116 65759 21736 82782 21736 82800
197759 21747 4480 3376 21747 82768 21747 82800
136621 21768 36301 100325 21768 82781 21768 82800
325501 21770 16927 14489 21770 82756 21770 82800
332005 21780 10173 129245 21780 82764 21780 82800
53199 21788 17173 10163 21788 82778 21788 82800
184508 21817 91205 91581 21817 82772 21817 82800
157495 21834 2493 7094 21834 82763 21834 82800
292006 21836 55539 129633 21836 82767 21836 82800
54352 21842 100457 18639 21842 82782 21842 82800
263844 21850 103578 87182 21850 82782 21850 82800
267262 21864 10261 86217 21864 82777 21864 82800
12559 21879 13210 1751 21879 82776 21879 82800
78771 21891 85410 5569 21891 82766 21891 82800
217863 21912 6921 6368 21912 82781 21912 82800
76431 21949 85458 8091 21949 82781 21949 82800
255615 35230 11402 9554 35230 82750 35230 82800
290490 35245 42272 44909 35245 82765 35245 82800
301078 35254 6363 9900 35254 82757 35254 82800
102743 35270 10963 16428 35270 82749 35270 82800
182862 35272 71200 4732 35272 82676 35272 82800
100847 35276 80609 93915 35276 82642 35276 82800
320356 35287 104878 12084 35287 82779 35287 82800
197760 35322 11451 18368 35322 82779 35322 82800
67481 35360 2807 8330 35360 82718 35360 82800
189472 35430 109905 93915 35430 82606 35430 82800
88230 35470 38057 17063 35470 82726 35470 82800
278993 35474 16303 44932 35474 82775 35474 82800
165243 35487 10048 9397 35487 82743 35487 82800
128461 35500 7793 7883 35500 82778 35500 82800
249313 35527 85418 8293 35527 82726 35527 82800
163173 35550 16925 14522 35550 82741 35550 82800
68058 35555 14922 14586 35555 82771 35555 82800
82981 35595 406 51756 35595 82745 35595 82800
175196 35624 11844 93915 35624 82640 35624 82800
325502 35667 14803 6638 35667 82720 35667 82800
268013 35670 15994 86170 35670 82746 35670 82800
271814 35708 2950 7784 35708 82734 35708 82800
116947 35764 36007 103759 35764 82696 35764 82800
333435 35789 128045 4741 35789 82779 35789 82800
149491 35854 14008 1572 35854 82750 35854 82800
284558 35929 9903 62147 35929 82428 35929 82800
291214 36027 4245 7097 36027 82756 36027 82800
230878 36038 2855 58933 36038 82764 36038 82800
83673 36140 7097 69171 36140 82746 36140 82800
250189 36198 10120 12091 36198 82777 36198 82800
36065 36266 106771 2114 36266 82776 36266 82800
173036 36277 96635 11862 36277 82767 36277 82800
281183 49616 11887 126392 49616 82742 49616 82800
202030 49618 129817 3113 49618 82769 49618 82800
178479 49626 11919 35759 49626 82764 49626 82800
85247 49628 6367 103609 49628 82734 49628 82800
46941 49630 125560 11403 49630 82781 49630 82800
139250 49642 8312 57198 49642 82781 49642 82800
225662 49650 8228 9657 49650 82763 49650 82800
322895 49652 8330 2495 49652 82741 49652 82800
253607 49659 14135 11670 49659 82735 49659 82800
241383 49667 8326 96985 49667 82745 49667 82800
307713 49674 36057 12735 49674 82762 49674 82800
13292 49687 112045 109455 49687 82510 49687 82800
25607 49712 4363 87635 49712 82733 49712 82800
106929 49746 1425 44519 49746 82736 49746 82800
134185 49795 14804 11509 49795 82752 49795 82800
123994 49810 12309 3513 49810 82741 49810 82800
161697 49840 100420 124638 49840 82747 49840 82800
318189 49853 10469 83305 49853 82758 49853 82800
314384 49872 91535 4085 49872 82725 49872 82800
77250 49887 44929 2655 49887 82762 49887 82800
207476 49921 1841 91498 49921 82698 49921 82800
7344 49948 2638 15531 49948 82776 49948 82800
294915 49996 4235 4738 49996 82767 49996 82800
299787 50000 8083 483 50000 82781 50000 82800
81382 50026 125607 71107 50026 82646 50026 82800
49711 50034 10173 95426 50034 82720 50034 82800
153733 50042 98604 6626 50042 82775 50042 82800
57285 50044 6368 11845 50044 82720 50044 82800
221153 50046 235 87770 50046 82717 50046 82800
173037 50081 10253 5573 50081 82767 50081 82800
22237 50126 6795 3114 50126 82754 50126 82800
274972 50161 44472 11670 50161 82743 50161 82800
316760 50169 85446 3175 50169 82710 50169 82800
271815 50179 53530 100432 50179 82776 50179 82800
230121 50218 1957 13392 50218 82709 50218 82800
243291 50237 65712 9520 50237 82762 50237 82800
85248 50288 4234 80430 50288 82767 50288 82800
215909 50297 36050 7107 50297 82711 50297 82800
53713 50301 12242 130530 50301 82752 50301 82800
176836 50317 2958 71442 50317 82695 50317 82800
41439 50339 35995 95358 50339 82723 50339 82800
280605 50364 85469 10097 50364 82723 50364 82800
100531 50421 7806 85092 50421 82736 50421 82800
253608 50428 3861 6638 50428 82769 50428 82800
76432 50460 3370 109893 50460 82759 50460 82800
148229 50482 7347 85092 50482 82767 50482 82800
318190 50498 36310 36300 50498 82780 50498 82800
44402 50513 11299 18461 50513 82762 50513 82800
320357 50563 11971 44932 50563 82765 50563 82800
318582 50583 9889 18450 50583 82778 50583 82800
133584 50598 15188 10054 50598 82774 50598 82800
332417 50608 3146 1394 50608 82752 50608 82800
110230 50623 8087 65768 50623 82768 50623 82800
-1
