r.id  r.timeCall  r.pickupLocationID r.deliveryLocationID  r.earlyPickupTime  r.latePickupTime  r.earlyDeliveryTime  r.lateDeliveryTime  r.maxTravelDistance  r.maxNbStops
39916 20819 61414 65770 20819 21719 20819 23565 5417.087562700296 5
88224 20821 10464 6163 20821 21721 20821 23554 3867.4183913193656 5
294909 20823 18061 91502 20823 21723 20823 23550 3152.784947915594 5
104772 20825 36230 43094 20825 21725 20825 23563 4460.769307256608 5
41430 20827 11971 8933 20827 21727 20827 23556 3394.241264733549 5
161692 20829 2860 100399 20829 21729 20829 23593 7586.013220371817 5
330826 20831 6370 112165 20831 21731 20831 23553 2608.502800325129 5
167048 20833 83650 109702 20833 21733 20833 23586 6293.990405144039 5
338769 20835 10461 4364 20835 21735 20835 23566 3640.808200380914 5
212235 20837 129367 15186 20837 21737 20837 23565 3258.481008315576 5
277220 20839 14007 7328 20839 21739 20839 23581 5039.937576169029 5
7338 20841 10048 2631 20841 21741 20841 23584 5150.079829663632 5
199204 20843 17088 91508 20843 21743 20843 23581 4541.381862321129 5
322888 20845 100512 3385 20845 21745 20845 23609 7620.604177834291 5
51238 20847 5454 11509 20847 21747 20847 23568 2450.9891366738166 5
171186 20849 9560 11971 20849 21749 20849 23612 7482.867594883319 5
264896 20851 115722 93915 20851 21751 20851 23571 2312.537851170681 5
250183 20853 35757 36317 20853 21753 20853 23580 3231.1424651761913 5
336731 20855 11712 11194 20855 21755 20855 23585 3480.6860963701447 5
189466 20857 53530 130463 20857 21757 20857 23611 6363.102015694168 5
169617 20859 18565 7090 20859 21759 20859 23627 8158.762307449542 5
64740 20861 11438 9889 20861 21761 20861 23605 5244.324223841179 5
163167 20863 103926 100363 20863 21763 20863 23607 5238.046016252406 5
36679 20865 36002 4109 20865 21765 20865 23636 8435.004259011826 5
61659 20867 129817 17174 20867 21767 20867 23594 3159.6934407063027 5
24837 20869 520 11438 20869 21769 20869 23593 2780.2833031574332 5
239943 20871 85434 57110 20871 21771 20871 23594 2705.6265414234394 5
34315 20873 15109 114720 20873 21773 20873 23646 8647.29176373894 5
251003 20875 2663 7447 20875 21775 20875 23630 6505.929174850389 5
211488 20877 14492 2867 20877 21777 20877 23614 4375.198899261016 5
296989 20879 9212 93915 20879 21779 20879 23701 14600.414161222838 5
13977 20881 14807 3164 20881 21781 20881 23635 6448.23811019601 5
224271 20883 94674 5046 20883 21783 20883 23613 3571.559757111889 5
333428 20885 74869 24470 20885 21785 20885 23716 15716.557363962402 5
217856 20887 98604 8541 20887 21787 20887 23633 5456.612438612416 5
108215 20889 3120 93835 20889 21789 20889 23654 7749.093112124006 5
173031 20891 53530 2662 20891 21791 20891 23627 4212.216168148282 5
185227 20893 53543 7755 20893 21793 20893 23676 9876.356543944463 5
230112 20895 11400 11889 20895 21795 20895 23617 2559.010512338378 5
147045 20897 36080 100357 20897 21797 20897 23638 4867.2973678521 5
107608 20899 1195 4599 20899 21799 20899 23736 16356.23424931389 5
289146 20901 59300 7934 20901 21801 20901 23716 13774.853825771266 5
223307 20903 34095 12085 20903 21803 20903 23795 23016.569484316376 5
182239 20905 100374 104426 20905 21805 20905 23656 6097.29582804433 5
221868 20907 59300 7348 20907 21807 20907 23752 17306.224621459245 5
168924 20909 130911 14798 20909 21809 20909 23626 2029.6744964086015 5
52514 20911 128753 58933 20911 21811 20911 23652 4813.950621870101 5
179233 20913 2848 77412 20913 21813 20913 23641 3274.292326739339 5
113777 20915 2848 9584 20915 21815 20915 23700 10154.88552444568 5
110789 20917 105624 35953 20917 21817 20917 23635 2138.372691877224 5
313649 20919 14490 8024 20919 21819 20919 23675 6676.177085349018 5
278481 20921 100485 123954 20921 21821 20921 23646 2899.8433803918506 5
120335 20923 12970 9561 20923 21823 20923 23685 7410.327133957951 5
270293 20925 6933 4108 20925 21825 20925 23712 10396.139265003705 5
301916 20927 8311 4245 20927 21827 20927 23653 3087.0234740896303 5
141255 20929 53528 100479 20929 21829 20929 23685 6703.48781775977 5
102272 20931 12081 1427 20931 21831 20931 23699 8148.02290509209 5
197755 20933 2652 36306 20933 21833 20933 23667 4002.504387969411 5
310140 20935 85469 7015 20935 21835 20935 23671 4261.506159027623 5
121386 20937 8304 13627 20937 21837 20937 23659 2615.034746211008 5
6515 20939 15185 12972 20939 21839 20939 23662 2659.2180923167416 5
235821 20941 100623 36229 20941 21841 20941 23700 7074.97549528519 5
79442 20943 126938 13181 20943 21843 20943 23676 3923.5717779406677 5
17927 20945 10472 6777 20945 21845 20945 23683 4524.356646588663 5
256221 20947 11304 11376 20947 21847 20947 23690 5086.739677217 5
22937 20949 4737 35777 20949 21849 20949 23687 4464.3850713414 5
102737 20951 85360 10363 20951 21851 20951 23677 3056.0045044195244 5
276574 20953 15185 10836 20953 21853 20953 23682 3374.6890224887024 5
239503 20955 120233 35764 20955 21855 20955 23675 2313.637646429803 5
10690 20957 100481 8318 20957 21857 20957 23695 4503.112362661549 5
302597 20963 35951 10721 20963 21863 20963 23729 7887.603374239543 5
285225 20970 4086 6898 20970 21870 20970 23748 9262.689480025858 5
153731 20975 65531 128065 20975 21875 20975 23755 9519.62907819103 5
60279 20985 4089 7475 20985 21885 20985 23847 19385.130658010803 5
205453 20990 4480 8312 20990 21890 20990 23758 8043.360794784291 5
128455 20992 36303 11316 20992 21892 20992 23717 2983.2135069258234 5
62249 21000 117660 8241 21000 21900 21000 23764 7602.902548885184 5
197058 21006 9837 7367 21006 21906 21006 23743 4376.559453398269 5
108765 21015 120315 16921 21015 21915 21015 23743 3241.0633702537366 5
66923 21017 120273 35763 21017 21917 21017 23755 4440.986414850829 5
77245 21019 94188 6783 21019 21919 21019 23819 11945.418547121866 5
60994 21024 5427 15361 21024 21924 21024 23831 12781.975697274253 5
137409 21029 117660 3143 21029 21929 21029 23796 7983.432750768237 5
74767 21034 4736 14247 21034 21934 21034 23831 11635.323292238183 5
208134 21040 3385 11195 21040 21940 21040 23847 12782.07222359714 5
46399 21042 14797 13627 21042 21942 21042 23762 2353.8410377962923 5
90972 21048 16356 87344 21048 21948 21048 23767 2248.0283327905986 5
5281 21052 10469 6889 21052 21952 21052 23783 3694.6865548620754 5
181597 21056 11376 129879 21056 21956 21056 23780 2803.1590562549413 5
219467 21058 7644 65753 21058 21958 21058 23785 3207.966382879964 5
293498 21064 4089 129440 21064 21964 21064 23782 2074.332441988145 5
251816 21068 5925 3684 21068 21968 21068 23794 3028.0134001998695 5
406 21076 9479 7688 21076 21976 21076 23859 9845.563347528325 5
127787 21078 4243 36314 21078 21978 21078 23849 8506.137034418669 5
228040 21084 11193 11766 21084 21984 21084 23831 5623.591062122694 5
110226 21089 96747 4791 21089 21989 21089 23813 2850.2803089266495 5
224968 21093 85479 45552 21093 21993 21093 23879 10242.013667648633 5
281181 21095 3379 117800 21095 21995 21095 23818 2716.183609705833 5
265877 21097 6610 4477 21097 21997 21097 23834 4341.836007719421 5
201270 21107 13218 5789 21107 22007 21107 23857 5940.384553219861 5
313248 21112 35759 4375 21112 22012 21112 23844 3742.093452139883 5
123990 21115 11420 8237 21115 22015 21115 23892 9131.660324823262 5
269425 21117 53536 2685 21117 22017 21117 23946 15377.326345740747 5
21370 21119 36056 118147 21119 22019 21119 23882 7493.286226868711 5
16693 21123 10361 11766 21123 22023 21123 23871 5702.521347056844 5
290484 21129 53536 4249 21129 22029 21129 23857 3252.505626260967 5
192219 21133 8920 8931 21133 22033 21133 23856 2756.9908180974126 5
262311 21140 85123 85488 21140 22040 21140 23914 8834.574247761047 5
59517 21150 10048 9556 21150 22050 21150 23898 5717.781432898303 5
193539 21152 65712 17179 21152 22052 21152 23899 5597.89072905315 5
325492 21156 68538 4591 21156 22056 21156 23879 2689.9831386455276 5
97386 21161 6378 7735 21161 22061 21161 23952 10867.89014540114 5
308528 21166 36015 35945 21166 22066 21166 23898 3824.5238381653294 5
336732 21170 11420 10474 21170 22070 21170 23897 3226.7809350574003 5
199205 21172 130823 7689 21172 22072 21172 23949 9207.444319145505 5
204706 21174 8329 35947 21174 22074 21174 23913 4598.811401471315 5
239944 21177 11305 6638 21177 22077 21177 23984 12733.640284383626 5
208755 21179 4747 10170 21179 22079 21179 23942 7531.490767366856 5
4248 21185 10046 5575 21185 22085 21185 23914 3367.0162267146757 5
83669 21190 6370 15531 21190 22090 21190 23927 4328.692883131163 5
89458 21194 7804 8306 21194 22094 21194 23951 6773.65966486784 5
210830 21198 36044 67703 21198 22098 21198 23931 3926.4113037601232 5
292004 21202 5194 72463 21202 22102 21202 24068 19819.334476330667 5
17402 21212 65530 12086 21212 22112 21212 23931 2194.841622065817 5
80821 21218 65770 10161 21218 22118 21218 23968 5995.28478166776 5
304731 21223 128486 10058 21223 22123 21223 23950 3127.756937721428 5
175192 21227 96982 10678 21227 22127 21227 23998 8431.711069740788 5
179234 21230 11840 11961 21230 22130 21230 23957 3133.0275382635373 5
51239 21232 2215 4742 21232 22132 21232 23968 4288.860108261201 5
151132 21236 3404 128065 21236 22136 21236 23956 2356.11992383667 5
215905 21240 12311 10161 21240 22140 21240 23993 6350.576883148428 5
294910 21242 100469 4738 21242 22142 21242 23965 2696.300476170269 5
331194 21248 4747 13218 21248 22148 21248 23981 3945.639414765202 5
183793 21255 71756 4488 21255 22155 21255 24017 7417.652922054949 5
255608 21257 35953 131033 21257 22157 21257 23998 4815.192423711063 5
278482 21260 10697 8083 21260 22160 21260 24009 5786.37221508516 5
242134 21263 127050 8555 21263 22163 21263 24057 11249.497068665238 5
88225 21269 124695 2212 21269 22169 21269 24013 5216.624957228024 5
296256 21271 2153 120332 21271 22171 21271 23991 2357.1589095296677 5
272416 21275 16927 129573 21275 22175 21275 24001 3025.237066952485 5
254828 21282 8231 36204 21282 22182 21282 24004 2552.1072205801133 5
127234 21284 6783 9903 21284 22184 21284 24015 3616.002854550874 5
233920 21288 8236 109735 21288 22188 21288 24030 5014.193820574355 5
43584 21290 7880 12076 21290 22190 21290 24012 2541.9675333802625 5
295597 21297 7683 130752 21297 22197 21297 24062 7762.620614093847 5
65462 21299 53538 123216 21299 22199 21299 24045 5481.425774229884 5
182859 21303 5196 6722 21303 22203 21303 24027 2830.2765516418367 5
277849 21307 124320 35704 21307 22207 21307 24084 9230.5935845086 5
121387 21313 5206 10255 21313 22213 21313 24085 8571.114921362092 5
125531 21317 5194 7343 21317 22217 21317 24049 3767.3947268220404 5
102738 21325 53538 7451 21325 22225 21325 24108 9930.624029662848 5
311629 21332 3544 57133 21332 22232 21332 24073 4886.225930211721 5
103208 21339 11437 128031 21339 22239 21339 24070 3618.10723813025 5
301917 21343 4248 10275 21343 22243 21343 24106 7540.489684978553 5
79443 21347 10361 7887 21347 22247 21347 24090 5045.846819212577 5
334415 21349 4363 4604 21349 22249 21349 24094 5389.727058690062 5
120894 21351 5539 5372 21351 22251 21351 24152 12086.322486485564 5
273528 21353 7412 123213 21353 22253 21353 24107 6401.236213385177 5
71530 21355 104613 85399 21355 22255 21355 24079 2869.1955385115452 5
95988 21357 18351 12636 21357 22257 21357 24114 6822.6071778684845 5
180448 21359 127014 37449 21359 22259 21359 24082 2650.8159834629305 5
6516 21361 14069 18922 21361 22261 21361 24129 8116.844251120367 5
101583 21368 8318 11418 21368 22268 21368 24105 4377.636174782101 5
239504 21370 35762 2813 21370 22270 21370 24121 6010.066237902841 5
271215 21388 128753 5170 21388 22288 21388 24219 15663.820903105807 5
29374 21397 85117 3616 21397 22297 21397 24134 4432.346170431922 5
243289 21399 38058 15108 21399 22299 21399 24119 2282.2057910075287 5
27079 21406 17757 3171 21406 22306 21406 24193 10383.880639062834 5
164340 21413 10697 55758 21413 22313 21413 24231 14095.288643421862 5
86868 21422 8313 8841 21422 22322 21422 24201 9438.57773332606 5
51997 21442 65766 43234 21442 22342 21442 24181 4621.03690455828 5
17928 21445 104606 10046 21445 22345 21445 24184 4576.107557755682 5
237567 21448 10045 95803 21448 22348 21448 24180 3753.3483862528883 5
162469 21450 10035 85397 21450 22350 21450 24201 6042.177531024769 5
109473 21467 10458 3351 21467 22367 21467 24230 7521.19306331358 5
252957 21469 11952 4738 21469 22369 21469 24191 2572.5883957681112 5
84373 21471 10169 10161 21471 22371 21471 24194 2656.181017756989 5
124735 21473 35951 6368 21473 22373 21473 24235 7383.975572522256 5
194280 21475 11195 95566 21475 22375 21475 24199 2773.8695814415296 5
83670 21484 44668 66155 21484 22384 21484 24252 8121.475783379858 5
98605 21486 125121 85483 21486 22386 21486 24228 5002.899289783099 5
339327 21488 51190 12321 21488 22388 21488 24211 2715.555029583671 5
261613 21492 6371 1437 21492 22392 21492 24215 2749.6968702390745 5
163168 21498 9441 11067 21498 22398 21498 24227 3471.930715613756 5
301076 21510 37012 4734 21510 22410 21510 24240 3564.6178381018462 5
325493 21515 100405 10163 21515 22415 21515 24234 2266.753183296205 5
322889 21522 116372 1829 21522 22422 21522 24239 2020.6043031279228 5
154611 21529 42271 3124 21529 22429 21529 24255 3034.4729263036975 5
340681 21533 1842 17416 21533 22433 21533 24282 5788.279710795022 5
263077 21535 8301 58930 21535 22435 21535 24269 3982.9279674235463 5
37461 21537 12076 35748 21537 22437 21537 24269 3784.52825357314 5
50157 21542 53533 70111 21542 22442 21542 24278 4266.748839938308 5
204707 21547 35952 5852 21547 22447 21547 24294 5554.490066153356 5
189467 21551 37012 36226 21551 22451 21551 24307 6692.918387943769 5
247577 21554 120317 6666 21554 22454 21554 24289 4088.6192319194633 5
42659 21556 3383 18129 21556 22456 21556 24325 8258.915834009593 5
173734 21563 36232 7104 21563 22463 21563 24326 7550.908736697653 5
310141 21571 8916 2663 21571 22471 21571 24306 4176.8476404381345 5
87586 21577 11440 6370 21577 22477 21577 24324 5588.742042535528 5
53196 21581 129492 11862 21581 22481 21581 24365 9978.792095741763 5
254829 21583 13230 131003 21583 22483 21583 24315 3782.225287585969 5
287930 21595 53534 7644 21595 22495 21595 24319 2845.140983878879 5
234573 21597 106926 2854 21597 22497 21597 24342 5368.9648106984005 5
110227 21599 18056 9634 21599 22499 21599 24330 3701.7312153223666 5
179235 21609 127264 13627 21609 22509 21609 24329 2302.714738170572 5
332974 21612 11302 130027 21612 22512 21612 24346 3997.425543562379 5
5892 21614 4693 35762 21614 22514 21614 24355 4863.593728179811 5
10691 21627 10045 83365 21627 22527 21627 24376 5774.790092979042 5
72971 21639 15618 118255 21639 22539 21639 24790 54005.3672838903 5
256222 21651 4788 9899 21651 22551 21651 24380 3441.361126243712 5
246293 21653 10696 4745 21653 22553 21653 24388 4188.005836574104 5
72311 21656 6662 5768 21656 22556 21656 24397 4918.427640589812 5
150434 21658 105668 36013 21658 22558 21658 24404 5463.3312881973825 5
11930 21663 8933 5577 21663 22563 21663 24385 2619.095029137505 5
176109 21667 10116 7753 21667 22567 21667 24428 7252.587065569885 5
268631 21677 10098 11196 21677 22577 21677 24407 3594.591969002864 5
106206 21679 6662 7926 21679 22579 21679 24429 5954.685645528807 5
123293 21691 36014 35992 21691 22591 21691 24425 3978.2539753819465 5
45722 21701 53539 104622 21701 22601 21701 24428 3219.700396780128 5
323297 21703 44478 10466 21703 22603 21703 24449 5417.018413314968 5
151133 21705 104298 4469 21705 22605 21705 24425 2383.7809376881237 5
151836 21707 44475 8066 21707 22607 21707 24431 2845.0970249630586 5
302598 21709 5860 36022 21709 22609 21709 24432 2680.065939414526 5
192220 21718 123880 44932 21718 22618 21718 24461 5053.596144737635 5
104773 21729 36230 1037 21729 22629 21729 24453 2822.7055744293502 5
57919 21732 35751 10466 21732 22632 21732 24458 3069.014594685656 5
210831 21748 35993 65104 21748 22648 21748 24495 5563.793269110524 5
250184 21758 3118 3133 21758 22658 21758 24492 4069.7453634989242 5
407 21764 85486 79595 21764 22664 21764 24813 41850.084244417405 5
251004 21768 12247 9316 21768 22668 21768 24508 4779.134926707064 5
45152 21778 4747 7892 21778 22678 21778 24498 2321.7856803315103 5
75698 21781 4679 65763 21781 22681 21781 24499 2078.242770613509 5
57279 21790 87633 16866 21790 22690 21790 24520 3599.1658690049894 5
100843 21794 7094 6886 21794 22694 21794 24517 2735.7696996466407 5
293500 21807 36304 13894 21807 22707 21807 24527 2355.2701052868047 5
113193 21824 93809 100476 21824 22724 21824 24541 2035.643636950564 5
149820 21831 91533 15996 21831 22731 21831 24554 2746.3591441604044 5
101584 21835 11419 85380 21835 22735 21835 24564 3423.135702916974 5
230113 21849 7445 1571 21849 22749 21849 24576 3222.203858194003 5
35067 21853 8932 85377 21853 22753 21853 24572 2276.7438796094484 5
107610 21863 5551 5570 21863 22763 21863 24590 3213.791080877781 5
139999 21865 8238 120320 21865 22765 21865 24587 2530.9263475861744 5
165238 21869 4480 16865 21869 22769 21869 24599 3513.266820902444 5
313650 21871 2948 118153 21871 22771 21871 24602 3661.7129495143613 5
147780 21877 2494 15534 21877 22777 21877 24601 2763.263870018339 5
46938 21880 11956 7089 21880 22780 21880 24601 2405.4884134797 5
320353 21889 66155 12091 21889 22789 21889 24622 3881.110944796989 5
179236 21937 117660 65766 21937 22837 21937 24659 2566.471008530377 5
277221 35230 11969 7978 35230 36130 35230 37961 3631.7145173545996 5
265275 35237 11406 88263 35237 36137 35237 37971 4030.523923391029 5
98606 35243 2653 1422 35243 36143 35243 37969 3099.103799495949 5
28688 35255 17173 6086 35255 36155 35255 38040 10101.956201336601 5
203279 35273 7798 4245 35273 36173 35273 38004 3689.231344261193 5
162470 35286 18060 2848 35286 36186 35286 38020 4033.7038103497657 5
127788 35332 3621 4364 35332 36232 35332 38123 10870.697002932713 5
179237 35381 1569 4165 35381 36281 35381 38189 12855.635788729498 5
263839 35391 83288 120284 35391 36291 35391 38155 7654.393598151317 5
316756 35423 36318 12228 35423 36323 35423 38153 3531.0438028205913 5
106921 35448 4480 125774 35448 36348 35448 38181 3959.8929251613554 5
182860 35469 35991 3174 35469 36369 35469 38205 4251.038971372509 5
129307 35587 10116 10048 35587 36487 35587 38382 11343.467844653316 5
175720 35608 153 3981 35608 36508 35608 38362 6388.038995624397 5
102739 35663 36310 36300 35663 36563 35663 38383 2313.567795154594 5
39211 35668 4742 17172 35668 36568 35668 38405 4387.504562503458 5
293501 35695 117683 100455 35695 36595 35695 38501 12714.338501741748 5
50158 35752 16307 129026 35752 36652 35752 38509 6812.863600104194 5
260213 35902 36234 8039 35902 36802 35902 38628 3097.381825651246 5
125532 35931 8088 4609 35931 36831 35931 38692 7234.892489637246 5
77246 35962 11437 17172 35962 36862 35962 38698 4262.571329745524 5
28689 36057 35961 6087 36057 36957 36057 38787 3518.3550963060316 5
336733 36059 3170 3133 36059 36959 36059 38831 8559.728619186471 5
143835 36068 16926 9436 36068 36968 36068 38785 2026.8594545809406 5
325494 36104 95343 100477 36104 37004 36104 38824 2286.653424651892 5
100844 36123 91528 72315 36123 37023 36123 38854 3715.007434634857 5
82978 36141 6108 8574 36141 37041 36141 38865 2829.137732809276 5
65651 36163 1833 115382 36163 37063 36163 38926 7498.108462571267 5
31371 36214 8528 8313 36214 37114 36214 38965 6009.327134469191 5
76428 36222 407 11403 36222 37122 36222 38969 5596.708660852008 5
173033 36346 53533 7668 36346 37246 36346 39064 2074.3036680813593 5
169619 62218 5847 8880 62218 63118 62218 64988 8371.293936725626 5
259429 62220 8038 4731 62220 63120 62220 64986 7863.051005100785 5
188767 62223 5767 11960 62223 63123 62223 64947 2791.0770513047382 5
278483 62225 11970 128753 62225 63125 62225 64959 4022.688455819451 5
92028 62228 1434 85375 62228 63128 62228 64990 7381.124999393963 5
228042 62230 8916 5773 62230 63130 62230 64981 6083.8855954121545 5
100845 62232 3133 91520 62232 63132 62232 64977 5280.870897874169 5
317276 62234 96986 18439 62234 63134 62234 64962 3342.322315483132 5
224969 62236 1423 35958 62236 63136 62236 65014 9341.841122338732 5
60996 62238 6369 35772 62238 63138 62238 64956 2132.479717707608 5
215906 62240 71564 4047 62240 63140 62240 64971 3654.0131803182826 5
71531 62242 8301 112259 62242 63142 62242 64967 2962.120507087908 5
123991 62244 3530 884 62244 63144 62244 64993 5816.432252038523 5
193540 62246 9554 6801 62246 63146 62246 64989 5081.886824777019 5
338405 62248 71292 489 62248 63148 62248 65086 16458.791550473954 5
16189 62250 129256 116361 62250 63150 62250 64972 2533.95971565037 5
222570 62252 2495 104780 62252 63152 62252 64987 4138.164285873019 5
137943 62254 119306 86046 62254 63154 62254 65010 6654.7257107925 5
118373 62256 70291 85512 62256 63156 62256 65016 7091.260832795297 5
233921 62258 5432 7739 62258 63158 62258 64986 3305.267284598034 5
88812 62260 10474 11925 62260 63160 62260 64991 3653.274229078405 5
314878 62262 16307 4235 62262 63162 62262 65022 7110.049869596798 5
89459 62264 87239 5196 62264 63164 62264 65005 4854.566248941953 5
315229 62266 87239 85120 62266 63166 62266 65016 5925.982673960014 5
204708 62268 35771 18059 62268 63168 62268 65027 7065.035481143115 5
329984 62270 7805 5559 62270 63170 62270 65032 7399.080095069666 5
178475 62272 1085 14798 62272 63172 62272 65139 19933.908668988915 5
203280 62274 8321 8907 62274 63174 62274 65031 6806.116598365718 5
82979 62276 78260 62124 62276 63176 62276 65015 4637.1376062051795 5
3402 62278 80633 47552 62278 63178 62278 65037 7039.838564033102 5
320354 62280 7086 46087 62280 63180 62280 65002 2585.506292252759 5
277850 62282 9855 3517 62282 63182 62282 65069 10391.602953475236 5
127789 62284 36708 11845 62284 63184 62284 65248 31667.47885848279 5
318188 62286 35718 96986 62286 63186 62286 65132 17494.263510349516 5
133579 62288 96748 1135 62288 63188 62288 65024 4227.05462415849 5
210832 62290 2116 11511 62290 63190 62290 65012 2588.958456537672 5
43585 62292 83906 11847 62292 63192 62292 65106 13656.890048014806 5
32063 62296 1441 8333 62296 63196 62296 65019 2741.570049147187 5
126108 62301 87186 18293 62301 63201 62301 65036 4101.298481007767 5
113778 62314 129806 5559 62314 63214 62314 65034 2329.1087635166605 5
190788 62330 36315 8316 62330 63230 62330 65068 4533.767669592178 5
287289 62335 2849 58629 62335 63235 62335 65143 12906.567983980278 5
115189 62345 114475 10045 62345 63245 62345 65101 6665.0775082202645 5
74258 62350 10474 5197 62350 63250 62350 65088 4463.412373429026 5
253605 62371 4729 11670 62371 63271 62371 65176 12481.520776746318 5
273012 62380 94188 7086 62380 63280 62380 65158 9243.57118568491 5
261614 62401 62172 9889 62401 63301 62401 65497 47504.11875329039 5
194281 62424 1709 12673 62424 63324 62424 65184 7100.368300439303 5
134938 62430 3129 7100 62430 63330 62430 65157 3185.7692670501997 5
288569 62438 3119 3137 62438 63338 62438 65180 5026.634064443014 5
49707 62440 62001 54407 62440 63340 62440 65200 7157.952352330986 5
119692 62448 103790 6231 62448 63348 62448 65191 5140.49819529581 5
332976 62459 41829 13223 62459 63359 62459 65179 2284.68598784671 5
242135 62469 95112 1199 62469 63369 62469 65213 5166.649715939027 5
147781 62478 35752 11415 62478 63378 62478 65213 4149.032009787943 5
165846 62490 35985 47463 62490 63390 62490 65284 11198.345924192476 5
314379 62496 8933 99575 62496 63396 62496 65359 19546.987308248084 5
149821 62498 35974 87434 62498 63398 62498 65314 13826.378363077316 5
117654 62535 35778 2259 62535 63435 62535 65303 8129.936701516279 5
108767 62556 1953 117361 62556 63456 62556 65378 14555.562349836777 5
333429 62576 2656 15531 62576 63476 62576 65322 5415.3422559210085 5
262313 62584 62172 11302 62584 63484 62584 65677 47158.02847021989 5
303840 62586 36313 12760 62586 63486 62586 65390 12477.093690857022 5
209594 62611 3137 35321 62611 63511 62611 65339 3329.3612634624988 5
310142 62616 14793 11073 62616 63516 62616 65379 7546.988857825604 5
95990 62621 14777 3114 62621 63521 62621 65384 7492.550071624786 5
57280 62627 9896 5419 62627 63527 62627 65358 3641.2671505919716 5
44399 62635 3513 5469 62635 63535 62635 65378 5058.556650169692 5
31372 62642 4480 4785 62642 63542 62642 65392 5940.808044453374 5
187429 62645 85092 11301 62645 63545 62645 65379 4039.4001521592186 5
211491 62647 16927 86782 62647 63547 62647 65509 19427.06929056836 5
313651 62649 13214 15531 62649 63549 62649 65393 5191.727570084329 5
176829 62659 8321 35773 62659 63559 62659 65381 2550.222108087783 5
339328 62661 7766 87624 62661 63561 62661 65463 12212.43249217934 5
230114 62669 44471 9373 62669 63569 62669 65451 9769.651787612223 5
255609 62672 11414 85094 62672 63572 62672 65392 2396.2370270733477 5
88226 62682 85388 4368 62682 63582 62682 65427 5343.39192435805 5
128456 62692 4234 4247 62692 63592 62692 65411 2183.590010970753 5
175194 62701 2254 14069 62701 63601 62701 65461 7190.950734184654 5
339782 62705 3704 8316 62705 63605 62705 65524 14270.805468762786 5
62848 62707 9 23824 62707 63607 62707 65567 19127.573185106812 5
217858 62711 11841 117028 62711 63611 62711 65434 2671.708591986256 5
336252 62715 126801 96664 62715 63615 62715 65447 3786.6658368208446 5
239945 62724 5566 112255 62724 63624 62724 65471 5619.801515031681 5
41433 62735 11840 3154 62735 63635 62735 65522 10325.751811392593 5
292005 62747 94606 62116 62747 63647 62747 65768 38451.22170453194 5
97387 62760 95363 35331 62760 63660 62760 65503 5083.16283355265 5
68054 62762 91510 10036 62762 63662 62762 65500 4514.51514575593 5
199890 62768 91524 87770 62768 63668 62768 65534 7870.074293484504 5
116065 62771 131062 87661 62771 63671 62771 65584 13527.78137872631 5
321404 62773 120279 2855 62773 63673 62773 65513 4706.942729966891 5
29376 62787 18056 109964 62787 63687 62787 65527 4754.400484498892 5
94782 62790 5471 86204 62790 63690 62790 65532 4942.256762029437 5
137410 62797 11375 11073 62797 63697 62797 65537 4798.409058752832 5
311630 62803 36020 2412 62803 63703 62803 65637 16039.930246671813 5
269427 62824 5425 128564 62824 63724 62824 65683 19001.98198761892 5
23611 62837 6081 11300 62837 63737 62837 65583 5507.543501334971 5
6517 62840 62147 64492 62840 63740 62840 65748 24948.874562496963 5
16190 62846 129816 2654 62846 63746 62846 65587 4874.409959047372 5
251817 62870 65315 13338 62870 63770 62870 65702 15799.96051655785 5
290486 62891 11401 5454 62891 63791 62891 65645 6382.658003853738 5
138564 62895 65763 8907 62895 63795 62895 65629 4019.685221773799 5
186696 62900 8325 11509 62900 63800 62900 65670 8353.89245662455 5
325496 62912 5113 36185 62912 63812 62912 65633 2467.6715787851635 5
46400 62919 8317 8303 62919 63819 62919 65641 2603.704454115119 5
285226 62929 109572 7647 62929 63829 62929 65979 41973.59681361621 5
309294 62932 100511 106279 62932 63832 62932 65731 11830.454007397733 5
158193 62951 61995 4249 62951 63851 62951 65991 40762.96473974327 5
1550 62982 11399 121141 62982 63882 62982 65735 6278.122092772668 5
80066 62997 104752 3115 62997 63897 62997 65720 2709.923737874619 5
110792 63007 4247 12245 63007 63907 63007 65757 5930.147556443504 5
194976 63026 70109 100434 63026 63926 63026 65760 4042.432600862372 5
320969 63050 42999 7353 63050 63950 63050 65784 3981.389404467862 5
131397 63054 3520 2675 63054 63954 63054 65816 7420.789835548424 5
293502 63071 3513 62115 63071 63971 63071 66170 47796.36533931502 5
52516 63078 95435 48296 63078 63978 63078 65823 5308.251349778903 5
145126 63084 9349 7829 63084 63984 63084 65835 6009.492730049791 5
84374 63105 5550 127196 63105 64005 63105 65835 3543.183000410246 5
219468 63117 15187 2852 63117 64017 63117 65839 2551.8214982422855 5
19225 63130 17088 11950 63130 64030 63130 65858 3269.290086267098 5
88813 63160 11402 130823 63160 64060 63160 65907 5565.716034505819 5
66924 63187 2651 5203 63187 64087 63187 65941 6365.060238006287 5
267257 63194 10368 16909 63194 64094 63194 65934 4795.222130746397 5
218654 63205 35989 105053 63205 64105 63205 66018 13440.251011804366 5
128457 63209 96982 112165 63209 64109 63209 65986 9127.230051822813 5
134939 63212 36311 16303 63212 64112 63212 65952 4739.832947997201 5
79444 63219 8088 11772 63219 64119 63219 65954 4144.68840757553 5
168926 63224 65763 11191 63224 64124 63224 65944 2363.8856954108505 5
123294 63226 5773 130752 63226 64126 63226 65948 2593.8774417254335 5
93438 63230 4931 11403 63230 64130 63230 66068 16496.97844047677 5
264495 63238 14486 77942 63238 64138 63238 65963 2908.1757394976707 5
178476 63243 11404 65495 63243 64143 63243 65984 4855.451149322896 5
296990 63246 6796 11677 63246 64146 63246 66019 8741.789342989603 5
334091 63256 6614 90987 63256 64156 63256 66041 10172.382500967304 5
198439 63270 12298 3113 63270 64170 63270 66044 8875.623981307734 5
227452 63282 5570 126844 63282 64182 63282 66007 2955.015083791116 5
327484 63284 4480 5189 63284 64184 63284 66093 13033.456036588279 5
126109 63302 5422 4795 63302 64202 63302 66036 4031.968711571623 5
288570 63322 85488 93800 63322 64222 63322 66100 9323.398991886892 5
316758 63329 130530 9889 63329 64229 63329 66066 4395.83708898962 5
133580 63339 130752 10170 63339 64239 63339 66112 8702.677684676795 5
77247 63341 36302 14658 63341 64241 63341 66101 7086.611014891752 5
239946 63356 130628 4734 63356 64256 63356 66080 2839.671672038676 5
308531 63365 128869 4737 63365 64265 63365 66085 2388.169140888112 5
305837 63371 4791 17172 63371 64271 63371 66110 4679.085554790799 5
242136 63373 5539 4738 63373 64273 63373 66156 9909.025883335768 5
143320 63376 2946 2812 63376 64276 63376 66098 2556.874639540629 5
41434 63384 3150 65360 63384 64284 63384 66193 13058.377206566325 5
294145 63397 8315 4756 63397 64297 63397 66137 4724.346644492798 5
234574 63402 35937 11670 63402 64302 63402 66142 4782.188090597865 5
233922 63405 7429 27508 63405 64305 63405 66296 22877.191374142585 5
132545 63411 129816 3627 63411 64311 63411 66194 9918.18310897534 5
156879 63418 10043 17172 63418 64318 63418 66144 3087.856466226303 5
30685 63428 4706 104294 63428 64328 63428 66148 2319.0864543563657 5
284554 63435 4363 4248 63435 64335 63435 66202 7936.726419907404 5
340223 63440 65333 38238 63440 64340 63440 66205 7736.728127649388 5
163170 63442 4234 93915 63442 64342 63442 66292 17947.915542267634 5
241381 63447 85425 7686 63447 64347 63447 66170 2663.9351381161864 5
155158 63472 11556 11670 63472 64372 63472 66242 8298.490229685125 5
65653 63479 85092 103577 63479 64379 63479 66201 2639.3020118035897 5
98607 63504 15877 95435 63504 64404 63504 66248 5266.056952404663 5
281735 63540 95357 105054 63540 64440 63540 66297 6818.41407569421 5
90973 63553 7800 100475 63553 64453 63553 66303 5966.215408899066 5
322890 63569 3133 1076 63569 64469 63569 66307 4559.325155080931 5
133057 63573 14615 69054 63573 64473 63573 66410 16322.312760819437 5
217859 63575 39988 91399 63575 64475 63575 66326 6099.550651611571 5
280096 63577 4248 124228 63577 64477 63577 66325 5685.4144000482 5
338406 63582 95360 100327 63582 64482 63582 66378 11417.330387219903 5
159157 63591 95430 103579 63591 64491 63591 66317 3031.261828774268 5
221149 63610 6719 17174 63610 64510 63610 66359 5762.5159715884665 5
274967 63615 65735 7022 63615 64515 63615 66412 11520.73089292416 5
107611 63627 10097 7086 63627 64527 63627 66351 2823.1014871479138 5
108216 63630 8078 14489 63630 64530 63630 66348 2138.7552474800677 5
51998 63642 1434 5580 63642 64542 63642 66369 3171.9994602910742 5
60997 63653 483 4248 63653 64553 63653 66383 3529.597461969738 5
75699 63666 5566 7336 63666 64566 63666 66428 7412.518278420916 5
331198 63670 104752 4735 63670 64570 63670 66405 4146.325876497614 5
16191 63673 13214 126408 63673 64573 63673 66421 5721.177159935234 5
104774 63678 62162 64492 63678 64578 63678 66594 25815.7196532374 5
241382 63681 85413 85094 63681 64581 63681 66449 8070.49424762961 5
230115 63697 35948 4744 63697 64597 63697 66463 7893.558904346516 5
147782 63712 12094 83489 63712 64612 63712 66436 2857.20063934189 5
14624 63731 36000 35750 63731 64631 63731 66523 11010.568554862562 5
30686 63749 104298 6923 63749 64649 63749 66481 3727.9663484086686 5
224273 63753 5581 2655 63753 64653 63753 66479 3085.1206364234877 5
226953 63760 109476 13123 63760 64660 63760 66710 29920.106593593817 5
230873 63768 13214 5623 63768 64668 63768 66528 7123.349813706163 5
119693 63783 6392 11511 63783 64683 63783 66513 3548.968429299027 5
10693 63792 3384 11670 63792 64692 63792 66546 6380.442840484257 5
149822 63800 7802 11947 63800 64700 63800 66576 9030.560615077778 5
333431 63805 8090 5567 63805 64705 63805 66532 3165.5019453939212 5
330829 63819 4363 125046 63819 64719 63819 66545 3048.3595276180463 5
185228 63826 49700 4373 63826 64726 63826 66691 19751.016487598787 5
222572 63838 11435 59163 63838 64738 63838 66753 25773.601426783163 5
138565 63846 11301 88701 63846 64746 63846 66675 15392.52674182711 5
237569 63851 125920 80628 63851 64751 63851 66571 2363.8304345426136 5
32718 63858 120314 11942 63858 64758 63858 66635 9149.018190174662 5
137411 63860 86205 128753 63860 64760 63860 66588 3286.653462613398 5
106922 63873 125671 121143 63873 64773 63873 66620 5536.802284603855 5
115190 63886 2658 6923 63886 64786 63886 66642 6686.819617241182 5
26394 63896 10042 4151 63896 64796 63896 66710 13650.441747523113 5
92731 63938 117794 46940 63938 64838 63938 66893 30538.75628463267 5
205454 63942 96004 9407 63942 64842 63942 66689 5534.202966186226 5
102741 63948 36300 100450 63948 64848 63948 66675 3213.3487593938053 5
164342 63976 3119 91399 63976 64876 63976 66710 4075.2380113574986 5
129921 63979 11067 36209 63979 64879 63979 66728 5800.3470103676 5
170455 63995 11868 4490 63995 64895 63995 66750 6532.098205943839 5
103210 64005 129339 120280 64005 64905 64005 66754 5787.368399182625 5
137944 64013 36231 5573 64013 64913 64013 66773 7093.156753328546 5
236283 64024 3114 65770 64024 64924 64024 66747 2704.3724591774103 5
253606 64041 120268 12981 64041 64941 64041 66823 9755.226167387664 5
46401 64055 53542 4736 64055 64955 64055 66784 3379.5715381651335 5
187430 64064 68851 3621 64064 64964 64064 66795 3701.0413322824556 5
20620 64074 14213 7738 64074 64974 64074 66845 8462.31800367497 5
256846 64079 14491 14773 64079 64979 64079 66814 4091.3838968323 5
64092 64090 98640 17170 64090 64990 64090 66838 5679.354578869986 5
182240 64129 6771 91439 64129 65029 64129 66848 2220.017521630183 5
197060 64137 5550 8915 64137 65037 64137 66855 2052.5430643279865 5
49708 64140 62000 54850 64140 65040 64140 66992 18189.0598229082 5
160914 64151 11302 80285 64151 65051 64151 66901 5897.579591101072 5
147783 64159 3143 65532 64159 65059 64159 66904 5309.234909278709 5
73658 64166 33990 25186 64166 65066 64166 66997 15690.276860604003 5
299785 64181 14658 5781 64181 65081 64181 66927 5496.808621797766 5
135467 64183 62168 611 64183 65083 64183 67233 41884.54740836788 5
327894 64203 91535 15994 64203 65103 64203 66925 2572.3531347070516 5
129308 64208 95430 4729 64208 65108 64208 66938 3565.533625908253 5
196571 64214 130752 6786 64214 65114 64214 66945 3663.2068284149746 5
107612 64216 12763 8081 64216 65116 64216 66954 4476.511625848052 5
163778 64220 5273 37000 64220 65120 64220 66950 3549.4120670135803 5
155159 64245 8896 11372 64245 65145 64245 67032 10343.032219459335 5
266501 64250 128753 130823 64250 65150 64250 66974 2779.911661241824 5
194977 64272 10533 130530 64272 65172 64272 66996 2793.999133157312 5
88814 64281 4730 53534 64281 65181 64281 67000 2234.234461003289 5
195479 64290 103835 12225 64290 65190 64290 67111 14419.027935040867 5
280097 64298 8083 4741 64298 65198 64298 67022 2846.7456524092145 5
95470 64320 36302 7737 64320 65220 64320 67087 8001.177957284307 5
78769 64359 69186 35760 64359 65259 64359 67104 5338.4684199893445 5
260214 64367 51784 35773 64367 65267 64367 67116 5826.143722234035 5
320970 64370 2634 36315 64370 65270 64370 67115 5304.313933675364 5
189469 64377 6158 9482 64377 65277 64377 67114 4370.153173355792 5
236904 64411 5548 2576 64411 65311 64411 67142 3620.386346925248 5
80067 64447 12763 7828 64447 65347 64447 67173 3111.9056611326787 5
310751 64469 86206 7416 64469 65369 64469 67236 7949.732553081111 5
332977 64472 7347 8301 64472 65372 64472 67204 3828.3968239582887 5
142069 64481 87375 9514 64481 65381 64481 67220 4679.998441462469 5
204022 64486 11960 11348 64486 65386 64486 67224 4490.217751266905 5
196173 64494 6373 114475 64494 65394 64494 67255 7300.273750786601 5
340683 64505 86224 10049 64505 65405 64505 67237 3829.1659741281246 5
136618 64509 103965 116361 64509 65409 64509 67267 6934.179732690166 5
79445 64513 4385 10100 64513 65413 64513 67284 8430.42150858315 5
1016 64524 6923 8208 64524 65424 64524 67283 7051.885829002359 5
279437 64529 6375 86231 64529 65429 64529 67284 6520.656556395141 5
289147 64553 7101 10456 64553 65453 64553 67291 4510.280487576844 5
22232 64581 98609 16764 64581 65481 64581 67348 8019.4700914956675 5
229389 64587 44358 14804 64587 65487 64587 67636 41855.061200712094 5
203281 64594 11435 11303 64594 65494 64594 67333 4631.201995904392 5
252959 64609 104689 45310 64609 65509 64609 67376 7926.643474574977 5
85755 64624 14395 7978 64624 65524 64624 67350 3030.8894246741756 5
51242 64629 8088 13209 64629 65529 64629 67354 2961.478559718009 5
208756 64635 9903 11712 64635 65535 64635 67356 2407.613711140857 5
317277 64662 87663 11841 64662 65562 64662 67382 2318.197297204758 5
188092 64667 96982 65770 64667 65567 64667 67386 2167.8240222361815 5
311631 64673 100488 13204 64673 65573 64673 67400 3214.659159259603 5
325498 64683 65088 4757 64683 65583 64683 67427 5192.563272349002 5
148958 64689 3369 2651 64689 65589 64689 67436 5631.05032600565 5
182241 64691 3510 91512 64691 65591 64691 67434 5074.07854418117 5
217860 64709 11845 70376 64709 65609 64709 67450 4906.13143784009 5
179837 64712 83489 17174 64712 65612 64712 67438 3046.5660869664857 5
287932 64722 91522 95360 64722 65622 64722 67461 4595.609321791691 5
115191 64727 50074 119318 64727 65627 64727 67503 9023.640018373675 5
240719 64754 127297 7793 64754 65654 64754 67489 4175.405202714605 5
64741 64761 5562 5432 64761 65661 64761 67495 4051.2936491015457 5
232402 64786 62175 107643 64786 65686 64786 67697 25316.975925203078 5
291212 64800 4235 87633 64800 65700 64800 67521 2417.532185847643 5
119694 64802 96982 87175 64802 65702 64802 67523 2455.2547744924814 5
273013 64812 17072 12974 64812 65712 64812 67541 3406.6481164295456 5
319044 64833 7267 4796 64833 65733 64833 67553 2342.120222291668 5
190206 64858 129120 986 64858 65758 64858 67588 3598.975286857402 5
60998 64865 44666 1037 64865 65765 64865 67586 2404.340471687679 5
132104 64897 9900 91544 64897 65797 64897 67624 3147.1201678749053 5
116944 64912 5113 130898 64912 65812 64912 67630 2070.8128311457745 5
161694 64951 130810 4737 64951 65851 64951 67670 2241.1742994905458 5
65464 64969 100433 7093 64969 65869 64969 67688 2181.5956412676633 5
41851 64997 4365 62206 64997 65897 64997 68076 45451.45796976945 5
137945 65022 10466 109469 65022 65922 65022 68096 44879.21742293685 5
46402 65056 4738 62138 65056 65956 65056 68133 45191.213854683956 5
262314 71215 12765 129843 71215 72115 71215 73936 2418.511344866548 5
255611 71217 59143 51781 71217 72117 71217 74142 26909.936891552232 5
310143 71219 2277 95434 71219 72119 71219 74015 11510.281973468884 5
214575 71222 107617 4241 71222 72122 71222 74196 32867.7079096864 5
324071 71225 62237 21058 71225 72125 71225 74020 11398.21772542281 5
95471 71230 5137 13289 71230 72130 71230 73948 2135.666141012397 5
167049 71232 12161 74049 71232 72132 71232 74072 16793.87268351411 5
314879 71234 11420 98638 71234 72134 71234 73957 2678.2596540899112 5
116067 71236 8316 7324 71236 72136 71236 73955 2247.4057287116098 5
339329 71238 5286 49813 71238 72138 71238 74044 12627.697539331084 5
169621 71240 128388 3135 71240 72140 71240 73976 4312.130817800895 5
57281 71242 3131 36315 71242 72142 71242 73967 2942.377789328381 5
173735 71244 7098 95426 71244 72144 71244 73974 3552.2495763603115 5
276576 71246 70396 47634 71246 72146 71246 74018 8581.965599317971 5
221869 71248 11377 2655 71248 72148 71248 73976 3271.629380737634 5
16192 71250 14490 11305 71250 72150 71250 73987 4385.193221899303 5
163779 71252 14489 7371 71252 72152 71252 73974 2637.9404743669234 5
99035 71254 74143 5454 71254 72154 71254 73978 2795.558406158293 5
226313 71256 44935 127148 71256 72156 71256 74019 7559.660676052745 5
162471 71258 7670 483 71258 72158 71258 73991 3913.2143144662605 5
100527 71260 7650 91496 71260 72160 71260 73988 3332.1751404868824 5
155709 71262 4235 9902 71262 72162 71262 73992 3550.487101699718 5
108768 71264 93838 4599 71264 72164 71264 74026 7340.595147870271 5
14625 71266 123214 5421 71266 72166 71266 74055 10671.64422584018 5
225661 71268 14793 4190 71268 72168 71268 73994 3035.898321766591 5
138566 71270 128012 12609 71270 72170 71270 73990 2367.5921865840883 5
85245 71272 71431 5548 71272 72172 71272 74168 23417.979313999935 5
260856 71274 10963 16751 71274 72174 71274 74055 9662.552416494917 5
236905 71305 5548 93915 71305 72205 71305 74160 18533.083614234336 5
42660 71314 51777 7880 71314 72214 71314 74039 2965.8988748204497 5
123993 71327 128753 107514 71327 72227 71327 74257 27523.487360317533 5
329986 71333 6922 35951 71333 72233 71333 74079 5506.572916411256 5
245617 71345 10697 11766 71345 72245 71345 74119 8829.984088977099 5
80823 71350 3730 3307 71350 72250 71350 74109 6976.278300575106 5
266502 71358 130823 5692 71358 72258 71358 74157 11785.046049961617 5
127792 71378 109461 63242 71378 72278 71378 74226 17722.782271485084 5
285227 71408 7655 45592 71408 72308 71408 74129 2489.6078068811 5
219470 71413 99903 103577 71413 72313 71413 74134 2437.6816443069833 5
86870 71432 3116 48309 71432 72332 71432 74174 4960.265974858001 5
119013 71439 36016 10270 71439 72339 71439 74228 10595.942707404858 5
299103 71451 128583 105023 71451 72351 71451 74219 8053.044621721607 5
65465 71457 111705 109966 71457 72357 71457 74215 6901.738422486738 5
160915 71461 6795 3114 71461 72361 71461 74207 5468.192374753264 5
252960 71488 18293 83342 71488 72388 71488 74241 6325.757759589602 5
85756 71493 5470 9899 71493 72393 71493 74213 2318.163411285642 5
166430 71501 11438 5432 71501 72401 71501 74225 2801.877318205087 5
88815 71517 15352 6725 71517 72417 71517 74263 5460.448661171206 5
235144 71528 5490 14661 71528 72428 71528 74284 6708.71575130524 5
193541 71531 87661 11844 71531 72431 71531 74256 2990.5148051615547 5
8861 71545 8509 8300 71545 72445 71545 74263 2051.42040781672 5
338407 71551 4011 15211 71551 72451 71551 74354 12246.746058812114 5
206742 71566 7094 13223 71566 72466 71566 74324 6956.121005220148 5
102742 71582 4234 11511 71582 72482 71582 74311 3416.9001724636882 5
109475 71592 87643 16311 71592 72492 71592 74332 4746.22533470059 5
265276 71605 100469 101174 71605 72505 71605 74333 3328.151569523702 5
100528 71610 43520 11300 71610 72510 71610 74348 4479.9553783566935 5
115192 71618 7105 103078 71618 72518 71618 74356 4502.937581431185 5
282171 71644 57186 65748 71644 72544 71644 74373 3479.644782900179 5
37462 71650 91507 5774 71650 72550 71650 74382 3787.1572267009115 5
81378 71654 3117 100363 71654 72554 71654 74417 7463.763653082527 5
75700 71658 11069 65422 71658 72558 71658 74487 15424.89230271664 5
168364 71662 7347 7354 71662 72562 71662 74384 2600.8812787980455 5
12558 71670 3117 11766 71670 72570 71670 74431 7212.875387533298 5
106924 71694 3865 106775 71694 72594 71694 74469 8942.269085264987 5
408 71713 2495 15186 71713 72613 71713 74447 4007.0774433297147 5
337905 71721 12274 8024 71721 72621 71721 74458 4384.128036871041 5
222573 71743 3756 4363 71743 72643 71743 74466 2699.600147235877 5
166431 71752 5432 10095 71752 72652 71752 74518 7896.085883780989 5
301918 71769 4751 8289 71769 72669 71769 74537 8115.776434290332 5
20621 71776 8087 4737 71776 72676 71776 74521 5314.8077649100205 5
279438 71791 91435 7347 71791 72691 71791 74556 7740.40264446063 5
99693 71810 100422 5433 71810 72710 71810 74529 2264.9142300688513 5
136027 71825 53530 10100 71825 72725 71825 74544 2263.5602726086536 5
129309 71835 104795 91439 71835 72735 71835 74558 2676.3420788169265 5
283212 71844 73362 44669 71844 72744 71844 74593 5873.031838144811 5
173736 71856 14069 74142 71856 72756 71856 74578 2639.7731008199053 5
98162 71863 6805 18352 71863 72763 71863 74620 6783.805379051575 5
154613 71865 7919 9857 71865 72765 71865 74622 6806.34736991053 5
62850 71870 11926 86199 71870 72770 71870 74646 9118.25468101708 5
127235 71907 109465 107449 71907 72807 71907 74711 12380.325945757942 5
93439 71922 120312 78086 71922 72822 71922 74680 6931.981781059908 5
233923 71936 38239 91533 71936 72836 71936 74661 2977.9041840377186 5
165240 71956 9449 14488 71956 72856 71956 74730 8770.054595100135 5
210833 71963 3114 37012 71963 72863 71963 74701 4502.492705007419 5
333433 71972 119337 104294 71972 72872 71972 74735 7453.705852551078 5
154216 71979 4089 7097 71979 72879 71979 74723 5171.887784738577 5
163780 71981 121333 5454 71981 72881 71981 74709 3266.6700620348633 5
256848 71996 11443 70111 71996 72896 71996 74729 3844.20040440347 5
-1
r.id  r.timeCall  r.pickupLocationID r.deliveryLocationID  r.earlyPickupTime  r.latePickupTime  r.earlyDeliveryTime  r.lateDeliveryTime
19221 20818 100511 6162 20818 82761 20818 82800
318187 20820 16865 16692 20820 82775 20820 82800
163777 20822 85453 85365 20822 82779 20822 82800
277848 20824 9439 5534 20824 82769 20824 82800
173733 20826 65773 8235 20826 82737 20826 82800
174418 20828 100363 4306 20828 82774 20828 82800
80820 20830 12727 95426 20830 82771 20830 82800
334088 20832 57742 120261 20832 82781 20832 82800
78013 20834 128638 7886 20834 82708 20834 82800
287288 20836 10355 5574 20836 82755 20836 82800
325491 20838 1419 95338 20838 82766 20838 82800
243288 20840 36231 95347 20840 82781 20840 82800
170452 20842 8081 35966 20842 82708 20842 82800
151835 20844 6789 7140 20844 82737 20844 82800
332973 20846 1393 11967 20846 82776 20846 82800
259426 20848 3515 11418 20848 82774 20848 82800
94066 20850 4755 5460 20850 82749 20850 82800
98604 20852 11946 18640 20852 82740 20852 82800
106920 20854 35750 85423 20854 82772 20854 82800
19881 20856 86227 3376 20856 82758 20856 82800
151131 20858 78264 12298 20858 82780 20858 82800
39210 20860 10269 11071 20860 82736 20860 82800
168363 20862 10170 12362 20862 82762 20862 82800
160304 20864 9561 6085 20864 82728 20864 82800
321402 20866 11929 1813 20866 82712 20866 82800
186695 20868 85389 489 20868 82758 20868 82800
305836 20870 10475 11435 20870 82755 20870 82800
247576 20872 124695 10286 20872 82759 20872 82800
2592 20874 11351 37019 20874 82763 20874 82800
158190 20876 13631 16044 20876 82779 20876 82800
12556 20878 5194 8372 20878 82722 20878 82800
238235 20880 2848 127206 20880 82772 20880 82800
264494 20882 70932 5869 20882 82703 20882 82800
133577 20884 7087 53526 20884 82770 20884 82800
191432 20886 4249 3376 20886 82728 20886 82800
116939 20888 9479 100479 20888 82777 20888 82800
180447 20890 14487 85360 20890 82768 20890 82800
157491 20892 48785 1856 20892 82746 20892 82800
215167 20894 10469 8573 20894 82670 20894 82800
198438 20896 95538 7753 20896 82716 20896 82800
185979 20898 8027 103951 20898 82783 20898 82800
309727 20900 130823 14147 20900 82716 20900 82800
263838 20902 4736 6796 20902 82753 20902 82800
192917 20904 6888 57266 20904 82769 20904 82800
134935 20906 6213 3632 20906 82762 20906 82800
119691 20908 5555 8348 20908 82670 20908 82800
155157 20910 18154 17663 20910 82658 20910 82800
75697 20912 4872 104874 20912 82692 20912 82800
254138 20914 13215 11766 20914 82780 20914 82800
153029 20916 129800 2120 20916 82778 20916 82800
326083 20918 11767 43403 20918 82780 20918 82800
164761 20920 128388 11196 20920 82777 20920 82800
142679 20922 53532 3512 20922 82780 20922 82800
126106 20924 11422 85405 20924 82743 20924 82800
284553 20926 7687 95803 20926 82764 20926 82800
148955 20928 7889 11850 20928 82734 20928 82800
166428 20930 95437 4247 20930 82778 20930 82800
13286 20932 116980 36218 20932 82727 20932 82800
30684 20934 1570 3701 20934 82762 20934 82800
242664 20936 9012 130536 20936 82688 20936 82800
194279 20938 3123 12862 20938 82773 20938 82800
20618 20940 4597 15531 20940 82742 20940 82800
175719 20942 6366 2653 20942 82769 20942 82800
62846 20944 39988 5540 20944 82712 20944 82800
22231 20946 5421 65559 20946 82606 20946 82800
144492 20948 3369 2156 20948 82748 20948 82800
309293 20950 236 9480 20950 82692 20950 82800
88810 20952 6795 7687 20952 82772 20952 82800
207471 20954 7786 11870 20954 82725 20954 82800
181074 20956 7091 10159 20956 82766 20956 82800
37460 20958 14484 7885 20958 82782 20958 82800
57278 20968 5194 88217 20968 82759 20968 82800
275748 20973 11766 3517 20973 82773 20973 82800
145804 20980 2810 253 20980 82760 20980 82800
292737 20986 4234 5470 20986 82762 20986 82800
103207 20991 130810 130752 20991 82778 20991 82800
73657 20993 4744 95338 20993 82744 20993 82800
336251 21002 103578 6788 21002 82763 21002 82800
105456 21011 104334 2116 21011 82724 21011 82800
8104 21016 87661 67518 21016 82768 21016 82800
274148 21018 3373 9557 21018 82779 21018 82800
104204 21020 123435 8237 21020 82746 21020 82800
72310 21026 35941 11076 21026 82744 21026 82800
49705 21033 91542 7886 21033 82735 21033 82800
38548 21039 126342 8313 21039 82773 21039 82800
303839 21041 9554 1676 21041 82720 21041 82800
125530 21047 88277 18639 21047 82780 21047 82800
71529 21050 7085 4085 21050 82780 21050 82800
231672 21055 3114 88730 21055 82703 21055 82800
28687 21057 121555 93915 21057 82631 21057 82800
322271 21062 3526 91502 21062 82718 21062 82800
185980 21065 7917 4745 21065 82732 21065 82800
289778 21075 130911 119202 21075 82776 21075 82800
266499 21077 8239 7883 21077 82757 21077 82800
167680 21082 4235 11895 21082 82717 21082 82800
15495 21086 128388 12759 21086 82650 21086 82800
240716 21092 44478 85458 21092 82746 21092 82800
328564 21094 406 8312 21094 82768 21094 82800
326488 21096 88711 55762 21096 82689 21096 82800
338404 21098 109465 21525 21098 82662 21098 82800
56602 21110 16307 37005 21110 82735 21110 82800
165845 21113 8217 7845 21113 82759 21113 82800
113192 21116 70394 12072 21116 82758 21116 82800
297707 21118 100493 5577 21118 82749 21118 82800
50156 21121 128455 65749 21121 82775 21121 82800
139998 21124 120280 7857 21124 82782 21124 82800
122064 21131 4098 7794 21131 82752 21131 82800
154610 21139 10052 100512 21139 82763 21139 82800
149487 21145 35946 5848 21145 82763 21145 82800
25603 21151 85377 87317 21151 82735 21151 82800
249309 21153 17291 7885 21153 82777 21153 82800
285963 21157 10277 3124 21157 82750 21157 82800
281733 21164 11071 14647 21164 82750 21164 82800
41431 21167 85364 4101 21167 82769 21167 82800
93436 21171 15531 14007 21171 82770 21171 82800
324069 21173 4737 10162 21173 82744 21173 82800
314378 21175 11840 9664 21175 82701 21175 82800
92730 21178 103936 100429 21178 82758 21178 82800
236903 21183 35748 8527 21183 82780 21183 82800
320352 21186 127014 13222 21186 82752 21186 82800
168925 21193 5193 4962 21193 82754 21193 82800
226312 21196 8918 4755 21196 82742 21196 82800
199888 21199 8321 9439 21199 82742 21199 82800
190203 21209 4744 3757 21209 82763 21209 82800
213228 21213 8234 5787 21213 82737 21213 82800
246929 21222 6785 42634 21222 82727 21222 82800
103718 21226 8065 12102 21226 82704 21226 82800
14622 21228 124700 64183 21228 82781 21228 82800
286344 21231 10044 7645 21231 82766 21231 82800
206741 21233 128486 2663 21233 82763 21233 82800
147779 21239 10463 3376 21239 82753 21239 82800
222569 21241 83906 7919 21241 82752 21241 82800
126745 21247 100405 17519 21247 82749 21247 82800
325160 21249 12090 128250 21249 82777 21249 82800
218651 21256 4248 3123 21256 82780 21256 82800
279435 21258 35749 14006 21258 82747 21258 82800
260212 21261 131065 3757 21261 82726 21261 82800
110790 21268 12227 10269 21268 82754 21268 82800
69979 21270 11419 3151 21270 82719 21270 82800
156877 21272 3123 2504 21272 82778 21272 82800
64091 21281 5437 13214 21281 82750 21281 82800
235142 21283 16767 35947 21283 82727 21283 82800
55877 21285 3155 11766 21285 82747 21285 82800
100524 21289 5566 15186 21289 82780 21289 82800
116940 21296 1393 3632 21296 82746 21296 82800
112734 21298 105055 13204 21298 82752 21298 82800
19882 21302 100399 15531 21302 82758 21302 82800
153030 21306 83293 103559 21306 82712 21306 82800
92027 21309 50074 8315 21309 82729 21309 82800
288568 21314 5490 2654 21314 82747 21314 82800
2593 21322 104811 4741 21322 82757 21322 82800
108766 21326 8227 12654 21326 82765 21326 82800
81840 21338 4089 5573 21338 82757 21338 82800
54348 21342 100433 95428 21342 82774 21342 82800
150433 21345 18751 36044 21345 82779 21345 82800
142680 21348 11299 8301 21348 82762 21348 82800
267255 21350 65767 3142 21350 82742 21350 82800
65650 21352 130674 10363 21352 82775 21352 82800
88811 21354 11768 7416 21354 82744 21354 82800
10111 21356 9432 14007 21356 82754 21356 82800
238236 21358 5471 65529 21358 82766 21358 82800
1015 21360 8027 1447 21360 82712 21360 82800
282790 21362 36304 104294 21362 82776 21362 82800
76427 21369 6666 36307 21369 82762 21369 82800
338770 21387 36301 112165 21387 82781 21387 82800
19222 21389 2948 11933 21389 82753 21389 82800
140658 21398 11370 12086 21398 82776 21398 82800
334089 21402 18926 45545 21402 82718 21402 82800
134936 21407 7681 6777 21407 82762 21407 82800
115188 21420 9112 11291 21420 82678 21420 82800
188766 21427 13218 98878 21427 82780 21427 82800
211489 21443 6783 10046 21443 82763 21443 82800
330827 21446 8024 3369 21446 82771 21446 82800
133578 21449 117661 11765 21449 82773 21449 82800
107609 21457 10355 10048 21457 82778 21457 82800
252374 21468 4248 107164 21468 82756 21468 82800
132103 21470 2412 78630 21470 82763 21470 82800
82310 21472 104605 65520 21472 82783 21472 82800
13287 21474 4483 93834 21474 82728 21474 82800
171187 21476 3130 72263 21476 82704 21476 82800
293499 21485 121138 120261 21485 82768 21485 82800
172253 21487 91523 121555 21487 82772 21487 82800
52515 21489 4240 10269 21489 82738 21489 82800
337904 21493 11511 4738 21493 82779 21493 82800
104205 21503 4483 104034 21503 82769 21503 82800
326084 21513 95430 9884 21513 82771 21513 82800
39917 21521 11438 101979 21521 82700 21521 82800
321403 21523 120296 4779 21523 82769 21523 82800
116064 21532 11840 13214 21532 82754 21532 82800
275749 21534 8771 11304 21534 82782 21534 82800
8105 21536 6786 11877 21536 82750 21536 82800
226952 21538 5545 2663 21538 82740 21538 82800
337153 21543 109472 114432 21543 82751 21543 82800
265878 21548 4483 16771 21548 82780 21548 82800
292738 21553 3114 15108 21553 82736 21553 82800
148956 21555 7766 112165 21555 82777 21555 82800
330429 21557 5828 95032 21557 82771 21557 82800
230871 21568 7201 11384 21568 82733 21568 82800
169618 21572 17218 130813 21572 82761 21572 82800
283864 21580 7798 2212 21580 82769 21580 82800
16188 21582 65774 65339 21582 82760 21582 82800
129306 21594 11196 1875 21594 82768 21594 82800
278990 21596 3117 69104 21596 82736 21596 82800
228041 21598 2663 4670 21598 82783 21598 82800
298394 21605 129879 91502 21605 82775 21605 82800
5282 21610 7880 6796 21610 82744 21610 82800
7339 21613 125643 103954 21613 82781 21613 82800
61660 21615 4730 11438 21615 82778 21615 82800
218652 21636 96982 11440 21636 82768 21636 82800
17403 21647 3119 5575 21647 82754 21647 82800
258721 21652 17420 14484 21652 82751 21652 82800
310750 21654 131000 53533 21654 82769 21654 82800
188091 21657 11199 8084 21657 82742 21657 82800
197059 21659 8927 11841 21659 82759 21659 82800
183232 21666 2946 2959 21666 82774 21666 82800
300393 21671 488 15192 21671 82776 21671 82800
308529 21678 102929 45522 21678 82763 21678 82800
14623 21685 69134 10161 21685 82776 21685 82800
289779 21692 85477 85467 21692 82774 21692 82800
160305 21702 4740 12247 21702 82767 21702 82800
245615 21704 2860 7213 21704 82758 21704 82800
290485 21706 7085 65761 21706 82780 21706 82800
156878 21708 53538 10474 21708 82769 21708 82800
266500 21711 10043 33500 21711 82762 21711 82800
48241 21722 85440 14808 21722 82760 21722 82800
259427 21730 9521 9449 21730 82746 21730 82800
243906 21734 10175 6088 21734 82747 21734 82800
322272 21750 9369 80650 21750 82446 21750 82800
95468 21762 13894 40563 21762 82772 21762 82800
274149 21766 126844 86229 21766 82769 21766 82800
49706 21772 6887 100452 21772 82771 21772 82800
112735 21779 6782 6797 21779 82770 21779 82800
249310 21782 4736 5568 21782 82773 21782 82800
294911 21793 8301 116948 21793 82778 21793 82800
152430 21806 38074 8028 21806 82772 21806 82800
296257 21808 120306 41832 21808 82772 21808 82800
116941 21828 85477 12091 21828 82766 21828 82800
199206 21834 17177 85380 21834 82780 21834 82800
134937 21836 53539 16703 21836 82783 21836 82800
51240 21852 10355 14490 21852 82773 21852 82800
331195 21862 6801 10473 21862 82780 21862 82800
41432 21864 8918 85382 21864 82779 21864 82800
170453 21866 35987 36080 21866 82771 21866 82800
156337 21870 14494 5570 21870 82776 21870 82800
199889 21875 4997 68477 21875 82773 21875 82800
126107 21878 85482 11421 21878 82760 21878 82800
95989 21881 85477 12091 21881 82766 21881 82800
181075 21892 100512 64492 21892 82278 21892 82800
82311 35220 115720 93915 35220 82755 35220 82800
315228 35232 13209 4190 35232 82775 35232 82800
60995 35238 35975 35978 35238 82781 35238 82800
29375 35249 11255 49541 35249 82769 35249 82800
110791 35272 16858 8294 35272 82781 35272 82800
331196 35279 7095 1815 35279 82726 35279 82800
251005 35293 129440 14008 35293 82740 35293 82800
15496 35337 14908 5566 35337 82735 35337 82800
158191 35389 38812 9587 35389 82776 35389 82800
173032 35395 16531 16866 35395 82772 35395 82800
62847 35425 35991 4098 35425 82716 35425 82800
117653 35449 4045 11308 35449 82703 35449 82800
83671 35581 11302 4745 35581 82759 35581 82800
154612 35607 35997 5794 35607 82774 35607 82800
294143 35632 80290 7896 35632 82773 35632 82800
175193 35664 65531 10258 35664 82752 35664 82800
267256 35673 67977 117788 35673 82735 35673 82800
259428 35699 53533 53525 35699 82781 35699 82800
20619 35826 7090 5550 35826 82774 35826 82800
276575 35926 1449 17746 35926 82716 35926 82800
158192 35953 85435 101471 35953 82770 35953 82800
332975 36004 14779 105662 36004 82769 36004 82800
44398 36058 93847 13144 36058 82738 36058 82800
50612 36061 100516 7789 36061 82772 36061 82800
190204 36089 7888 5783 36089 82771 36089 82800
36064 36116 5193 2214 36116 82762 36116 82800
277222 36130 100482 2640 36130 82780 36130 82800
119012 36161 35995 18213 36161 82767 36161 82800
262312 36173 35755 15496 36173 82766 36173 82800
5283 36215 98604 68514 36215 82760 36215 82800
19223 36302 100388 44470 36302 82781 36302 82800
114510 36369 5790 35991 36369 82771 36369 82800
269426 62219 407 14658 62219 82758 62219 82800
199207 62221 3114 57126 62221 82759 62221 82800
190205 62224 128549 109477 62224 82454 62224 82800
211490 62227 6667 8295 62227 82776 62227 82800
136616 62229 11415 126861 62229 82772 62229 82800
164341 62231 8325 4739 62231 82762 62231 82800
69422 62233 112066 109469 62233 82409 62233 82800
28690 62235 236 45934 62235 82751 62235 82800
202693 62237 7201 4373 62237 82729 62237 82800
163169 62239 10372 4796 62239 82720 62239 82800
217857 62241 14797 53546 62241 82776 62241 82800
337154 62243 62304 7105 62243 82665 62243 82800
177791 62245 107532 6806 62245 82491 62245 82800
218653 62247 86226 1438 62247 82753 62247 82800
325495 62249 7911 7737 62249 82758 62249 82800
65652 62251 85454 130530 62251 82762 62251 82800
93437 62253 14490 9561 62253 82740 62253 82800
251006 62255 6148 7359 62255 82778 62255 82800
105457 62257 3510 10270 62257 82746 62257 82800
200556 62259 117119 109980 62259 82782 62259 82800
39918 62261 75436 7645 62261 82468 62261 82800
263840 62263 109472 87633 62263 82442 62263 82800
283209 62265 4788 117769 62265 82774 62265 82800
281734 62267 2138 4742 62267 82766 62267 82800
245003 62269 7961 7648 62269 82781 62269 82800
111369 62271 71062 11435 62271 82721 62271 82800
299784 62273 7792 7086 62273 82774 62273 82800
294144 62275 2145 7963 62275 82772 62275 82800
147046 62277 37012 62120 62277 82456 62277 82800
274966 62279 65763 104623 62279 82759 62279 82800
328565 62281 4377 130333 62281 82745 62281 82800
308530 62283 104754 4724 62283 82780 62283 82800
136025 62285 14637 77416 62285 82656 62285 82800
197756 62287 15109 70620 62287 82767 62287 82800
66258 62289 129472 21843 62289 82499 62289 82800
334090 62291 57450 45560 62291 82714 62291 82800
299100 62293 9903 9551 62293 82771 62293 82800
112736 62299 33994 88270 62299 82421 62299 82800
316757 62305 4078 11507 62305 82754 62305 82800
100525 62326 8931 10270 62326 82779 62326 82800
151837 62331 35743 120555 62331 82736 62331 82800
327893 62336 17221 2809 62336 82722 62336 82800
296258 62346 55539 14773 62346 82769 62346 82800
236282 62353 2660 11752 62353 82749 62353 82800
216622 62379 85460 7471 62379 82671 62379 82800
142067 62381 130935 22344 62381 82768 62381 82800
256845 62410 6377 10697 62410 82716 62410 82800
10692 62429 33990 5007 62429 82477 62429 82800
331197 62437 6797 48311 62437 82770 62437 82800
221148 62439 5896 10035 62439 82765 62439 82800
215168 62442 45601 47573 62442 82738 62442 82800
103719 62452 1443 126342 62452 82736 62452 82800
245616 62464 11961 8321 62464 82776 62464 82800
19224 62471 4743 6797 62471 82764 62471 82800
51241 62485 15535 11300 62485 82699 62485 82800
10112 62491 8526 121454 62491 82765 62491 82800
67478 62497 37447 4363 62497 82721 62497 82800
179835 62523 17088 70389 62523 82757 62523 82800
329097 62543 37012 8325 62543 82726 62543 82800
280095 62569 11840 11845 62569 82782 62569 82800
142681 62581 130333 48306 62581 82755 62581 82800
61661 62585 18059 98614 62585 82739 62585 82800
208135 62587 3152 4737 62587 82722 62587 82800
104206 62612 4237 8313 62612 82759 62612 82800
103209 62617 53542 87663 62617 82767 62617 82800
183233 62622 5199 45592 62622 82771 62622 82800
173034 62629 11439 88701 62629 82709 62629 82800
75229 62641 11435 7101 62641 82764 62641 82800
238827 62644 7830 117762 62644 82760 62644 82800
295598 62646 7648 77410 62646 82783 62646 82800
279436 62648 62172 11072 62648 82433 62648 82800
170454 62656 14773 4756 62656 82754 62656 82800
148957 62660 86234 4723 62660 82744 62660 82800
157492 62668 95543 14807 62668 82745 62668 82800
224272 62670 14803 2662 62670 82761 62670 82800
116942 62680 6371 10158 62680 82774 62680 82800
225660 62688 9397 7971 62688 82776 62688 82800
176110 62696 6925 35958 62696 82745 62696 82800
102740 62702 5421 44805 62702 82696 62702 82800
210238 62706 1423 10098 62706 82741 62706 82800
41850 62708 36017 4748 62708 82706 62708 82800
100526 62714 3132 11509 62714 82738 62714 82800
240717 62716 12300 7087 62716 82744 62716 82800
129920 62727 55684 126618 62727 82741 62727 82800
296259 62736 42267 85450 62736 82756 62736 82800
258722 62753 4244 16034 62753 82758 62753 82800
8859 62761 5928 17174 62761 82761 62761 82800
38549 62763 18278 62190 62763 82469 62763 82800
114511 62769 241 35971 62769 82762 62769 82800
196171 62772 102936 131062 62772 82755 62772 82800
78014 62783 2663 126408 62783 82738 62783 82800
324070 62789 38062 62182 62789 82459 62789 82800
7340 62796 49941 115230 62796 82520 62796 82800
18498 62798 3385 12300 62798 82753 62798 82800
238237 62819 3124 5469 62819 82778 62819 82800
222571 62832 3517 5432 62832 82739 62832 82800
125533 62838 131068 129338 62838 82736 62838 82800
181076 62845 43379 10351 62845 82770 62845 82800
202025 62861 4743 7645 62861 82770 62861 82800
25604 62880 10098 3155 62880 82711 62880 82800
32064 62892 10173 42266 62892 82742 62892 82800
249311 62896 35330 5373 62896 82667 62896 82800
313249 62908 85486 16962 62908 82771 62908 82800
32717 62913 16697 2154 62913 82733 62913 82800
283210 62924 10696 8293 62924 82740 62924 82800
50613 62931 9893 18439 62931 82769 62931 82800
188768 62943 4747 91552 62943 82778 62943 82800
57920 62963 127957 104874 62963 82771 62963 82800
235822 62985 3526 62134 62985 82375 62985 82800
255610 62998 3117 10039 62998 82763 62998 82800
21371 63025 3117 57126 63025 82761 63025 82800
37982 63027 3125 5417 63027 82771 63027 82800
109474 63053 1423 7647 63053 82740 63053 82800
334416 63062 2413 4747 63062 82763 63062 82800
251007 63077 65314 96619 63077 82722 63077 82800
101585 63080 6280 16704 63080 82687 63080 82800
220428 63085 14573 15531 63085 82779 63085 82800
19883 63111 100405 124731 63111 82441 63111 82800
213967 63124 15965 13894 63124 82742 63124 82800
189468 63134 35944 6649 63134 82720 63134 82800
95469 63183 1559 8070 63183 82740 63183 82800
320355 63191 12970 8857 63191 82724 63191 82800
207472 63203 49756 8322 63203 82628 63203 82800
298395 63208 2756 129338 63208 82764 63208 82800
330828 63211 7886 36301 63211 82748 63211 82800
340682 63214 36007 4785 63214 82695 63214 82800
136617 63223 12763 104023 63223 82701 63223 82800
10113 63225 11438 2813 63225 82743 63225 82800
280603 63227 102014 15498 63227 82728 63227 82800
161693 63236 36235 87633 63236 82727 63236 82800
139245 63239 4075 18293 63239 82744 63239 82800
230872 63245 4381 11403 63245 82766 63245 82800
296260 63252 3516 80613 63252 82763 63252 82800
299101 63262 407 7931 63262 82751 63262 82800
323298 63274 62036 5570 63274 82435 63274 82800
282791 63283 13549 88697 63283 82668 63283 82800
12557 63285 85413 5546 63285 82732 63285 82800
228043 63320 121556 4246 63320 82775 63320 82800
80822 63324 752 7973 63324 82719 63324 82800
239505 63333 45309 15435 63333 82681 63333 82800
333430 63340 35761 6798 63340 82764 63340 82800
98161 63349 504 49917 63349 82679 63349 82800
177305 63359 46235 109715 63359 82727 63359 82800
169620 63367 3594 5192 63367 82633 63367 82800
58725 63372 11438 7656 63372 82752 63372 82800
199208 63374 85403 130823 63374 82753 63374 82800
130625 63381 8896 4373 63381 82741 63381 82800
278991 63387 4730 6728 63387 82639 63387 82800
202694 63399 14807 93830 63399 82719 63399 82800
192221 63403 7106 2576 63403 82755 63403 82800
103720 63409 42265 10051 63409 82771 63409 82800
190789 63417 7140 123331 63417 82649 63417 82800
237568 63420 11840 4247 63420 82780 63420 82800
105458 63429 36313 5793 63429 82770 63429 82800
43586 63439 15496 35750 63439 82763 63439 82800
99692 63441 10170 33591 63441 82436 63441 82800
86869 63443 82123 103964 63443 82500 63443 82800
307020 63460 51781 130752 63460 82776 63460 82800
179836 63474 5570 2663 63474 82775 63474 82800
81841 63485 82230 35943 63485 82423 63485 82800
3403 63508 7649 10281 63508 82754 63508 82800
106207 63548 3515 80557 63548 82661 63548 82800
219469 63566 2848 3124 63566 82776 63566 82800
142068 63570 16480 87370 63570 82721 63570 82800
166429 63574 43098 9902 63574 82759 63574 82800
148226 63576 4245 48979 63576 82717 63576 82800
215907 63581 1823 20374 63581 82542 63581 82800
74259 63589 5805 9292 63589 82760 63589 82800
215169 63602 85370 95425 63602 82750 63602 82800
165239 63611 12521 74910 63611 82590 63611 82800
31373 63622 5768 4756 63622 82754 63622 82800
336253 63629 5420 35750 63629 82746 63629 82800
89460 63640 128835 43461 63640 82751 63640 82800
53197 63651 14658 74143 63651 82778 63651 82800
289780 63657 6369 2495 63657 82734 63657 82800
196172 63667 1675 103078 63667 82742 63667 82800
65463 63672 5566 35769 63672 82754 63672 82800
197757 63677 125607 130699 63677 82705 63677 82800
142682 63679 18352 57198 63679 82783 63679 82800
116943 63695 10170 125533 63695 82702 63695 82800
252958 63708 11401 100519 63708 82746 63708 82800
176830 63720 65763 5454 63720 82758 63720 82800
71532 63748 98600 87370 63748 82778 63748 82800
259430 63752 10469 4917 63752 82702 63752 82800
127790 63759 3505 56375 63759 82759 63759 82800
313250 63767 17289 5132 63767 82753 63767 82800
172254 63774 8846 6798 63774 82704 63774 82800
140659 63784 11845 7086 63784 82769 63784 82800
113779 63794 5198 5418 63794 82777 63794 82800
301077 63803 36076 124990 63803 82676 63803 82800
120336 63816 5549 44223 63816 82753 63816 82800
287931 63822 2138 65358 63822 82778 63822 82800
122641 63835 38604 5192 63835 82730 63835 82800
256223 63840 107597 62120 63840 82722 63840 82800
173035 63850 11670 5547 63850 82687 63850 82800
299102 63852 4795 95426 63852 82762 63852 82800
240718 63859 95437 6158 63859 82761 63859 82800
123295 63862 7094 57203 63862 82770 63862 82800
76429 63876 82162 62260 63876 82695 63876 82800
123992 63888 85416 5192 63888 82730 63888 82800
263841 63909 74142 11509 63909 82766 63909 82800
325497 63941 36215 3376 63941 82766 63941 82800
67479 63944 1427 85409 63944 82737 63944 82800
125534 63964 14658 65716 63964 82773 63964 82800
295599 63978 10466 4365 63978 82765 63978 82800
175721 63992 62235 64492 63992 82593 63992 82800
1551 64000 7352 7654 64000 82777 64000 82800
168927 64012 44480 9329 64012 82763 64012 82800
298396 64023 17089 6016 64023 82739 64023 82800
305838 64036 8325 3124 64036 82762 64036 82800
66925 64050 91510 93915 64050 82650 64050 82800
303841 64058 93823 3702 64058 82751 64058 82800
224970 64067 36000 5423 64067 82689 64067 82800
126110 64075 4045 57202 64075 82777 64075 82800
44400 64081 130530 93802 64081 82775 64081 82800
202026 64106 4246 91399 64106 82751 64106 82800
31374 64136 36314 8322 64136 82780 64136 82800
194282 64138 110458 8583 64138 82725 64138 82800
90017 64149 12097 13218 64149 82773 64149 82800
294146 64157 130370 85092 64157 82750 64157 82800
199891 64160 4364 11421 64160 82718 64160 82800
213968 64171 1430 35754 64171 82747 64171 82800
216623 64182 13241 27768 64182 82586 64182 82800
188769 64198 8317 37445 64198 82767 64198 82800
139246 64205 9548 4104 64205 82754 64205 82800
333432 64211 129817 98638 64211 82771 64211 82800
43587 64215 18061 15496 64215 82782 64215 82800
8860 64217 9366 18439 64217 82773 64217 82800
94783 64233 11451 17430 64233 82748 64233 82800
178477 64247 10058 9560 64247 82709 64247 82800
210239 64266 130810 10169 64266 82712 64266 82800
192918 64280 9904 107561 64280 82576 64280 82800
156338 64282 62084 64492 64282 82600 64282 82800
128458 64297 68542 4108 64297 82732 64297 82800
98608 64306 7881 8238 64306 82752 64306 82800
113780 64327 4245 103607 64327 82779 64327 82800
95991 64362 4245 130823 64362 82777 64362 82800
249312 64369 14963 8881 64369 82782 64369 82800
228044 64372 1236 43556 64372 82758 64372 82800
230116 64385 8312 99903 64385 82777 64385 82800
103721 64416 13210 131157 64416 82760 64416 82800
118374 64466 14448 131117 64466 82694 64466 82800
62849 64470 62239 43421 64470 82411 64470 82800
106923 64479 11299 43556 64479 82782 64479 82800
101586 64482 11299 43556 64482 82782 64482 82800
126746 64491 88245 5774 64491 82772 64491 82800
176111 64495 7325 104626 64495 82729 64495 82800
136026 64506 18058 11437 64506 82780 64506 82800
230874 64511 100383 111934 64511 82708 64511 82800
116066 64523 100450 6150 64523 82774 64523 82800
275750 64528 128772 58680 64528 82782 64528 82800
328228 64538 33990 27964 64538 82663 64538 82800
87587 64563 4738 69919 64563 82633 64563 82800
224274 64582 125607 128181 64582 82742 64582 82800
280098 64590 486 6609 64590 82770 64590 82800
212236 64606 62241 91528 64606 82498 64606 82800
25605 64615 11435 10040 64615 82782 64615 82800
50614 64628 5194 4245 64628 82780 64628 82800
322891 64632 4737 14807 64632 82758 64632 82800
306457 64651 62242 47638 64651 82397 64651 82800
267258 64663 6158 111729 64663 82452 64663 82800
120337 64672 9889 82818 64672 82334 64672 82800
148227 64680 13289 6905 64680 82748 64680 82800
74260 64686 14121 11373 64686 82720 64686 82800
176831 64690 131090 10465 64690 82748 64690 82800
65654 64699 43024 6609 64699 82769 64699 82800
10114 64710 4843 44909 64710 82757 64710 82800
221150 64719 14804 5454 64719 82772 64719 82800
127791 64723 8205 44535 64723 82701 64723 82800
8106 64734 11435 11950 64734 82771 64734 82800
130626 64757 12208 62182 64757 82402 64757 82800
197758 64764 65355 62122 64764 82454 64764 82800
329985 64792 6887 123435 64792 82770 64792 82800
28691 64801 11402 4086 64801 82773 64801 82800
5893 64811 53574 16304 64811 82778 64811 82800
196572 64819 18639 10696 64819 82780 64819 82800
39919 64846 16820 11920 64846 82747 64846 82800
309295 64864 11670 50086 64864 82764 64864 82800
194978 64871 128388 35755 64871 82777 64871 82800
294912 64905 62235 6728 64905 82503 64905 82800
170456 64940 3381 3373 64940 82782 64940 82800
78015 64962 128583 10474 64962 82781 64962 82800
183794 64990 43345 9902 64990 82433 64990 82800
280099 65012 87292 36022 65012 82634 65012 82800
235143 65026 128911 100455 65026 82779 65026 82800
254830 65096 10901 5548 65096 82643 65096 82800
143321 71216 10466 6150 71216 82759 71216 82800
16694 71218 93915 6728 71218 82505 71218 82800
32719 71221 11710 11509 71221 82747 71221 82800
190790 71224 14490 44486 71224 82775 71224 82800
68745 71229 4740 43452 71229 82769 71229 82800
18499 71231 13999 3117 71231 82743 71231 82800
224971 71233 4102 11965 71233 82781 71233 82800
111370 71235 71381 9833 71235 82687 71235 82800
252375 71237 724 88279 71237 82698 71237 82800
256847 71239 14014 5439 71239 82777 71239 82800
82980 71241 11943 4737 71241 82751 71241 82800
186697 71243 100512 100521 71243 82755 71243 82800
26395 71245 12266 100429 71245 82665 71245 82800
83672 71247 56039 18431 71247 82508 71247 82800
149488 71249 22120 20979 71249 82740 71249 82800
311632 71251 109553 62139 71251 82779 71251 82800
43588 71253 4364 2662 71253 82743 71253 82800
158746 71255 70929 100701 71255 82719 71255 82800
207473 71257 118395 8322 71257 82723 71257 82800
131398 71259 129508 42319 71259 82729 71259 82800
317278 71261 91541 8027 71261 82776 71261 82800
183234 71263 3143 18431 71263 82737 71263 82800
310752 71265 71318 4599 71265 82762 71265 82800
172255 71267 100718 5372 71267 82742 71267 82800
19226 71269 105825 7086 71269 82706 71269 82800
263078 71271 69667 249 71271 82770 71271 82800
283211 71273 10697 128135 71273 82781 71273 82800
321405 71287 6144 3596 71287 82765 71287 82800
188093 71313 4730 4794 71313 82763 71313 82800
77248 71315 7103 18064 71315 82722 71315 82800
339783 71332 8321 8298 71332 82763 71332 82800
111831 71337 100388 67531 71337 82728 71337 82800
179238 71348 8206 14259 71348 82766 71348 82800
330430 71353 4235 6736 71353 82770 71353 82800
92732 71369 8236 13044 71369 82756 71369 82800
240720 71407 2848 11509 71407 82771 71407 82800
126111 71409 14796 8918 71409 82773 71409 82800
176832 71425 11818 10276 71425 82766 71425 82800
316759 71438 11372 3155 71438 82724 71438 82800
322273 71440 18639 91439 71440 82773 71440 82800
302599 71454 6154 74144 71454 82745 71454 82800
50615 71460 10696 9292 71460 82769 71460 82800
156339 71469 2495 11873 71469 82745 71469 82800
316277 71491 36304 6679 71491 82753 71491 82800
245004 71495 5548 3152 71495 82716 71495 82800
108217 71508 4361 36223 71508 82732 71508 82800
329098 71521 3509 88265 71521 82765 71521 82800
38550 71529 7828 6801 71529 82721 71529 82800
147784 71535 57429 16531 71535 82758 71535 82800
236284 71548 8083 11302 71548 82750 71548 82800
208757 71555 100433 100404 71555 82761 71555 82800
164343 71579 7892 43169 71579 82760 71579 82800
22938 71583 2651 14797 71583 82759 71583 82800
140000 71603 9561 125607 71603 82771 71603 82800
224972 71607 8316 6721 71607 82782 71607 82800
132546 71614 8087 85458 71614 82771 71614 82800
66259 71630 3732 11670 71630 82762 71630 82800
188770 71649 100452 7085 71649 82762 71649 82800
120895 71652 8521 59117 71652 82588 71652 82800
3404 71657 91499 13196 71657 82772 71657 82800
334417 71659 100422 10252 71659 82765 71659 82800
221151 71664 16356 11846 71664 82778 71664 82800
146383 71676 6889 8296 71676 82780 71676 82800
50159 71708 85476 11766 71708 82780 71708 82800
99036 71718 100475 67537 71718 82753 71718 82800
22233 71736 9903 3857 71736 82732 71736 82800
187431 71746 11751 130463 71746 82741 71746 82800
219471 71754 70107 36231 71754 82751 71754 82800
143322 71774 6149 1821 71774 82744 71774 82800
10694 71790 13576 1129 71790 82702 71790 82800
68055 71807 5555 131195 71807 82779 71807 82800
262315 71824 104703 12076 71824 82769 71824 82800
45723 71830 2848 14928 71830 82780 71830 82800
264496 71839 36238 6667 71839 82766 71839 82800
297708 71855 4748 8217 71855 82759 71855 82800
8107 71857 130823 86204 71857 82757 71857 82800
170457 71864 8325 87641 71864 82740 71864 82800
95472 71867 6932 12299 71867 82746 71867 82800
171188 71905 2854 7644 71905 82775 71905 82800
218655 71917 10042 119102 71917 82746 71917 82800
322892 71931 9557 2848 71931 82751 71931 82800
194979 71943 95337 16579 71943 82750 71943 82800
90018 71960 5469 103609 71960 82771 71960 82800
13288 71969 48779 126342 71969 82782 71969 82800
175195 71978 100401 7091 71978 82756 71978 82800
263079 71980 1562 86206 71980 82727 71980 82800
308532 71986 5421 7883 71986 82769 71986 82800
-1
