17
53
61
74
80
93
97
107
126
165
182
211
215
282
297
307
308
318
335
339
364
372
382
384
407
416
419
424
426
427
442
447
449
454
466
467
472
487
489
491
495
509
517
518
520
526
527
529
532
533
541
541
543
549
555
556
565
576
576
595
625
625
626
647
653
666
677
682
693
696
701
706
708
709
716
720
723
732
734
735
762
771
773
795
799
801
802
803
808
817
818
822
839
849
853
864
872
886
890
891
903
906
906
912
923
932
935
945
947
969
973
980
993
1005
1020
1024
1024
1033
1035
1042
1064
1065
1070
1075
1087
1088
1098
1102
1111
1116
1117
1141
1145
1148
1158
1158
1163
1166
1168
1171
1175
1177
1197
1198
1208
1212
1215
1228
1229
1234
1236
1241
1249
1254
1259
1273
1275
1279
1287
1290
1291
1301
1315
1317
1329
1336
1337
1339
1352
1357
1357
1359
1372
1375
1375
1376
1380
1381
1388
1390
1412
1413
1414
1423
1428
1429
1431
1431
1441
1447
1462
1463
1464
1480
1487
1494
1497
1499
1516
1526
1530
1534
1536
1541
1542
1545
1554
1554
1561
1569
1570
1572
1578
1590
1600
1605
1607
1612
1626
1628
1629
1645
1655
1669
1677
1687
1688
1689
1695
1706
1721
1726
1729
1738
1739
1758
1761
1771
1775
1783
1785
1804
1805
1807
1816
1817
1818
1826
1826
1832
1834
1846
1854
1866
1867
1871
1897
1897
1908
1909
1914
1915
1917
1939
1943
1946
1946
1949
1952
1967
1982
1983
1984
1997
2003
2009
2019
2029
2032
2035
2044
2050
2064
2068
2073
2074
2079
2083
2089
2089
2100
2104
2108
2120
2132
2140
2146
2146
2148
2151
2152
2153
2157
2160
2173
2173
2185
2187
2198
2201
2211
2223
2233
2252
2252
2258
2259
2275
2278
2285
2290
2293
2293
2297
2301
2303
2312
2319
2329
2340
2348
2351
2355
2360
2367
2375
2384
2386
2387
2390
2394
2399
2401
2412
2419
2425
2431
2431
2433
2440
2452
2452
2469
2471
2474
2477
2479
2484
2485
2488
2497
2510
2511
2511
2515
2527
2527
2529
2533
2541
2543
2543
2545
2546
2547
2554
2557
2557
2578
2586
2603
2603
2603
2623
2629
2630
2630
2631
2634
2642
2646
2650
2657
2672
2677
2682
2686
2688
2695
2696
2720
2727
2731
2742
2749
2752
2756
2757
2777
2785
2786
2788
2791
2792
2794
2797
2797
2797
2800
2808
2808
2832
2837
2839
2850
2858
2861
2867
2867
2874
2888
2891
2897
2898
2904
2904
2918
2926
2933
2944
2945
2946
2946
2948
2970
2976
2982
2986
2995
3000
3007
3009
3013
3048
3050
3055
3059
3060
3076
3079
3085
3087
3088
3100
3119
3124
3127
3129
3130
3131
3137
3143
3143
3146
3150
3153
3167
3175
3191
3196
3197
3202
3207
3210
3215
3219
3219
3225
3234
3236
3246
3253
3264
3280
3284
3286
3289
3291
3305
3307
3314
3317
3321
3322
3322
3329
3331
3341
3351
3357
3366
3367
3377
3390
3401
3409
3409
3426
3429
3432
3433
3435
3454
3455
3456
3464
3473
3478
3480
3480
3481
3482
3500
3536
3538
3543
3546
3563
3570
3572
3577
3577
3582
3585
3587
3588
3607
3609
3612
3614
3618
3623
3632
3637
3638
3652
3658
3660
3660
3674
3677
3690
3702
3715
3723
3726
3730
3735
3735
3736
3742
3744
3750
3752
3759
3762
3782
3790
3794
3801
3803
3805
3808
3819
3821
3835
3835
3835
3837
3853
3864
3864
3865
3873
3879
3888
3901
3903
3904
3905
3906
3907
3910
3919
3925
3925
3926
3947
3948
3950
3954
3955
3958
3966
3973
3975
3976
3979
3980
3994
4000
4000
4011
4017
4031
4031
4033
4037
4044
4059
4070
4074
4075
4075
4086
4087
4097
4111
4112
4114
4116
4120
4122
4125
4126
4128
4130
4131
4136
4142
4145
4150
4159
4163
4169
4179
4198
4208
4215
4225
4244
4247
4248
4256
4257
4261
4261
4268
4289
4299
4306
4315
4319
4326
4340
4354
4355
4359
4368
4370
4372
4373
4396
4400
4413
4430
4432
4438
4440
4452
4454
4462
4476
4481
4485
4495
4500
4502
4512
4520
4524
4528
4531
4535
4540
4541
4566
4577
4578
4591
4613
4613
4614
4619
4620
4637
4651
4660
4666
4667
4679
4682
4683
4684
4688
4691
4694
4699
4701
4719
4723
4731
4738
4744
4755
4757
4780
4784
4785
4791
4811
4816
4822
4828
4830
4834
4838
4863
4864
4869
4869
4875
4902
4906
4931
4932
4934
4935
4945
4951
4952
4953
4954
4954
4972
4972
4981
4995
4997
4999
5011
5025
5034
5035
5038
5046
5053
5057
5060
5063
5076
5081
5102
5103
5115
5118
5125
5136
5139
5141
5150
5155
5168
5168
5177
5177
5183
5191
5200
5214
5221
5236
5239
5263
5271
5288
5291
5292
5297
5297
5299
5306
5306
5313
5313
5325
5328
5330
5331
5334
5336
5348
5362
5364
5368
5385
5399
5405
5411
5420
5424
5426
5432
5440
5442
5447
5458
5467
5477
5479
5480
5484
5487
5497
5497
5506
5515
5515
5536
5543
5565
5580
5582
5592
5594
5612
5619
5620
5638
5645
5659
5664
5665
5673
5678
5683
5691
5695
5698
5700
5724
5728
5742
5745
5745
5745
5753
5755
5756
5758
5761
5773
5776
5779
5789
5789
5795
5798
5798
5813
5815
5819
5821
5842
5844
5862
5868
5873
5873
5878
5880
5888
5892
5902
5910
5917
5917
5927
5927
5927
5930
5935
5951
5955
5966
6002
6003
6012
6034
6041
6044
6046
6064
6084
6090
6091
6110
6121
6127
6131
6133
6142
6148
6151
6154
6160
6162
6170
6199
6222
6223
6223
6224
6227
6237
6250
6260
6265
6274
6276
6313
6315
6320
6327
6328
6336
6337
6340
6341
6360
6366
6369
6374
6378
6387
6387
6392
6396
6397
6408
6416
6422
6444
6445
6456
6479
6480
6482
6484
6485
6487
6487
6489
6496
6500
6510
6510
6512
6513
6516
6525
6526
6527
6530
6534
6537
6543
6545
6557
6563
6565
6573
6578
6581
6581
6585
6587
6590
6591
6604
6609
6615
6617
6622
6625
6626
6629
6649
6650
6650
6658
6660
6664
6668
6671
6673
6675
6676
6684
6696
6702
6710
6741
6749
6754
6761
6769
6781
6784
6794
6802
6809
6819
6822
6828
6835
6838
6846
6847
6849
6853
6862
6868
6879
6880
6881
6884
6884
6887
6890
6896
6900
6905
6905
6908
6915
6924
6935
6943
6949
6957
6965
6972
6977
6979
6979
6984
6985
6987
6988
6990
7002
7009
7020
7023
7029
7044
7049
7056
7074
7091
7098
7100
7103
7103
7117
7118
7121
7121
7127
7133
7136
7140
7161
7165
7170
7170
7173
7184
7191
7195
7196
7204
7208
7209
7211
7220
7223
7226
7228
7230
7231
7237
7238
7242
7255
7268
7269
7270
7273
7287
7288
7297
7298
7303
7306
7313
7327
7328
7338
7353
7357
7377
7379
7389
7390
7391
7397
7405
7409
7420
7429
7447
7449
7465
7472
7472
7483
7492
7504
7505
7507
7507
7525
7532
7571
7580
7584
7619
7623
7627
7632
7635
7641
7644
7653
7655
7676
7676
7680
7684
7686
7686
7695
7697
7703
7707
7711
7719
7720
7727
7728
7732
7741
7748
7760
7767
7768
7770
7775
7782
7788
7795
7825
7825
7831
7841
7841
7844
7849
7860
7864
7867
7875
7876
7878
7882
7885
7886
7889
7891
7895
7897
7905
7911
7915
7919
7925
7929
7955
7956
7961
7965
7968
7969
7978
7979
7990
7997
8025
8031
8032
8047
8049
8084
8085
8087
8090
8094
8096
8117
8120
8127
8143
8144
8145
8160
8168
8176
8176
8179
8181
8182
8192
8194
8205
8208
8222
8227
8246
8249
8251
8252
8275
8276
8277
8289
8299
8307
8318
8327
8341
8355
8356
8359
8362
8364
8365
8371
8377
8377
8378
8385
8387
8390
8392
8395
8409
8422
8427
8429
8434
8442
8446
8449
8454
8458
8466
8467
8468
8474
8476
8477
8479
8480
8487
8494
8502
8503
8503
8504
8505
8514
8514
8517
8517
8518
8518
8529
8543
8543
8548
8550
8616
8622
8632
8632
8636
8643
8648
8654
8656
8656
8684
8686
8687
8693
8698
8699
8714
8721
8728
8732
8741
8765
8765
8768
8774
8782
8784
8786
8824
8850
8853
8853
8856
8866
8867
8881
8882
8891
8917
8918
8919
8923
8940
8942
8946
8948
8955
8975
8976
8979
8990
9004
9010
9012
9015
9027
9029
9030
9031
9043
9060
9077
9077
9081
9083
9112
9115
9129
9130
9131
9141
9146
9161
9171
9185
9229
9235
9246
9257
9258
9264
9272
9274
9276
9280
9280
9283
9283
9287
9297
9301
9301
9311
9323
9341
9355
9358
9362
9368
9377
9380
9380
9394
9394
9396
9400
9404
9405
9406
9428
9437
9445
9460
9463
9467
9469
9471
9472
9475
9476
9505
9510
9532
9536
9554
9559
9564
9568
9575
9611
9627
9631
9635
9635
9645
9653
9661
9670
9676
9693
9698
9702
9704
9710
9710
9715
9721
9736
9742
9752
9760
9765
9767
9772
9784
9788
9803
9810
9812
9824
9846
9855
9858
9866
9890
9903
9904
9910
9911
9920
9967
9977
9982
9988
9996
9997
9999
10002
10004
10006
10007
10020
10021
10028
10037
10039
10054
10062
10075
10075
10084
10084
10086
10095
10106
10118
10123
10126
10137
10142
10146
10154
10162
10168
10174
10175
10189
10210
10229
10230
10230
10238
10241
10246
10253
10261
10268
10276
10284
10285
10308
10321
10333
10333
10345
10349
10351
10352
10356
10363
10389
10392
10396
10399
10400
10401
10402
10430
10441
10471
10473
10493
10500
10500
10510
10511
10513
10514
10537
10565
10567
10576
10583
10585
10585
10591
10593
10604
10611
10615
10633
10634
10635
10668
10675
10676
10677
10682
10682
10688
10703
10710
10729
10743
10744
10747
10748
10755
10759
10773
10783
10783
10801
10811
10819
10822
10823
10824
10835
10848
10861
10871
10873
10877
10881
10882
10885
10905
10906
10932
10932
10940
10957
10958
10974
10978
10984
10984
10987
10988
10996
11002
11004
11007
11016
11021
11024
11035
11049
11054
11069
11100
11115
11117
11122
11133
11140
11143
11147
11159
11178
11181
11186
11199
11209
11209
11212
11212
11218
11232
11238
11241
11247
11248
11254
11256
11269
11269
11271
11289
11290
11296
11301
11301
11311
11319
11342
11346
11371
11384
11392
11410
11411
11426
11431
11432
11434
11435
11443
11461
11462
11465
11471
11484
11496
11507
11517
11537
11543
11573
11574
11576
11588
11589
11597
11599
11605
11614
11650
11662
11668
11669
11670
11671
11676
11678
11684
11686
11696
11698
11703
11707
11708
11711
11721
11734
11737
11740
11754
11760
11777
11786
11801
11808
11812
11818
11825
11837
11848
11857
11861
11870
11872
11887
11888
11889
11897
11901
11905
11922
11938
11941
11941
11943
11951
11966
11975
11982
11989
11998
12000
12016
12023
12026
12029
12033
12037
12049
12058
12059
12062
12070
12074
12075
12082
12085
12086
12095
12102
12105
12112
12118
12122
12124
12125
12128
12128
12129
12158
12165
12182
12184
12185
12188
12191
12192
12194
12209
12211
12212
12222
12237
12244
12270
12271
12308
12310
12315
12333
12353
12356
12388
12389
12391
12397
12401
12405
12425
12425
12430
12452
12455
12456
12458
12462
12464
12464
12467
12477
12486
12487
12507
12509
12516
12521
12523
12529
12544
12549
12564
12565
12580
12582
12589
12598
12603
12608
12617
12618
12618
12620
12623
12628
12628
12636
12642
12648
12651
12663
12667
12669
12680
12684
12708
12721
12722
12729
12730
12731
12731
12732
12739
12754
12756
12761
12776
12779
12792
12804
12809
12815
12829
12838
12839
12847
12847
12853
12854
12862
12877
12878
12880
12885
12891
12900
12906
12908
12919
12926
12969
12972
12984
12987
12988
12999
13006
13020
13025
13025
13051
13053
13055
13065
13070
13096
13105
13122
13122
13122
13126
13137
13146
13150
13178
13179
13197
13197
13206
13207
13217
13221
13221
13233
13235
13242
13251
13257
13257
13272
13275
13277
13280
13284
13287
13288
13292
13292
13299
13300
13310
13314
13321
13323
13327
13330
13331
13335
13336
13351
13354
13385
13392
13396
13407
13409
13409
13417
13432
13444
13458
13471
13472
13498
13500
13506
13514
13521
13528
13543
13555
13568
13571
13584
13595
13599
13600
13604
13606
13607
13611
13616
13628
13647
13647
13647
13659
13661
13664
13668
13673
13674
13677
13683
13691
13693
13696
13701
13708
13735
13744
13746
13757
13761
13767
13770
13772
13781
13788
13788
13801
13810
13819
13824
13826
13828
13840
13852
13866
13866
13869
13895
13899
13907
13910
13924
13952
13963
13973
13982
13984
14002
14009
14023
14049
14054
14056
14076
14078
14084
14090
14090
14100
14109
14112
14125
14164
14186
14190
14205
14227
14240
14248
14263
14286
14287
14307
14309
14329
14330
14332
14336
14336
14351
14354
14357
14360
14382
14389
14390
14394
14398
14405
14410
14410
14415
14423
14424
14433
14439
14442
14446
14455
14480
14489
14491
14496
14504
14548
14554
14556
14560
14583
14586
14587
14587
14590
14601
14604
14606
14609
14619
14628
14632
14632
14640
14645
14648
14651
14652
14660
14661
14664
14666
14666
14667
14673
14682
14684
14701
14704
14723
14737
14739
14739
14743
14743
14748
14750
14756
14773
14779
14781
14786
14792
14804
14804
14804
14805
14821
14824
14826
14830
14877
14878
14879
14880
14885
14903
14908
14924
14934
14937
14943
14944
14955
14957
14964
14988
15012
15015
15066
15112
15112
15117
15122
15124
15132
15136
15147
15172
15182
15199
15206
15242
15243
15246
15250
15254
15260
15277
15296
15299
15299
15300
15304
15307
15326
15329
15330
15333
15337
15342
15349
15361
15363
15375
15376
15377
15381
15381
15383
15424
15443
15445
15457
15466
15482
15488
15489
15502
15517
15531
15533
15544
15547
15551
15557
15566
15577
15582
15591
15595
15599
15601
15606
15619
15621
15623
15635
15641
15666
15684
15702
15708
15759
15768
15811
15812
15813
15821
15822
15823
15827
15840
15853
15859
15875
15886
15905
15946
15974
15994
15999
16020
16025
16033
16053
16056
16061
16062
16065
16086
16099
16119
16125
16151
16173
16182
16182
16187
16205
16210
16215
16239
16246
16253
16285
16317
16319
16323
16323
16325
16342
16342
16346
16351
16357
16365
16376
16415
16420
16425
16443
16453
16463
16532
16541
16549
16552
16555
16562
16596
16599
16604
16634
16646
16665
16668
16679
16680
16689
16692
16766
16768
16779
16781
16844
16845
16854
16855
16866
16886
16900
16915
16920
16922
16946
16959
16960
16963
17023
17028
17029
17040
17052
17060
17082
17153
17177
17190
17228
17231
17239
17240
17248
17270
17273
17277
17303
17311
17330
17332
17387
17397
17419
17430
17452
17453
17475
17475
17495
17559
17572
17581
17583
17605
17609
17616
17618
17620
17620
17627
17640
17651
17655
17663
17681
17688
17713
17720
17724
17740
17774
17781
17786
17793
17807
17811
17821
17838
17840
17962
17975
17986
18000
18016
18019
18031
18032
18044
18061
18066
18092
18112
18215
18215
18250
18260
18295
18323
18341
18349
18391
18400
18408
18410
18421
18425
18436
18482
18491
18509
18516
18520
18532
18536
18560
18571
18595
18613
18614
18668
18722
18726
18817
18831
18843
18861
18895
18914
18926
18944
18953
18999
19027
19102
19104
19128
19136
19149
19180
19225
19286
19287
19309
19356
19396
19403
19443
19465
19523
19534
19563
19595
19618
19709
19742
19790
19810
19881
19908
19924
19957
19979
20010
20018
20034
20057
20096
20097
20116
20130
20155
20174
20178
20207
20209
20221
20227
20228
20235
20267
20304
20335
20336
20352
20354
20374
20405
20419
20426
20440
20485
20503
20512
20524
20525
20552
20610
20623
20657
20713
20719
20751
20866
20878
20895
20905
20984
20998
21002
21134
21154
21177
21213
21264
21274
21365
21419
21456
21486
21521
21532
21577
21578
21599
21610
21661
21663
21764
21769
21798
21802
21809
21811
21826
21829
21834
21846
21899
21946
21950
21981
21994
21995
22002
22015
22019
22094
22095
22150
22151
22155
22182
22227
22242
22266
22313
22313
22328
22353
22360
22402
22427
22430
22437
22450
22492
22503
22507
22515
22522
22586
22599
22624
22652
22674
22678
22733
22738
22753
22755
22786
22792
22793
22804
22849
22906
22986
22992
23001
23059
23111
23184
23226
23228
23241
23257
23281
23287
23304
23369
23384
23402
23453
23480
23553
23561
23572
23584
23609
23637
23647
23653
23654
23656
23660
23667
23685
23686
23698
23841
23876
23881
23886
23892
23903
23910
23921
23926
23951
24030
24104
24152
24176
24228
24280
24318
24337
24414
24419
24532
24559
24624
24654
24656
24686
24693
24789
24812
24827
24853
24879
24903
25037
25074
25128
25180
25182
25210
25217
25219
25236
25246
25269
25280
25344
25374
25416
25431
25433
25452
25482
25546
25570
25586
25624
25629
25643
25647
25706
25771
25771
25784
25791
25850
25852
25853
25869
25880
25900
25910
25919
25974
26070
26135
26138
26161
26188
26194
26209
26213
26244
26251
26268
26310
26316
26319
26370
26447
26488
26524
26532
26565
26617
26653
26656
26768
26780
26837
26872
26887
26892
26951
27026
27032
27039
27124
27148
27198
27226
27252
27291
27363
27364
27371
27402
27442
27450
27465
27472
27500
27587
27592
27631
27632
27635
27721
27738
27770
27861
27890
27954
28029
28059
28067
28151
28156
28172
28179
28207
28298
28357
28388
28450
28498
28498
28508
28526
28692
28717
28723
28806
28873
28879
28901
28958
28965
28966
29024
29032
29050
29056
29097
29102
29230
29234
29240
29287
29291
29298
29362
29399
29411
29420
29422
29449
29460
29473
29485
29511
29517
29528
29550
29556
29594
29715
29782
29796
29807
29810
29820
29912
29914
29915
29915
29920
29928
29935
29935
29943
29951
29997
30016
30039
30056
30056
30061
30112
30117
30142
30151
30208
30213
30267
30304
30427
30429
30457
30588
30668
30694
30722
30756
30756
30758
30831
30882
30882
30917
30927
30969
30996
31008
31011
31047
31059
31081
31082
31121
31122
31142
31159
31241
31282
31284
31301
31414
31462
31487
31651
31679
31693
31710
31718
31748
31774
31796
31823
31882
31897
31926
31949
31964
31985
31995
32003
32028
32031
32055
32090
32106
32114
32147
32209
32398
32428
32451
32492
32561
32651
32700
32750
32762
32805
32824
32835
32856
32928
32968
32978
32991
33023
33045
33074
33091
33137
33144
33147
33149
33188
33196
33224
33234
33248
33293
33329
33372
33394
33414
33431
33467
33477
33524
33612
33612
33692
33796
33821
33822
33875
33919
33920
33946
33999
34094
34098
34118
34133
34134
34277
34324
34356
34388
34418
34423
34452
34477
34492
34514
34620
34638
34652
34728
34733
34737
34740
34750
34750
34753
34754
34757
34777
34917
34949
34966
34995
35031
35036
35041
35104
35106
35136
35151
35165
35186
35222
35231
35241
35299
35341
35356
35390
35454
35477
35518
35540
35561
35563
35584
35620
35632
35635
35638
35659
35821
35829
35875
35910
35974
36007
36035
36051
36055
36075
36085
36088
36104
36140
36142
36163
36183
36219
36225
36269
36298
36301
36316
36325
36379
36419
36420
36422
36424
36445
36455
36487
36499
36527
36528
36566
36596
36635
36636
36669
36675
36693
36701
36706
36761
36803
36807
36839
36908
36923
36932
36944
36974
36975
36987
37009
37021
37075
37088
37091
37101
37108
37113
37123
37150
37190
37195
37240
37244
37245
37256
37257
37281
37284
37295
37319
37326
37329
37343
37391
37396
37400
37404
37407
37441
37460
37473
37487
37509
37517
37519
37573
37574
37587
37589
37602
37625
37626
37707
37727
37762
37769
37786
37787
37834
37871
37887
37895
37906
37912
37927
37951
37986
38013
38019
38028
38044
38055
38129
38183
38197
38232
38255
38263
38265
38307
38333
38350
38367
38370
38375
38376
38402
38435
38484
38537
38537
38542
38558
38615
38640
38648
38652
38695
38724
38728
38743
38753
38754
38761
38768
38782
38830
38831
38835
38953
38960
38969
39000
39004
39009
39011
39021
39024
39063
39066
39080
39107
39113
39148
39157
39158
39204
39213
39226
39232
39249
39259
39273
39352
39352
39352
39374
39387
39402
39430
39436
39437
39483
39494
39522
39529
39561
39578
39586
39592
39617
39638
39658
39716
39729
39738
39742
39795
39795
39822
39838
39876
39893
39903
39929
39933
39945
39958
39959
39969
39973
39974
40015
40016
40047
40052
40056
40059
40073
40101
40105
40135
40139
40139
40145
40161
40167
40242
40249
40271
40272
40278
40285
40323
40334
40342
40349
40359
40401
40470
40483
40562
40582
40608
40608
40610
40615
40630
40653
40659
40670
40694
40703
40719
40721
40734
40748
40758
40764
40790
40799
40802
40891
40932
40935
40975
41000
41014
41026
41042
41092
41099
41193
41208
41228
41239
41245
41262
41275
41288
41305
41310
41322
41334
41336
41345
41347
41364
41374
41390
41398
41427
41467
41468
41470
41473
41489
41491
41496
41552
41563
41568
41573
41580
41586
41608
41618
41623
41644
41651
41683
41684
41687
41723
41735
41746
41750
41766
41846
41850
41869
41900
41905
41911
41926
41933
41933
41949
41952
41961
41964
41970
41974
41990
42003
42026
42029
42039
42045
42050
42095
42097
42102
42105
42112
42120
42122
42146
42159
42167
42172
42189
42209
42218
42231
42233
42265
42274
42277
42309
42310
42315
42333
42360
42368
42390
42395
42395
42400
42418
42456
42459
42462
42472
42481
42503
42504
42505
42514
42514
42532
42532
42560
42561
42564
42571
42579
42631
42633
42634
42638
42662
42689
42693
42697
42700
42704
42708
42721
42727
42727
42733
42746
42772
42800
42808
42810
42839
42853
42864
42899
42901
42910
42923
42926
42942
42942
42964
43030
43036
43038
43039
43042
43056
43057
43073
43073
43075
43087
43096
43096
43098
43099
43112
43113
43150
43167
43171
43184
43191
43193
43201
43205
43210
43210
43223
43226
43226
43262
43263
43284
43294
43314
43317
43346
43354
43360
43365
43399
43415
43416
43439
43439
43443
43458
43471
43483
43537
43558
43593
43599
43608
43614
43620
43628
43629
43682
43693
43714
43724
43727
43739
43752
43756
43759
43765
43768
43776
43800
43810
43811
43822
43836
43856
43901
43920
43930
43933
43937
43977
43988
43989
43990
44003
44008
44009
44012
44017
44017
44025
44040
44040
44057
44068
44088
44092
44092
44102
44112
44113
44123
44129
44134
44135
44155
44158
44209
44210
44251
44256
44259
44261
44262
44267
44281
44306
44332
44335
44344
44346
44359
44376
44381
44382
44385
44385
44426
44427
44430
44442
44444
44458
44519
44531
44538
44547
44558
44568
44569
44576
44625
44634
44635
44646
44647
44653
44673
44681
44700
44704
44709
44723
44761
44774
44779
44785
44799
44807
44807
44824
44863
44908
44909
44914
44914
44916
44917
44933
44950
44952
44973
45067
45083
45092
45128
45141
45190
45199
45219
45221
45221
45222
45239
45245
45250
45255
45293
45298
45311
45340
45346
45352
45357
45372
45385
45392
45402
45413
45428
45441
45448
45469
45478
45478
45482
45500
45515
45540
45544
45569
45604
45605
45617
45628
45631
45637
45661
45670
45688
45699
45706
45712
45722
45726
45755
45763
45773
45778
45781
45793
45801
45842
45853
45866
45894
45899
45901
45926
45931
45936
45945
45945
45953
45966
45988
46006
46025
46034
46062
46063
46076
46090
46093
46096
46106
46108
46108
46110
46115
46119
46124
46153
46165
46186
46220
46230
46252
46263
46275
46278
46279
46279
46283
46298
46300
46303
46327
46337
46364
46364
46374
46410
46411
46423
46433
46445
46457
46462
46477
46489
46490
46491
46530
46541
46547
46548
46554
46566
46568
46572
46593
46598
46614
46617
46620
46623
46623
46635
46642
46677
46684
46688
46693
46697
46717
46718
46722
46751
46776
46783
46785
46802
46804
46861
46888
46888
46889
46905
46915
46918
46928
46929
46930
46932
46941
46965
46968
46979
46985
47009
47016
47024
47056
47056
47059
47083
47084
47084
47099
47105
47113
47113
47116
47128
47131
47132
47132
47133
47135
47139
47139
47150
47162
47164
47199
47215
47224
47235
47249
47267
47272
47278
47285
47298
47313
47333
47337
47377
47408
47429
47436
47460
47464
47466
47475
47480
47482
47524
47537
47545
47549
47549
47554
47557
47576
47624
47641
47645
47651
47661
47662
47670
47685
47686
47704
47706
47707
47732
47734
47746
47762
47772
47775
47804
47808
47817
47821
47821
47825
47850
47868
47873
47879
47880
47900
47908
47909
47914
47916
47917
47922
47929
47941
47948
47965
47966
47967
47969
47969
47986
47992
48021
48022
48028
48041
48044
48073
48075
48084
48087
48095
48096
48109
48110
48114
48127
48136
48143
48159
48160
48174
48179
48193
48197
48201
48207
48225
48312
48320
48324
48330
48331
48364
48366
48378
48392
48410
48412
48426
48445
48460
48473
48476
48480
48480
48481
48502
48512
48528
48539
48547
48554
48556
48563
48564
48572
48605
48607
48667
48669
48671
48673
48675
48690
48697
48699
48714
48719
48730
48746
48748
48749
48754
48758
48764
48771
48785
48788
48792
48811
48815
48817
48822
48834
48856
48862
48872
48877
48906
48908
48935
48940
48959
48963
49001
49007
49028
49047
49051
49068
49081
49086
49111
49119
49127
49140
49162
49168
49171
49200
49203
49204
49204
49215
49219
49229
49232
49235
49248
49249
49256
49280
49307
49315
49334
49334
49336
49360
49360
49362
49362
49364
49370
49393
49410
49421
49441
49446
49450
49452
49469
49469
49481
49485
49500
49513
49534
49586
49598
49601
49608
49611
49639
49663
49664
49680
49690
49691
49692
49699
49701
49714
49725
49729
49731
49734
49736
49744
49752
49770
49772
49781
49804
49804
49824
49829
49834
49834
49907
49915
49931
49932
49933
49935
49941
49963
49987
49993
50000
50023
50025
50033
50045
50049
50062
50081
50096
50114
50127
50131
50133
50147
50174
50174
50181
50183
50188
50188
50194
50202
50217
50236
50238
50245
50267
50276
50284
50291
50308
50311
50319
50321
50327
50342
50343
50354
50359
50374
50381
50418
50440
50447
50468
50470
50487
50491
50511
50511
50512
50519
50538
50544
50557
50561
50563
50569
50577
50583
50585
50586
50601
50628
50637
50655
50660
50661
50662
50663
50668
50683
50704
50706
50717
50719
50719
50722
50734
50738
50763
50765
50773
50800
50828
50846
50854
50865
50884
50920
50933
50945
50953
50957
50960
50983
51001
51003
51009
51013
51019
51024
51025
51031
51037
51048
51052
51053
51059
51083
51089
51089
51126
51126
51146
51148
51149
51156
51176
51188
51206
51210
51230
51236
51266
51271
51272
51289
51294
51294
51307
51308
51324
51343
51359
51369
51391
51391
51398
51401
51406
51432
51437
51452
51458
51459
51471
51474
51477
51488
51501
51514
51520
51525
51527
51535
51536
51554
51575
51583
51584
51612
51613
51633
51637
51637
51644
51664
51669
51673
51699
51719
51725
51745
51747
51759
51765
51772
51782
51788
51793
51797
51801
51820
51822
51824
51827
51836
51840
51848
51854
51860
51866
51897
51902
51910
51912
51924
51937
51968
51974
52006
52011
52029
52036
52051
52078
52079
52081
52085
52094
52111
52116
52119
52155
52159
52166
52166
52171
52172
52175
52181
52184
52193
52195
52236
52261
52272
52275
52294
52300
52300
52307
52310
52326
52331
52340
52347
52355
52362
52388
52391
52396
52398
52410
52427
52441
52467
52477
52479
52484
52486
52490
52510
52542
52543
52549
52550
52556
52572
52596
52607
52612
52648
52650
52660
52660
52661
52682
52697
52703
52713
52716
52720
52727
52729
52732
52741
52753
52755
52757
52768
52773
52789
52789
52802
52818
52844
52881
52920
52928
52930
52932
52944
52944
52959
52967
52972
52977
52987
52994
53014
53017
53025
53037
53082
53095
53110
53128
53147
53152
53199
53214
53215
53228
53236
53244
53251
53260
53287
53314
53314
53349
53371
53372
53377
53394
53402
53406
53409
53459
53459
53467
53467
53475
53487
53491
53508
53520
53526
53538
53543
53551
53553
53558
53565
53586
53597
53601
53606
53606
53616
53642
53661
53666
53675
53685
53690
53695
53703
53708
53714
53725
53742
53746
53763
53763
53780
53785
53786
53794
53824
53859
53880
53881
53885
53895
53900
53930
53930
53943
53949
53956
53983
54021
54033
54039
54045
54049
54056
54065
54093
54116
54139
54154
54173
54175
54175
54196
54202
54245
54262
54275
54278
54310
54318
54334
54346
54371
54400
54403
54446
54449
54458
54471
54474
54477
54511
54526
54545
54554
54555
54597
54629
54636
54706
54716
54721
54728
54734
54742
54827
54838
54842
54851
54856
54857
54858
54859
54866
54871
54925
54929
54935
54967
54969
54995
54997
55006
55009
55009
55028
55029
55044
55050
55051
55055
55067
55067
55088
55092
55094
55106
55125
55128
55164
55192
55193
55196
55199
55200
55203
55215
55223
55226
55230
55241
55252
55253
55255
55309
55325
55341
55341
55345
55349
55366
55382
55383
55390
55422
55438
55474
55487
55498
55519
55532
55535
55538
55540
55558
55560
55563
55574
55575
55581
55583
55610
55615
55624
55638
55642
55643
55648
55667
55702
55704
55705
55714
55714
55721
55736
55761
55764
55764
55769
55770
55771
55773
55812
55824
55830
55832
55834
55839
55849
55858
55868
55868
55873
55894
55914
55921
55924
55944
55971
55975
56000
56001
56005
56006
56053
56055
56092
56107
56127
56128
56142
56162
56162
56165
56171
56173
56182
56184
56185
56191
56203
56235
56268
56289
56303
56314
56317
56318
56319
56323
56326
56333
56343
56365
56367
56384
56385
56467
56468
56468
56469
56495
56499
56500
56517
56536
56538
56542
56545
56553
56554
56560
56592
56597
56597
56642
56645
56654
56657
56675
56678
56681
56683
56688
56695
56708
56716
56717
56719
56733
56748
56751
56775
56780
56781
56781
56782
56785
56801
56819
56824
56853
56855
56865
56867
56895
56902
56903
56911
56922
56926
56927
56938
56949
56952
56964
56975
56977
56977
56980
57008
57012
57014
57024
57044
57050
57065
57079
57080
57084
57101
57102
57108
57124
57152
57154
57157
57168
57169
57186
57189
57199
57218
57243
57243
57250
57252
57253
57259
57278
57295
57306
57322
57323
57334
57345
57347
57350
57361
57374
57389
57391
57397
57409
57438
57439
57455
57458
57465
57470
57475
57490
57512
57539
57543
57565
57573
57579
57603
57614
57618
57628
57632
57639
57649
57655
57698
57698
57708
57714
57734
57738
57759
57760
57779
57785
57791
57830
57846
57864
57893
57908
57924
57926
57938
57964
57967
57973
57980
57983
58016
58021
58028
58044
58061
58080
58082
58100
58101
58108
58130
58209
58238
58247
58263
58267
58279
58280
58287
58297
58300
58305
58306
58312
58318
58319
58344
58359
58369
58372
58404
58417
58425
58431
58443
58446
58452
58465
58486
58490
58506
58531
58548
58551
58577
58601
58611
58620
58638
58647
58687
58699
58701
58706
58741
58758
58762
58772
58805
58810
58829
58861
58868
58884
58885
58894
58896
58899
58899
58910
58919
58946
58959
58959
58961
58962
58978
58990
58996
58998
59018
59030
59041
59045
59052
59057
59069
59077
59092
59121
59127
59150
59151
59178
59183
59205
59211
59233
59248
59261
59274
59286
59296
59301
59303
59304
59354
59356
59363
59383
59395
59419
59420
59421
59426
59432
59441
59449
59472
59491
59511
59513
59524
59528
59581
59584
59596
59609
59638
59643
59656
59657
59657
59669
59702
59737
59767
59781
59785
59796
59800
59806
59813
59832
59835
59842
59855
59869
59869
59874
59878
59888
59897
59901
59906
59910
59945
59951
59976
59979
59982
59983
59984
59989
59990
59991
59994
60021
60036
60038
60046
60051
60059
60077
60100
60111
60114
60127
60135
60137
60139
60151
60162
60169
60172
60174
60209
60220
60221
60225
60226
60239
60257
60307
60338
60342
60352
60360
60400
60424
60434
60445
60445
60447
60457
60482
60484
60492
60515
60523
60545
60545
60567
60570
60576
60589
60602
60628
60637
60642
60647
60651
60653
60655
60657
60657
60666
60675
60697
60708
60708
60711
60714
60728
60732
60737
60748
60749
60750
60753
60758
60759
60765
60766
60773
60777
60777
60778
60806
60837
60837
60871
60882
60905
60914
60930
60940
60941
60941
60941
60953
60965
60971
60984
61002
61010
61028
61040
61042
61043
61048
61068
61100
61101
61103
61112
61121
61154
61203
61207
61226
61228
61237
61243
61264
61268
61271
61300
61303
61304
61317
61333
61334
61340
61387
61397
61430
61432
61442
61462
61468
61491
61497
61499
61505
61521
61526
61548
61559
61571
61576
61595
61597
61613
61618
61641
61642
61655
61657
61661
61688
61698
61716
61722
61730
61732
61738
61747
61749
61753
61797
61844
61848
61882
61885
61941
61955
61958
61962
61968
61972
61992
62019
62033
62051
62054
62054
62073
62081
62081
62084
62092
62122
62153
62156
62171
62199
62200
62207
62216
62220
62221
62222
62236
62238
62247
62258
62264
62285
62291
62292
62302
62303
62317
62318
62325
62355
62362
62376
62377
62434
62436
62454
62461
62470
62471
62471
62500
62510
62528
62537
62538
62550
62583
62620
62626
62647
62656
62667
62701
62705
62718
62723
62739
62766
62768
62821
62831
62836
62838
62863
62866
62869
62876
62906
62916
62917
62945
62980
62996
62996
63002
63010
63012
63027
63035
63041
63049
63052
63061
63067
63081
63091
63091
63103
63113
63122
63166
63171
63175
63178
63199
63217
63228
63248
63275
63300
63302
63314
63332
63340
63341
63343
63376
63389
63390
63394
63396
63397
63402
63408
63408
63413
63420
63420
63428
63439
63447
63455
63495
63500
63506
63532
63548
63555
63571
63601
63617
63618
63677
63682
63683
63686
63689
63690
63706
63720
63724
63725
63736
63746
63747
63751
63756
63756
63764
63768
63789
63791
63791
63797
63804
63893
63906
63930
63937
63943
63946
63950
63953
63980
63994
64003
64005
64008
64020
64030
64034
64042
64045
64050
64051
64061
64061
64065
64075
64079
64084
64084
64107
64119
64130
64131
64134
64137
64141
64179
64180
64184
64204
64226
64240
64255
64260
64275
64286
64289
64290
64303
64319
64330
64335
64337
64356
64356
64359
64398
64407
64416
64422
64434
64435
64436
64451
64453
64458
64459
64465
64475
64477
64480
64481
64487
64492
64493
64502
64509
64518
64570
64575
64585
64588
64607
64607
64653
64655
64657
64664
64681
64683
64689
64704
64710
64720
64777
64796
64797
64814
64841
64855
64879
64887
64910
64918
64919
64977
64984
64996
65012
65016
65045
65046
65073
65076
65084
65091
65092
65097
65110
65142
65148
65151
65155
65159
65161
65163
65166
65174
65194
65200
65216
65230
65236
65253
65257
65263
65272
65278
65295
65306
65314
65339
65360
65363
65396
65409
65412
65435
65437
65446
65450
65452
65474
65478
65484
65486
65496
65504
65512
65522
65542
65557
65559
65608
65624
65628
65664
65711
65729
65732
65746
65797
65802
65806
65817
65819
65827
65827
65829
65836
65843
65865
65867
65875
65910
65917
65931
65954
65955
65969
65973
65985
65986
66011
66011
66014
66020
66032
66043
66050
66061
66074
66081
66082
66084
66085
66085
66104
66108
66112
66122
66136
66137
66138
66154
66159
66177
66182
66184
66191
66196
66213
66228
66229
66234
66247
66258
66267
66274
66320
66328
66328
66337
66359
66366
66377
66385
66396
66406
66413
66415
66419
66421
66424
66430
66437
66455
66464
66468
66497
66505
66508
66519
66579
66588
66592
66595
66610
66624
66634
66648
66649
66650
66660
66666
66685
66710
66712
66727
66754
66757
66771
66772
66774
66777
66786
66787
66788
66855
66867
66885
66889
66904
66915
66932
66954
66961
66967
66973
66975
66976
67002
67002
67018
67055
67066
67072
67081
67092
67097
67114
67120
67127
67140
67158
67160
67175
67182
67185
67209
67223
67224
67238
67241
67255
67283
67287
67303
67311
67314
67315
67321
67362
67376
67387
67399
67416
67416
67419
67425
67430
67435
67438
67471
67489
67494
67519
67536
67537
67539
67544
67558
67566
67582
67591
67603
67611
67655
67690
67694
67697
67698
67703
67705
67714
67718
67753
67755
67761
67784
67798
67802
67817
67847
67848
67853
67855
67877
67886
67890
67896
67897
67901
67903
67905
67908
67912
67914
67916
67931
67940
67948
67956
67960
67977
67979
67980
67987
67999
68008
68013
68025
68032
68033
68044
68048
68060
68065
68072
68072
68079
68119
68130
68132
68132
68142
68150
68155
68167
68212
68214
68222
68293
68299
68300
68306
68317
68335
68357
68370
68376
68397
68398
68400
68408
68410
68411
68413
68420
68424
68433
68438
68441
68444
68451
68480
68497
68516
68524
68542
68546
68550
68557
68560
68573
68574
68575
68583
68584
68597
68599
68608
68621
68624
68629
68634
68635
68659
68661
68667
68676
68679
68680
68685
68687
68704
68717
68728
68732
68746
68746
68754
68761
68773
68805
68805
68821
68855
68856
68858
68860
68864
68868
68873
68879
68888
68894
68935
68941
68950
68971
68986
69001
69033
69036
69042
69073
69083
69097
69099
69100
69117
69129
69140
69151
69190
69196
69198
69211
69215
69217
69223
69224
69246
69254
69272
69289
69293
69300
69311
69318
69329
69357
69372
69378
69378
69411
69433
69433
69463
69478
69478
69481
69490
69502
69512
69526
69542
69543
69569
69573
69574
69604
69623
69630
69638
69648
69670
69685
69689
69697
69701
69709
69711
69714
69715
69729
69732
69738
69742
69751
69751
69774
69811
69821
69822
69824
69825
69825
69827
69828
69828
69838
69861
69862
69871
69888
69896
69904
69932
69942
69957
69967
69969
69978
69993
70008
70037
70037
70040
70046
70057
70068
70089
70098
70102
70107
70117
70130
70136
70140
70167
70175
70176
70188
70193
70195
70214
70214
70224
70270
70278
70279
70292
70305
70306
70316
70354
70361
70372
70373
70382
70387
70387
70394
70450
70465
70473
70483
70489
70489
70506
70522
70524
70531
70537
70556
70561
70584
70586
70596
70601
70601
70601
70604
70626
70640
70654
70656
70658
70696
70710
70719
70734
70763
70827
70876
70879
70880
70893
70901
70904
70910
70915
70919
70920
70921
70936
70939
70986
70997
71018
71047
71053
71059
71061
71063
71065
71089
71116
71119
71128
71131
71132
71158
71181
71184
71210
71215
71227
71244
71247
71273
71280
71304
71316
71369
71392
71406
71412
71415
71417
71431
71431
71435
71454
71456
71459
71482
71486
71506
71508
71508
71512
71518
71519
71524
71533
71536
71542
71545
71553
71564
71568
71570
71577
71583
71584
71595
71597
71598
71601
71629
71635
71638
71661
71669
71690
71698
71729
71730
71745
71760
71763
71774
71782
71813
71817
71833
71863
71869
71925
71965
72001
72021
72078
72080
72082
72101
72108
72129
72133
72149
72151
72166
72190
72199
72202
72252
72253
72282
72328
72334
72340
72350
72371
72382
72412
72426
72426
72457
72460
72464
72468
72485
72487
72488
72495
72511
72517
72519
72535
72542
72554
72576
72578
72586
72593
72596
72601
72611
72663
72668
72670
72692
72698
72708
72727
72739
72742
72751
72759
72777
72803
72804
72830
72850
72868
72876
72878
72884
72906
72910
72959
72961
72975
72999
73022
73032
73041
73051
73052
73111
73123
73164
73174
73197
73240
73243
73245
73247
73248
73259
73269
73272
73281
73290
73352
73353
73372
73392
73403
73410
73416
73432
73438
73475
73493
73500
73526
73569
73587
73592
73599
73607
73617
73694
73712
73731
73746
73763
73766
73793
73801
73802
73824
73846
73859
73870
73879
73888
73905
73914
73924
73960
73964
73964
73969
73974
73977
73998
74005
74010
74015
74023
74029
74059
74090
74107
74111
74118
74129
74168
74172
74214
74222
74225
74239
74240
74281
74303
74311
74321
74340
74350
74378
74393
74394
74401
74411
74437
74464
74469
74497
74515
74535
74542
74564
74588
74595
74620
74625
74627
74666
74700
74727
74758
74786
74827
74827
74827
74829
74830
74844
74853
74856
74866
74879
74915
74919
74923
74938
74968
75023
75030
75032
75060
75071
75105
75112
75116
75117
75158
75165
75166
75179
75179
75183
75193
75197
75205
75209
75232
75242
75258
75315
75323
75324
75324
75340
75349
75356
75360
75365
75368
75384
75418
75429
75438
75441
75472
75497
75506
75521
75524
75533
75538
75581
75592
75617
75635
75645
75682
75698
75705
75716
75749
75752
75800
75834
75848
75851
75857
75861
75863
75882
75889
75958
75987
75995
76024
76033
76046
76059
76073
76079
76101
76114
76123
76124
76146
76155
76185
76195
76207
76220
76226
76228
76233
76237
76244
76263
76265
76277
76280
76290
76300
76300
76321
76377
76380
76382
76454
76464
76478
76482
76484
76485
76485
76510
76510
76510
76511
76513
76524
76551
76551
76562
76563
76571
76578
76616
76647
76648
76684
76688
76688
76692
76693
76700
76720
76750
76756
76762
76777
76783
76815
76815
76819
76827
76851
76886
76899
76903
76941
76946
76961
76973
76976
77037
77037
77038
77088
77090
77109
77112
77167
77169
77231
77234
77242
77248
77282
77284
77286
77294
77378
77384
77384
77384
77388
77399
77424
77434
77443
77451
77454
77457
77484
77490
77498
77504
77514
77516
77527
77550
77552
77554
77569
77596
77607
77610
77621
77634
77643
77654
77671
77674
77675
77702
77727
77727
77734
77761
77768
77812
77825
77834
77838
77865
77889
77900
77909
77909
77918
77922
77926
77941
77947
77953
77970
77978
77980
78000
78018
78069
78093
78095
78103
78108
78141
78146
78167
78211
78217
78224
78229
78253
78269
78270
78284
78305
78315
78325
78351
78364
78367
78384
78388
78389
78410
78433
78442
78447
78467
78494
78499
78514
78522
78523
78532
78538
78545
78551
78563
78569
78606
78608
78610
78629
78647
78687
78688
78705
78709
78733
78742
78754
78763
78778
78807
78812
78822
78831
78855
78883
78887
78889
78905
78911
78917
78936
78947
78965
78975
78996
78999
79000
79018
79034
79035
79041
79041
79051
79055
79077
79104
79108
79133
79151
79157
79173
79175
79178
79181
79189
79191
79195
79208
79222
79228
79238
79240
79251
79278
79303
79305
79309
79318
79319
79322
79331
79332
79377
79382
79388
79388
79389
79405
79430
79445
79452
79456
79474
79511
79522
79527
79534
79537
79540
79581
79588
79600
79603
79635
79639
79640
79664
79664
79718
79730
79738
79754
79760
79786
79792
79795
79802
79806
79816
79818
79820
79829
79831
79843
79864
79900
79901
79910
79921
79928
79945
79964
79976
79980
79987
80004
80014
80014
80016
80025
80051
80057
80065
80065
80073
80077
80089
80098
80106
80116
80129
80171
80172
80173
80174
80197
80205
80205
80224
80226
80238
80238
80244
80251
80274
80319
80336
80357
80360
80366
80396
80413
80417
80425
80488
80494
80539
80544
80561
80571
80573
80587
80587
80596
80608
80657
80657
80680
80686
80692
80708
80741
80766
80768
80772
80782
80792
80797
80800
80802
80803
80807
80821
80847
80858
80863
80879
80885
80897
80919
80934
80973
80997
81019
81032
81037
81042
81055
81057
81069
81097
81099
81101
81111
81111
81130
81151
81187
81189
81236
81240
81243
81254
81260
81260
81262
81266
81266
81273
81274
81291
81312
81318
81326
81350
81355
81361
81386
81387
81402
81423
81444
81444
81446
81462
81481
81500
81501
81501
81504
81509
81556
81559
81570
81648
81658
81660
81662
81735
81742
81777
81793
81815
81819
81831
81834
81834
81836
81846
81852
81859
81861
81892
81902
81910
81924
81926
81936
81937
81950
81967
81972
82000
82034
82038
82038
82041
82045
82048
82063
82084
82090
82090
82092
82097
82098
82113
82115
82124
82127
82161
82170
82173
82198
82208
82219
82220
82229
82266
82272
82274
82284
82302
82326
82326
82329
82337
82350
82356
82371
82373
82412
82416
82435
82441
82471
82478
82507
82515
82523
82549
82569
82574
82582
82602
82651
82656
82675
82678
82687
82687
82695
82704
82709
82735
82748
82748
82791
82791
82793
82808
82809
82826
82834
82836
82840
82870
82894
82943
82990
82992
82995
83005
83015
83032
83040
83065
83152
83194
83200
83214
83225
83231
83245
83262
83268
83273
83283
83293
83299
83315
83318
83333
83338
83355
83362
83373
83383
83386
83407
83425
83432
83433
83436
83447
83461
83467
83510
83514
83531
83545
83548
83577
83600
83610
83616
83621
83652
83686
83693
83744
83748
83766
83772
83773
83777
83786
83800
83814
83826
83826
83836
83837
83844
83845
83854
83864
83864
83875
83879
83891
83893
83995
84049
84050
84055
84076
84082
84126
84128
84129
84139
84157
84183
84188
84223
84241
84250
84259
84269
84275
84276
84323
84328
84329
84330
84347
84358
84368
84369
84394
84407
84410
84416
84422
84426
84431
84449
84497
84523
84543
84573
84600
84615
84618
84623
84635
84652
84662
84667
84679
84723
84740
84766
84772
84772
84772
84788
84805
84816
84822
84847
84860
84861
84864
84879
84886
84904
84904
84905
84906
84919
84937
84938
84995
85014
85041
85043
85054
85065
85073
85083
85085
85088
85092
85118
85130
85153
85158
85182
85191
85197
85201
85217
85238
85243
85244
85256
85261
85263
85266
85283
85290
85298
85311
85340
85358
85365
85371
85398
85407
85434
85444
85461
85479
85483
85493
85526
85530
85539
85551
85570
85571
85573
85577
85590
85604
85606
85613
85644
85668
85687
85696
85700
85738
85745
85759
85761
85788
85790
85791
85803
85836
85859
85864
85870
85872
85872
85878
85879
85890
85893
85896
85898
85926
85944
85950
85956
85966
85973
85986
85992
86017
86018
86052
86061
86078
86102
86116
86152
86154
86188
86194
86195
86214
86225
86234
86239
86249
86252
86278
86289
86293
86299
86315
86317
86327
86333
86359
86362
86362
86380
-1
