0.002777777777777778
0.004722222222222222
0.005277777777777778
0.01
0.012777777777777779
0.019166666666666665
0.022222222222222223
0.04
0.04833333333333333
0.06
0.06416666666666666
0.06472222222222222
0.07
0.07833333333333334
0.0961111111111111
0.10277777777777777
0.10722222222222222
0.11777777777777777
0.11916666666666667
0.12305555555555556
0.12416666666666666
0.14055555555555554
0.15861111111111112
0.1622222222222222
0.16416666666666666
0.18055555555555555
0.1811111111111111
0.18138888888888888
0.18583333333333332
0.18888888888888888
0.19444444444444445
0.19722222222222222
0.19972222222222222
0.215
0.24166666666666667
0.25972222222222224
0.26055555555555554
0.26694444444444443
0.27444444444444444
0.2761111111111111
0.2802777777777778
0.2813888888888889
0.29
0.29194444444444445
0.2966666666666667
0.30833333333333335
0.31
0.31083333333333335
0.325
0.3463888888888889
0.35777777777777775
0.36777777777777776
0.37
0.37916666666666665
0.39361111111111113
0.4036111111111111
0.40444444444444444
0.43555555555555553
0.4388888888888889
0.45472222222222225
0.46444444444444444
0.4686111111111111
0.47
0.48638888888888887
0.5072222222222222
0.5088888888888888
0.5108333333333334
0.5344444444444445
0.5411111111111111
0.555
0.5627777777777778
0.57
0.5808333333333333
0.6008333333333333
0.6011111111111112
0.6030555555555556
0.6116666666666667
0.6227777777777778
0.625
0.6291666666666667
0.6311111111111111
0.6388888888888888
0.6630555555555555
0.6644444444444444
0.6752777777777778
0.6755555555555556
0.6763888888888889
0.7002777777777778
0.705
0.7138888888888889
0.7391666666666666
0.7472222222222222
0.765
0.7858333333333334
0.7941666666666667
0.7963888888888889
0.8197222222222222
0.8211111111111111
0.8255555555555556
0.8275
0.8352777777777778
0.8605555555555555
0.8769444444444444
0.8855555555555555
0.9027777777777778
0.9161111111111111
0.9188888888888889
0.9238888888888889
0.97
0.9769444444444444
0.9786111111111111
