0.014444444444444444
0.017777777777777778
0.021666666666666667
0.06888888888888889
0.08222222222222222
0.11
0.12555555555555556
0.14
0.16166666666666665
0.20166666666666666
0.20222222222222222
0.2061111111111111
0.22333333333333333
0.24555555555555555
0.25
0.25833333333333336
0.26222222222222225
0.2777777777777778
0.32611111111111113
0.3288888888888889
0.35055555555555556
0.3511111111111111
0.3527777777777778
0.40055555555555555
0.41
0.42777777777777776
0.47833333333333333
0.49444444444444446
0.53
0.5716666666666667
0.5883333333333334
0.5927777777777777
0.6394444444444445
0.6422222222222222
0.6511111111111111
0.655
0.6705555555555556
0.7211111111111111
0.7538888888888889
0.7711111111111111
0.8055555555555556
0.8322222222222222
0.8377777777777777
0.8477777777777777
0.94
0.9538888888888889
0.9572222222222222
