0.005555555555555556
0.009444444444444445
0.010555555555555556
0.02
0.025555555555555557
0.03833333333333333
0.044444444444444446
0.08
0.09666666666666666
0.12
0.12833333333333333
0.12944444444444445
0.14
0.15666666666666668
0.1922222222222222
0.20555555555555555
0.21444444444444444
0.23555555555555555
0.23833333333333334
0.2461111111111111
0.24833333333333332
0.2811111111111111
0.31722222222222224
0.3244444444444444
0.3283333333333333
0.3611111111111111
0.3622222222222222
0.36277777777777775
0.37166666666666665
0.37777777777777777
0.3888888888888889
0.39444444444444443
0.39944444444444444
0.43
0.48333333333333334
0.5194444444444445
0.5211111111111111
0.5338888888888889
0.5488888888888889
0.5522222222222222
0.5605555555555556
0.5627777777777778
0.58
0.5838888888888889
0.5933333333333334
0.6166666666666667
0.62
0.6216666666666667
0.65
0.6927777777777778
0.7155555555555555
0.7355555555555555
0.74
0.7583333333333333
0.7872222222222223
0.8072222222222222
0.8088888888888889
0.8711111111111111
0.8777777777777778
0.9094444444444445
0.9288888888888889
0.9372222222222222
0.94
0.9727777777777777
