0.011111111111111112
0.01888888888888889
0.021111111111111112
0.04
0.051111111111111114
0.07666666666666666
0.08888888888888889
0.16
0.19333333333333333
0.24
0.25666666666666665
0.2588888888888889
0.28
0.31333333333333335
0.3844444444444444
0.4111111111111111
0.4288888888888889
0.4711111111111111
0.4766666666666667
0.4922222222222222
0.49666666666666665
0.5622222222222222
0.6344444444444445
0.6488888888888888
0.6566666666666666
0.7222222222222222
0.7244444444444444
0.7255555555555555
0.7433333333333333
0.7555555555555555
0.7777777777777778
0.7888888888888889
0.7988888888888889
0.86
0.9666666666666667
