0
40
42
48
91
113
231
244
264
307
394
412
430
434
438
465
482
498
530
575
592
595
639
696
738
741
745
757
787
810
890
997
1018
1080
1199
1218
1235
1258
1279
1285
1311
1350
1355
1373
1400
1418
1422
1434
1436
1437
1453
1495
1503
1559
1639
1703
1707
1720
1750
1762
1775
1783
1793
1818
1857
1881
1882
1915
1944
1951
1963
1964
1980
2031
2049
2053
2071
2137
2217
2245
2331
2352
2357
2438
2448
2503
2515
2526
2549
2553
2581
2591
2599
2601
2635
2687
2707
2709
2730
2731
2804
2825
2886
2916
2941
2968
3020
3060
3100
3117
3143
3188
3205
3223
3243
3271
3272
3334
3354
3368
3370
3396
3417
3420
3492
3518
3565
3604
3697
3727
3736
3801
3843
3904
3912
3934
3975
3992
4004
4013
4086
4096
4099
4100
4138
4172
4215
4238
4271
4282
4304
4339
4381
4399
4479
4520
4527
4532
4607
4674
4711
4713
4750
4764
4780
4809
4834
4846
4852
4858
4899
4938
4961
4998
5023
5033
5070
5071
5078
5098
5182
5183
5193
5220
5251
5252
5285
5294
5308
5311
5331
5345
5388
5406
5437
5441
5456
5463
5488
5501
5538
5617
5627
5633
5658
5680
5692
5713
5717
5740
5779
5798
5859
5867
5868
5891
5940
5947
5966
5981
6011
6030
6032
6038
6051
6061
6063
6074
6143
6154
6166
6182
6209
6217
6262
6267
6285
6314
6316
6329
6343
6383
6413
6415
6417
6420
6431
6433
6441
6442
6472
6490
6543
6545
6548
6555
6561
6563
6601
6606
6625
6637
6641
6648
6666
6683
6687
6692
6712
6738
6770
6821
6834
6848
6850
6896
6910
6931
6945
6991
7000
7016
7030
7071
7075
7076
7134
7138
7187
7213
7226
7283
7296
7302
7334
7379
7382
7385
7404
7413
7431
7457
7484
7494
7495
7515
7584
7588
7599
7631
7632
7638
7657
7659
7675
7683
7693
7695
7696
7740
7827
7842
7910
7931
7956
8008
8075
8078
8092
8094
8125
8130
8134
8140
8169
8179
8200
8211
8250
8254
8258
8268
8274
8284
8310
8339
8347
8360
8361
8392
8409
8486
8513
8516
8543
8555
8565
8566
8594
8596
8603
8611
8613
8673
8681
8691
8696
8721
8724
8751
8756
8773
8776
8791
8826
8837
8866
8880
8882
8890
8901
8919
8923
8946
8947
8958
8967
8994
9013
9047
9053
9071
9101
9107
9108
9121
9127
9130
9131
9142
9145
9151
9153
9173
9192
9203
9208
9216
9225
9236
9243
9258
9321
9333
9342
9343
9350
9354
9373
9374
9449
9466
9481
9507
9520
9521
9529
9531
9532
9533
9557
9603
9609
9671
9712
9722
9736
9737
9761
9786
9796
9797
9822
9865
9876
9884
9933
9946
9955
9970
9974
9976
10039
10077
10082
10097
10135
10139
10156
10175
10205
10216
10224
10228
10231
10272
10275
10276
10281
10301
10333
10345
10350
10351
10381
10403
10416
10431
10447
10457
10458
10462
10475
10487
10503
10504
10508
10525
10526
10528
10542
10559
10586
10598
10633
10653
10659
10660
10685
10694
10705
10712
10718
10732
10744
10752
10805
10820
10821
10825
10833
10838
10843
10846
10877
10907
10910
10989
11089
11109
11133
11145
11152
11157
11164
11167
11191
11194
11198
11202
11253
11261
11262
11264
11274
11306
11311
11328
11343
11379
11390
11392
11405
11431
11466
11497
11514
11521
11528
11570
11574
11597
11643
11666
11688
11715
11719
11742
11761
11798
11800
11802
11809
11812
11817
11819
11826
11857
11883
11887
11899
11903
11919
11936
11981
11982
11996
11998
12010
12014
12037
12038
12044
12046
12077
12101
12116
12121
12140
12144
12153
12167
12170
12175
12215
12216
12220
12223
12224
12225
12233
12238
12249
12267
12278
12279
12286
12314
12329
12348
12356
12358
12365
12376
12408
12421
12448
12456
12482
12490
12509
12543
12544
12635
12641
12661
12673
12704
12714
12720
12736
12750
12755
12768
12772
12800
12828
12838
12854
12862
12864
12875
12884
12908
12913
12934
12938
12950
12955
12969
12994
13015
13048
13053
13104
13114
13118
13120
13128
13150
13153
13212
13223
13230
13244
13246
13262
13300
13305
13313
13364
13370
13375
13388
13393
13436
13439
13442
13449
13467
13474
13485
13492
13513
13519
13533
13534
13588
13591
13596
13614
13628
13636
13647
13664
13735
13737
13739
13744
13785
13787
13794
13796
13805
13822
13824
13847
13852
13857
13865
13866
13870
13890
13899
13923
13926
13965
13978
13988
14004
14005
14006
14026
14031
14076
14079
14083
14093
14112
14127
14141
14143
14145
14154
14165
14167
14191
14199
14209
14213
14218
14246
14259
14263
14264
14272
14275
14287
14290
14296
14327
14329
14370
14380
14399
14411
14418
14419
14454
14463
14516
14533
14540
14553
14575
14582
14586
14628
14630
14636
14671
14672
14680
14682
14697
14715
14721
14732
14741
14767
14793
14817
14829
14856
14859
14867
14871
14877
14890
14891
14899
14900
14904
14915
14923
14925
14928
14929
14937
14958
14972
14975
14982
14996
15002
15012
15013
15018
15020
15027
15029
15050
15067
15098
15139
15154
15182
15204
15217
15222
15267
15273
15288
15324
15348
15368
15424
15439
15461
15463
15468
15476
15487
15490
15505
15510
15522
15534
15536
15546
15547
15548
15581
15612
15613
15639
15678
15700
15705
15721
15722
15750
15755
15763
15781
15788
15816
15841
15844
15849
15860
15869
15899
15928
15932
15964
15968
16000
16085
16089
16097
16152
16164
16171
16211
16226
16249
16262
16277
16278
16293
16314
16338
16350
16389
16398
16423
16434
16455
16463
16474
16490
16505
16526
16550
16566
16574
16584
16595
16610
16613
16618
16619
16624
16645
16646
16652
16665
16671
16673
16687
16762
16763
16819
16820
16821
16844
16848
16867
16868
16873
16881
16892
16899
16956
16968
16974
16975
17006
17007
17028
17041
17081
17093
17121
17125
17129
17145
17181
17199
17213
17228
17239
17245
17261
17262
17277
17280
17283
17298
17308
17345
17356
17371
17414
17434
17449
17451
17455
17475
17489
17493
17495
17515
17522
17544
17583
17585
17633
17634
17644
17657
17669
17690
17696
17703
17729
17743
17769
17770
17774
17775
17794
17797
17806
17811
17820
17832
17835
17837
17853
17858
17874
17888
17916
17917
17920
17976
17983
18023
18033
18048
18064
18080
18087
18090
18117
18144
18157
18158
18164
18165
18182
18184
18194
18197
18203
18206
18209
18266
18268
18271
18284
18286
18292
18293
18300
18315
18353
18354
18381
18388
18408
18411
18413
18416
18433
18469
18484
18486
18504
18511
18538
18551
18564
18580
18582
18584
18594
18605
18609
18667
18671
18672
18683
18687
18689
18694
18696
18705
18707
18718
18719
18727
18729
18741
18757
18811
18844
18858
18875
18890
18894
18902
18933
18935
18952
18973
18985
18988
19003
19023
19030
19065
19066
19073
19078
19079
19081
19110
19118
19149
19154
19158
19161
19185
19187
19200
19201
19223
19227
19244
19263
19266
19281
19299
19302
19315
19318
19349
19351
19382
19383
19389
19416
19464
19497
19575
19590
19616
19621
19656
19660
19671
19674
19685
19689
19724
19726
19732
19773
19793
19796
19820
19857
19858
19870
19874
19882
19887
19898
19905
19914
19941
19980
19981
19982
19995
19997
20038
20043
20049
20074
20083
20096
20152
20164
20165
20173
20191
20193
20224
20241
20246
20267
20268
20282
20315
20317
20320
20331
20337
20339
20343
20354
20355
20358
20359
20370
20373
20410
20422
20423
20446
20464
20466
20508
20540
20553
20556
20561
20575
20582
20633
20638
20649
20663
20672
20674
20698
20700
20709
20748
20752
20753
20796
20798
20811
20829
20832
20836
20853
20862
20869
20879
20890
20894
20895
20921
20923
20936
20944
20951
20954
20974
20977
21013
21018
21026
21027
21041
21042
21047
21091
21099
21108
21126
21150
21153
21165
21172
21192
21202
21209
21214
21218
21226
21237
21286
21317
21327
21339
21353
21358
21359
21364
21369
21376
21402
21406
21409
21417
21434
21452
21456
21461
21484
21487
21501
21511
21517
21530
21554
21555
21561
21581
21613
21618
21649
21669
21676
21692
21701
21702
21708
21715
21718
21720
21740
21749
21766
21778
21779
21818
21850
21854
21860
21900
21902
21930
21941
21958
21962
21973
21983
21988
22030
22033
22045
22047
22072
22073
22096
22098
22099
22100
22106
22111
22140
22149
22154
22179
22230
22250
22256
22261
22276
22288
22297
22334
22341
22390
22401
22408
22415
22455
22472
22488
22499
22503
22543
22552
22557
22561
22571
22581
22598
22599
22605
22608
22617
22627
22628
22631
22643
22646
22649
22652
22653
22668
22681
22705
22718
22762
22776
22779
22788
22809
22828
22837
22849
22863
22883
22889
22891
22895
22896
22911
22943
22984
23007
23010
23014
23016
23055
23079
23086
23097
23101
23118
23119
23129
23138
23152
23153
23189
23232
23233
23238
23241
23247
23256
23266
23276
23288
23289
23326
23337
23342
23348
23351
23364
23370
23382
23391
23401
23422
23430
23435
23462
23474
23478
23496
23503
23516
23529
23540
23542
23551
23552
23589
23595
23613
23625
23627
23631
23637
23645
23659
23687
23710
23718
23728
23737
23754
23767
23775
23777
23780
23781
23782
23788
23810
23811
23819
23833
23853
23861
23863
23865
23903
23906
23922
23923
23951
23959
23972
24023
24038
24041
24044
24048
24051
24057
24060
24062
24067
24072
24100
24113
24115
24123
24127
24131
24140
24148
24155
24163
24169
24174
24175
24220
24245
24259
24260
24267
24269
24271
24277
24279
24284
24295
24297
24311
24318
24340
24341
24348
24349
24356
24361
24370
24374
24380
24381
24382
24389
24420
24446
24451
24454
24457
24460
24466
24467
24469
24497
24499
24510
24513
24523
24525
24527
24545
24546
24547
24553
24554
24557
24566
24567
24568
24575
24600
24601
24605
24609
24611
24629
24634
24657
24663
24683
24735
24747
24750
24752
24778
24807
24831
24835
24859
24861
24862
24863
24869
24871
24875
24884
24898
24902
24907
24916
24918
24923
24936
24937
24943
24944
24963
24977
24982
24985
25001
25004
25014
25019
25028
25046
25050
25053
25056
25060
25063
25064
25072
25081
25082
25083
25095
25096
25118
25120
25122
25145
25155
25170
25174
25183
25194
25200
25240
25243
25248
25257
25275
25310
25311
25315
25329
25367
25378
25382
25389
25399
25402
25414
25422
25424
25437
25450
25452
25454
25463
25467
25468
25473
25475
25484
25486
25495
25510
25540
25542
25558
25568
25573
25586
25591
25597
25601
25617
25621
25625
25629
25634
25638
25650
25651
25654
25661
25666
25682
25693
25696
25697
25700
25709
25711
25715
25730
25745
25761
25768
25788
25795
25797
25807
25833
25835
25839
25845
25847
25849
25864
25868
25875
25882
25887
25889
25899
25950
25957
25964
25967
25969
25970
25971
25975
26016
26017
26029
26038
26043
26088
26091
26094
26101
26102
26103
26114
26117
26128
26133
26140
26144
26146
26147
26151
26156
26175
26177
26181
26184
26201
26229
26244
26250
26267
26270
26277
26283
26286
26292
26297
26305
26306
26311
26314
26318
26328
26330
26335
26359
26364
26383
26390
26407
26412
26425
26429
26440
26445
26449
26453
26455
26460
26462
26481
26483
26490
26502
26513
26514
26522
26529
26536
26539
26546
26553
26559
26568
26570
26573
26583
26588
26590
26606
26626
26664
26668
26670
26675
26683
26685
26689
26710
26723
26724
26727
26731
26769
26815
26836
26846
26849
26852
26863
26874
26892
26896
26915
26920
26921
26922
26926
26928
26930
26935
26956
26960
26974
26976
26978
26983
26984
26988
26999
27015
27031
27041
27056
27061
27065
27079
27080
27103
27108
27121
27155
27168
27175
27189
27191
27205
27210
27211
27222
27230
27240
27244
27270
27281
27283
27294
27302
27306
27313
27320
27327
27329
27331
27346
27356
27367
27376
27380
27400
27401
27405
27406
27415
27419
27429
27437
27445
27462
27465
27489
27503
27526
27527
27539
27551
27552
27568
27574
27578
27580
27586
27591
27592
27593
27613
27614
27618
27645
27650
27660
27668
27673
27674
27678
27690
27699
27722
27726
27751
27759
27781
27783
27786
27826
27832
27837
27844
27848
27871
27875
27877
27880
27894
27905
27906
27913
27914
27922
27927
27931
27937
27955
27961
27969
27972
27975
27984
27999
28007
28009
28030
28043
28045
28048
28051
28067
28068
28076
28092
28103
28110
28122
28138
28141
28154
28160
28164
28165
28166
28177
28184
28191
28192
28195
28203
28205
28222
28233
28265
28272
28283
28284
28285
28287
28295
28297
28312
28320
28323
28330
28332
28344
28360
28378
28379
28383
28386
28392
28394
28411
28421
28431
28434
28435
28444
28448
28454
28469
28481
28489
28495
28501
28504
28508
28519
28527
28533
28543
28544
28546
28547
28553
28570
28572
28573
28577
28578
28595
28605
28606
28608
28614
28620
28627
28631
28673
28694
28706
28719
28721
28739
28741
28743
28761
28766
28770
28781
28797
28798
28803
28807
28808
28809
28816
28818
28821
28826
28834
28839
28841
28859
28868
28872
28892
28894
28895
28903
28912
28922
28923
28926
28932
28935
28955
28963
28972
28976
28979
28990
28993
29008
29010
29011
29017
29034
29046
29054
29056
29058
29079
29081
29092
29098
29099
29120
29131
29134
29137
29149
29150
29166
29182
29187
29194
29198
29201
29204
29210
29211
29223
29229
29235
29238
29242
29247
29253
29255
29282
29308
29323
29331
29336
29337
29350
29352
29356
29357
29371
29372
29375
29376
29377
29379
29396
29410
29411
29425
29433
29435
29448
29452
29463
29478
29480
29481
29482
29485
29490
29500
29507
29517
29520
29528
29529
29530
29539
29552
29563
29565
29569
29572
29573
29585
29592
29594
29595
29601
29608
29618
29622
29629
29633
29649
29654
29663
29672
29675
29688
29689
29692
29693
29696
29703
29708
29714
29743
29756
29763
29768
29775
29813
29815
29828
29831
29838
29849
29855
29858
29863
29873
29876
29892
29894
29902
29908
29909
29915
29926
29951
29954
29958
29960
29966
29967
29973
29995
30018
30026
30030
30032
30045
30062
30073
30077
30080
30096
30110
30115
30143
30144
30152
30155
30156
30162
30164
30165
30166
30169
30171
30174
30177
30213
30224
30228
30250
30258
30261
30269
30278
30279
30287
30292
30299
30302
30310
30312
30316
30324
30327
30331
30332
30336
30354
30359
30384
30395
30397
30398
30400
30404
30406
30412
30416
30419
30423
30440
30446
30448
30449
30458
30461
30463
30464
30479
30484
30485
30494
30519
30521
30528
30531
30547
30549
30560
30562
30573
30582
30587
30590
30593
30594
30596
30602
30606
30616
30620
30638
30639
30640
30643
30651
30653
30658
30665
30682
30689
30698
30705
30708
30719
30748
30751
30752
30764
30768
30771
30778
30785
30787
30799
30809
30812
30823
30829
30839
30847
30849
30860
30865
30869
30873
30876
30882
30884
30885
30890
30893
30898
30904
30915
30917
30923
30935
30940
30944
30947
30954
30995
31002
31007
31035
31037
31041
31047
31052
31060
31087
31095
31099
31101
31103
31111
31120
31121
31134
31136
31137
31142
31149
31166
31168
31174
31175
31184
31193
31196
31199
31200
31214
31220
31224
31225
31227
31237
31244
31248
31252
31263
31265
31268
31277
31286
31288
31292
31294
31297
31313
31324
31329
31338
31354
31362
31367
31372
31393
31408
31417
31418
31420
31424
31426
31433
31434
31436
31445
31462
31467
31471
31474
31481
31483
31486
31491
31492
31497
31500
31501
31502
31510
31512
31515
31516
31519
31527
31530
31531
31536
31542
31543
31547
31549
31559
31580
31583
31584
31586
31594
31617
31626
31631
31673
31678
31679
31689
31705
31707
31711
31725
31728
31732
31744
31747
31748
31753
31754
31763
31775
31784
31796
31806
31809
31813
31828
31845
31851
31865
31867
31871
31877
31880
31897
31900
31916
31922
31924
31928
31945
31947
31954
31956
31963
31964
31987
31988
31994
32000
32012
32024
32040
32048
32050
32051
32067
32074
32100
32107
32118
32128
32135
32138
32143
32168
32171
32172
32175
32178
32179
32181
32182
32191
32194
32206
32211
32216
32229
32236
32239
32257
32258
32269
32273
32277
32336
32352
32353
32356
32362
32368
32387
32391
32395
32402
32407
32408
32411
32412
32421
32427
32434
32446
32448
32465
32471
32479
32487
32488
32489
32493
32496
32497
32501
32515
32517
32531
32536
32539
32542
32558
32562
32565
32570
32583
32591
32600
32610
32611
32620
32621
32622
32623
32640
32643
32653
32658
32661
32663
32667
32669
32672
32678
32694
32695
32698
32709
32712
32727
32729
32737
32738
32745
32752
32755
32762
32771
32773
32777
32778
32779
32792
32795
32804
32808
32816
32832
32834
32835
32841
32860
32867
32914
32922
32931
32932
32933
32936
32938
32946
32951
32953
32958
32977
32993
32995
33012
33013
33020
33033
33040
33049
33060
33062
33073
33081
33090
33093
33096
33114
33126
33130
33133
33134
33135
33136
33137
33142
33144
33153
33155
33161
33181
33183
33190
33195
33199
33201
33209
33218
33220
33225
33231
33234
33235
33260
33261
33265
33273
33276
33277
33284
33298
33310
33318
33322
33330
33335
33337
33343
33347
33354
33358
33360
33362
33365
33368
33376
33379
33382
33396
33400
33413
33414
33420
33423
33444
33453
33455
33466
33467
33468
33480
33483
33485
33489
33492
33498
33502
33509
33513
33514
33530
33536
33541
33551
33568
33570
33576
33586
33588
33617
33634
33643
33655
33665
33680
33683
33687
33695
33705
33719
33726
33733
33744
33748
33756
33761
33765
33782
33790
33791
33798
33802
33810
33821
33828
33836
33837
33841
33843
33847
33851
33856
33857
33863
33871
33881
33883
33896
33906
33915
33917
33920
33930
33931
33936
33946
33947
33948
33966
33977
33980
33983
33991
33992
33993
34000
34002
34012
34014
34016
34017
34024
34025
34026
34038
34039
34050
34052
34064
34079
34084
34095
34103
34114
34123
34127
34128
34130
34131
34137
34138
34157
34166
34182
34196
34213
34218
34231
34236
34242
34255
34263
34267
34273
34289
34322
34324
34330
34332
34334
34335
34339
34348
34354
34359
34361
34362
34364
34379
34387
34401
34406
34425
34435
34436
34438
34455
34467
34468
34481
34489
34496
34497
34501
34502
34503
34507
34512
34516
34533
34540
34541
34553
34562
34576
34583
34588
34591
34594
34595
34603
34616
34618
34620
34622
34650
34665
34666
34676
34684
34694
34699
34702
34711
34717
34721
34725
34732
34735
34744
34746
34747
34768
34769
34770
34775
34787
34789
34792
34815
34820
34824
34840
34841
34847
34854
34855
34856
34859
34865
34867
34870
34878
34888
34890
34917
34930
34931
34937
34951
34952
34956
34960
34969
34980
34982
34986
34997
35009
35027
35056
35063
35064
35065
35066
35079
35090
35103
35104
35121
35134
35136
35138
35139
35141
35148
35162
35164
35195
35197
35199
35205
35212
35221
35226
35227
35233
35234
35236
35238
35239
35248
35252
35265
35280
35281
35291
35309
35322
35326
35333
35337
35347
35350
35353
35354
35363
35378
35383
35396
35422
35428
35432
35433
35442
35446
35453
35466
35480
35485
35489
35491
35494
35495
35503
35528
35546
35547
35550
35551
35552
35571
35574
35579
35580
35593
35598
35600
35610
35612
35620
35624
35635
35647
35653
35654
35660
35663
35671
35689
35696
35698
35703
35711
35715
35724
35725
35744
35746
35752
35758
35777
35801
35804
35805
35807
35818
35826
35831
35848
35854
35858
35890
35899
35905
35906
35908
35909
35919
35924
35938
35939
35950
35953
35955
35968
35969
35977
35984
35985
35991
35993
35997
36002
36010
36011
36015
36016
36019
36020
36027
36035
36038
36043
36044
36055
36058
36068
36075
36081
36083
36095
36106
36108
36114
36117
36119
36123
36125
36126
36133
36143
36149
36158
36162
36166
36168
36172
36173
36175
36177
36180
36200
36203
36204
36207
36208
36219
36225
36231
36233
36239
36246
36251
36255
36259
36261
36264
36269
36286
36295
36312
36322
36335
36339
36348
36356
36376
36378
36383
36402
36403
36414
36420
36421
36429
36435
36446
36447
36466
36470
36472
36476
36479
36486
36489
36491
36493
36500
36505
36506
36509
36512
36514
36539
36545
36549
36550
36554
36569
36572
36574
36597
36604
36609
36642
36653
36661
36665
36674
36679
36680
36699
36706
36718
36725
36729
36746
36750
36752
36764
36780
36783
36791
36799
36802
36805
36811
36816
36843
36854
36859
36879
36885
36887
36909
36912
36931
36933
36952
36953
36955
36957
36961
36971
36984
36987
36990
36997
37007
37009
37015
37022
37031
37040
37049
37053
37082
37090
37094
37095
37100
37109
37119
37120
37128
37140
37154
37155
37173
37174
37175
37186
37210
37212
37215
37235
37243
37250
37252
37255
37256
37260
37270
37277
37279
37282
37286
37290
37301
37304
37324
37336
37340
37345
37348
37349
37361
37367
37372
37373
37381
37389
37392
37396
37411
37434
37445
37452
37454
37462
37465
37473
37478
37481
37513
37517
37538
37544
37547
37551
37562
37567
37589
37593
37624
37626
37627
37630
37647
37654
37655
37662
37664
37666
37676
37677
37686
37689
37707
37709
37713
37716
37730
37737
37743
37751
37753
37757
37776
37782
37787
37791
37800
37812
37819
37824
37825
37839
37840
37845
37851
37853
37857
37864
37866
37881
37894
37898
37900
37902
37910
37916
37926
37937
37947
37950
37951
37955
37963
37970
37976
38009
38035
38047
38064
38071
38074
38076
38084
38088
38094
38098
38099
38105
38112
38123
38128
38132
38137
38139
38150
38165
38172
38180
38184
38198
38200
38208
38217
38219
38221
38225
38234
38243
38253
38254
38255
38256
38275
38283
38286
38288
38293
38300
38308
38313
38316
38317
38320
38322
38327
38329
38335
38336
38351
38358
38396
38397
38400
38403
38407
38424
38438
38458
38460
38464
38470
38494
38496
38504
38510
38512
38518
38524
38525
38528
38530
38534
38552
38556
38563
38576
38578
38589
38631
38634
38645
38648
38655
38660
38666
38670
38674
38678
38684
38691
38695
38696
38700
38701
38708
38720
38754
38759
38763
38765
38771
38774
38779
38780
38799
38806
38808
38814
38817
38818
38820
38835
38836
38838
38866
38878
38887
38891
38899
38904
38923
38935
38946
38949
38950
38952
38976
38978
38982
38985
38996
38997
38999
39001
39003
39013
39015
39019
39025
39029
39032
39048
39102
39107
39124
39136
39143
39145
39157
39181
39186
39187
39193
39212
39224
39228
39281
39283
39286
39292
39294
39297
39301
39306
39307
39342
39343
39356
39365
39373
39385
39387
39393
39395
39400
39405
39439
39469
39498
39509
39525
39534
39538
39565
39571
39576
39582
39597
39598
39611
39613
39616
39624
39625
39659
39668
39672
39683
39692
39700
39705
39717
39719
39721
39726
39729
39741
39753
39756
39769
39775
39778
39781
39782
39784
39805
39816
39820
39827
39837
39843
39849
39854
39858
39866
39867
39878
39880
39881
39883
39902
39911
39936
39954
39955
39958
39973
39974
39975
39976
40001
40013
40016
40030
40041
40043
40049
40086
40111
40120
40126
40131
40132
40144
40172
40176
40179
40190
40201
40207
40210
40217
40222
40242
40249
40263
40287
40288
40301
40303
40308
40341
40365
40383
40391
40392
40397
40398
40403
40404
40405
40415
40416
40422
40423
40429
40430
40438
40439
40447
40455
40461
40490
40496
40499
40505
40510
40515
40521
40531
40548
40550
40552
40557
40566
40569
40572
40575
40576
40579
40580
40585
40591
40608
40609
40613
40615
40646
40647
40668
40674
40675
40679
40682
40688
40696
40704
40705
40712
40715
40719
40721
40727
40736
40745
40747
40756
40761
40769
40774
40777
40792
40800
40812
40823
40845
40850
40853
40858
40867
40902
40904
40914
40943
40958
40959
40967
40978
40979
40992
40997
41005
41007
41015
41041
41046
41057
41061
41064
41071
41072
41073
41074
41079
41080
41088
41114
41122
41138
41140
41145
41151
41159
41168
41173
41183
41194
41215
41227
41228
41239
41246
41250
41284
41285
41286
41299
41306
41310
41328
41344
41357
41361
41371
41377
41378
41380
41383
41388
41405
41406
41413
41417
41419
41429
41437
41438
41452
41453
41470
41475
41491
41492
41502
41503
41513
41521
41527
41533
41542
41573
41579
41588
41594
41601
41646
41652
41661
41663
41665
41667
41689
41706
41707
41709
41710
41711
41730
41747
41752
41767
41810
41812
41819
41827
41837
41841
41843
41850
41872
41896
41899
41903
41914
41915
41918
41922
41933
41941
41942
41956
41960
41989
41991
41999
42002
42019
42021
42069
42074
42095
42115
42119
42122
42123
42140
42155
42162
42174
42181
42182
42184
42194
42205
42207
42212
42214
42227
42229
42231
42234
42244
42247
42250
42255
42275
42287
42288
42293
42302
42314
42315
42320
42370
42386
42396
42399
42412
42475
42490
42491
42493
42494
42504
42511
42536
42540
42556
42570
42573
42583
42609
42619
42620
42630
42631
42640
42643
42666
42691
42697
42702
42711
42722
42724
42745
42787
42788
42790
42800
42808
42809
42818
42836
42847
42849
42880
42892
42893
42902
42914
42915
42922
42923
42929
42930
42932
42935
42946
42964
42965
42973
42998
43004
43006
43008
43012
43021
43035
43045
43055
43070
43097
43098
43108
43109
43113
43119
43121
43124
43155
43168
43180
43189
43203
43204
43217
43228
43232
43233
43249
43251
43255
43272
43276
43277
43282
43290
43306
43310
43311
43315
43322
43339
43341
43355
43365
43369
43370
43372
43373
43386
43393
43395
43399
43422
43427
43434
43438
43447
43465
43466
43483
43488
43493
43512
43557
43575
43576
43592
43593
43600
43606
43610
43612
43653
43654
43657
43675
43683
43705
43710
43716
43721
43733
43743
43749
43756
43769
43783
43791
43793
43799
43810
43815
43843
43868
43885
43912
43913
43927
43942
43978
43980
43994
43996
44020
44026
44034
44036
44051
44059
44071
44100
44104
44105
44121
44123
44129
44132
44135
44137
44142
44168
44186
44187
44194
44197
44203
44221
44225
44230
44235
44257
44286
44293
44297
44305
44317
44321
44343
44386
44398
44412
44423
44431
44442
44463
44475
44484
44500
44510
44520
44527
44532
44537
44541
44542
44554
44555
44566
44574
44581
44592
44599
44609
44628
44632
44634
44636
44653
44658
44661
44685
44690
44693
44717
44724
44731
44739
44740
44744
44767
44770
44774
44780
44793
44797
44800
44820
44828
44842
44854
44861
44865
44877
44883
44902
44929
44954
44959
44961
44963
44972
44983
44984
44989
45000
45007
45026
45047
45053
45056
45061
45078
45083
45086
45089
45094
45096
45100
45103
45109
45131
45148
45160
45166
45170
45191
45193
45198
45201
45218
45224
45231
45258
45263
45270
45274
45284
45319
45339
45340
45341
45343
45365
45374
45383
45385
45389
45420
45421
45448
45459
45473
45486
45487
45488
45499
45512
45517
45523
45531
45533
45545
45547
45548
45568
45570
45572
45573
45584
45593
45597
45614
45636
45638
45651
45680
45681
45708
45713
45741
45757
45758
45761
45765
45773
45782
45803
45826
45835
45836
45841
45846
45853
45863
45887
45891
45911
45914
45953
45992
45994
46002
46012
46043
46048
46070
46074
46076
46082
46083
46086
46110
46130
46132
46140
46148
46150
46175
46213
46215
46221
46235
46255
46261
46276
46296
46303
46335
46382
46390
46396
46411
46416
46417
46429
46438
46447
46453
46462
46478
46489
46497
46506
46507
46518
46522
46531
46539
46559
46565
46573
46596
46598
46599
46611
46642
46650
46656
46670
46673
46691
46697
46716
46751
46765
46769
46775
46781
46782
46787
46790
46808
46810
46815
46839
46840
46854
46860
46865
46868
46869
46893
46928
46932
46948
46956
46972
46978
46995
47001
47005
47013
47017
47035
47039
47043
47054
47055
47063
47074
47075
47093
47110
47123
47130
47132
47144
47150
47154
47156
47157
47163
47174
47185
47229
47240
47267
47303
47308
47332
47335
47340
47347
47360
47392
47395
47398
47400
47438
47453
47458
47466
47476
47488
47535
47541
47543
47570
47576
47587
47595
47616
47631
47639
47641
47648
47677
47695
47700
47707
47712
47714
47724
47739
47745
47759
47760
47762
47776
47794
47799
47804
47821
47828
47831
47841
47843
47847
47869
47882
47901
47928
47932
47935
47944
47946
47957
47960
47972
47979
47983
47989
47995
47999
48000
48008
48036
48057
48059
48069
48086
48094
48104
48112
48120
48137
48147
48163
48170
48179
48187
48191
48192
48201
48202
48204
48225
48240
48243
48245
48247
48253
48256
48268
48273
48274
48281
48285
48288
48293
48298
48326
48344
48352
48367
48368
48387
48390
48403
48411
48413
48416
48425
48450
48474
48481
48486
48526
48534
48538
48551
48575
48576
48578
48579
48586
48591
48594
48602
48620
48651
48652
48657
48658
48664
48669
48675
48677
48691
48699
48706
48708
48726
48730
48763
48764
48770
48773
48787
48804
48808
48809
48816
48818
48847
48851
48860
48868
48871
48883
48884
48905
48926
48927
48928
48946
48955
48959
48973
48982
49006
49043
49056
49070
49089
49135
49164
49187
49191
49200
49214
49234
49238
49255
49257
49266
49274
49284
49290
49306
49313
49319
49327
49335
49340
49357
49379
49389
49392
49401
49405
49425
49473
49495
49506
49509
49518
49519
49531
49552
49559
49561
49574
49579
49608
49616
49617
49623
49628
49634
49649
49652
49663
49667
49681
49691
49694
49711
49712
49722
49732
49741
49751
49754
49756
49759
49761
49771
49794
49797
49799
49803
49805
49807
49809
49821
49823
49894
49902
49903
49906
49915
49928
49935
49950
49953
49955
49981
49982
49991
50000
50004
50005
50010
50020
50034
50035
50044
50046
50048
50062
50086
50091
50095
50112
50121
50134
50140
50152
50169
50187
50212
50216
50223
50224
50228
50231
50233
50259
50267
50290
50295
50307
50322
50324
50338
50344
50352
50361
50370
50400
50405
50406
50408
50413
50420
50427
50431
50433
50436
50437
50478
50483
50484
50493
50494
50517
50535
50565
50566
50570
50613
50623
50626
50627
50631
50637
50638
50649
50656
50659
50678
50683
50692
50695
50696
50741
50750
50751
50761
50778
50785
50787
50789
50829
50834
50842
50846
50847
50864
50880
50884
50889
50895
50897
50903
50913
50914
50918
50919
50938
50948
50957
50984
50996
51003
51005
51029
51043
51065
51067
51079
51088
51089
51096
51098
51099
51100
51105
51114
51134
51150
51162
51166
51171
51174
51206
51212
51216
51218
51227
51228
51237
51248
51250
51263
51264
51281
51291
51292
51302
51306
51333
51337
51351
51362
51368
51369
51375
51392
51407
51408
51422
51434
51450
51451
51482
51485
51487
51488
51495
51518
51532
51537
51548
51567
51569
51592
51599
51633
51644
51652
51653
51667
51671
51685
51688
51692
51699
51708
51723
51726
51734
51735
51737
51739
51752
51761
51771
51774
51791
51804
51815
51817
51819
51823
51825
51828
51839
51840
51843
51844
51845
51848
51866
51871
51886
51905
51909
51927
51929
51964
51967
51970
51978
51982
51996
52004
52006
52017
52021
52023
52024
52025
52026
52031
52035
52048
52055
52058
52062
52063
52074
52104
52117
52140
52155
52165
52178
52185
52186
52193
52198
52199
52206
52207
52222
52228
52244
52259
52276
52282
52285
52294
52311
52315
52326
52328
52334
52340
52382
52395
52404
52420
52426
52429
52441
52459
52478
52483
52491
52495
52513
52534
52535
52555
52568
52570
52585
52595
52600
52611
52622
52627
52642
52648
52656
52662
52665
52670
52682
52683
52691
52705
52715
52721
52725
52754
52765
52769
52770
52777
52783
52784
52792
52798
52813
52818
52831
52832
52838
52845
52847
52858
52859
52871
52877
52884
52891
52916
52917
52924
52930
52935
52945
52968
52970
52973
52996
52997
53013
53016
53038
53046
53065
53071
53080
53097
53104
53113
53128
53143
53159
53168
53176
53182
53183
53201
53210
53213
53232
53235
53243
53253
53268
53281
53285
53290
53306
53316
53322
53344
53352
53360
53386
53390
53405
53408
53426
53435
53439
53466
53470
53474
53475
53476
53485
53488
53494
53497
53500
53503
53512
53516
53552
53554
53557
53563
53566
53575
53581
53623
53632
53636
53650
53666
53671
53674
53678
53687
53710
53730
53734
53741
53750
53761
53763
53797
53805
53809
53811
53815
53820
53832
53849
53860
53862
53864
53865
53901
53905
53908
53911
53922
53928
53937
53939
53946
53961
53972
53975
53977
54003
54009
54014
54028
54033
54070
54071
54082
54089
54096
54107
54132
54138
54140
54150
54151
54152
54157
54160
54162
54178
54181
54190
54194
54202
54207
54230
54231
54258
54261
54269
54272
54293
54295
54308
54309
54313
54327
54328
54329
54357
54362
54368
54380
54382
54407
54411
54430
54434
54454
54488
54493
54501
54506
54509
54521
54525
54539
54540
54554
54557
54560
54568
54573
54593
54595
54596
54608
54620
54626
54652
54659
54717
54736
54761
54776
54778
54802
54811
54838
54839
54845
54847
54848
54855
54882
54905
54915
54922
54928
54929
54932
54936
54951
54957
54973
54987
54989
54990
54998
55015
55028
55046
55053
55055
55056
55061
55080
55117
55120
55135
55144
55158
55174
55177
55180
55191
55193
55199
55215
55230
55243
55247
55250
55280
55300
55311
55317
55325
55329
55351
55366
55403
55405
55424
55426
55433
55442
55460
55462
55473
55477
55485
55495
55501
55505
55508
55514
55521
55541
55543
55565
55568
55585
55609
55614
55619
55630
55642
55662
55680
55682
55710
55711
55717
55718
55720
55728
55751
55760
55764
55817
55818
55822
55834
55859
55867
55872
55888
55905
55916
55918
55924
55940
55942
55969
55977
55984
56003
56005
56008
56030
56031
56041
56046
56053
56054
56061
56073
56075
56088
56089
56112
56125
56156
56185
56191
56203
56210
56215
56225
56226
56230
56231
56235
56256
56276
56282
56298
56325
56335
56338
56340
56344
56346
56350
56368
56372
56376
56384
56385
56387
56401
56403
56413
56417
56437
56438
56459
56468
56509
56528
56559
56581
56586
56591
56612
56613
56618
56619
56622
56638
56647
56660
56685
56696
56699
56714
56716
56719
56722
56732
56735
56758
56762
56772
56779
56780
56819
56828
56829
56839
56847
56848
56854
56856
56866
56872
56888
56897
56910
56915
56922
56925
56932
56936
56937
56943
56954
56955
56975
56981
57007
57021
57032
57035
57039
57048
57055
57065
57069
57073
57088
57098
57100
57120
57127
57139
57149
57186
57205
57208
57214
57226
57235
57243
57250
57287
57292
57298
57300
57301
57313
57334
57345
57350
57354
57357
57358
57362
57393
57396
57401
57410
57423
57426
57432
57444
57448
57450
57453
57457
57462
57467
57473
57486
57496
57509
57514
57522
57530
57549
57561
57579
57626
57629
57632
57640
57641
57646
57650
57657
57677
57716
57722
57749
57787
57788
57793
57807
57826
57837
57841
57843
57852
57865
57866
57873
57879
57880
57883
57884
57899
57903
57904
57905
57916
57921
57930
57939
57952
57954
57957
57966
57973
57979
57987
58000
58020
58054
58063
58074
58103
58146
58161
58163
58179
58186
58201
58202
58216
58225
58231
58236
58245
58248
58259
58267
58293
58295
58298
58312
58314
58336
58337
58339
58357
58368
58369
58385
58411
58417
58419
58420
58424
58429
58432
58436
58443
58446
58447
58485
58488
58511
58518
58525
58531
58536
58567
58582
58590
58591
58598
58599
58614
58623
58627
58631
58643
58649
58666
58676
58682
58691
58694
58702
58703
58715
58720
58730
58746
58757
58763
58769
58770
58793
58802
58837
58848
58858
58868
58879
58914
58920
58922
58924
58939
58944
58956
58959
58965
58966
58983
59005
59048
59068
59088
59104
59119
59121
59122
59148
59151
59158
59173
59175
59180
59182
59204
59208
59210
59227
59233
59235
59236
59237
59240
59246
59252
59259
59260
59273
59288
59308
59310
59333
59343
59351
59358
59382
59397
59406
59415
59430
59434
59467
59470
59471
59473
59502
59508
59509
59512
59516
59517
59524
59529
59539
59552
59563
59570
59575
59595
59609
59615
59619
59624
59629
59646
59648
59652
59657
59664
59667
59677
59679
59686
59705
59706
59710
59727
59735
59736
59746
59747
59750
59770
59771
59780
59781
59790
59817
59872
59881
59905
59918
59921
59929
59932
59985
59993
60001
60009
60010
60020
60025
60030
60031
60034
60037
60038
60059
60072
60075
60134
60185
60191
60198
60220
60227
60236
60251
60254
60268
60273
60274
60275
60284
60289
60302
60307
60317
60320
60325
60335
60336
60348
60351
60357
60363
60364
60372
60375
60381
60399
60406
60417
60426
60428
60429
60434
60441
60473
60480
60481
60488
60492
60508
60516
60527
60538
60556
60583
60585
60588
60629
60631
60647
60655
60661
60684
60685
60687
60690
60709
60711
60713
60727
60729
60733
60755
60756
60761
60766
60772
60773
60774
60775
60781
60782
60800
60830
60843
60861
60875
60876
60878
60889
60891
60897
60901
60903
60908
60911
60913
60922
60931
60933
60957
60960
60964
60965
60969
60970
60975
60976
60981
61005
61010
61012
61020
61038
61040
61043
61055
61080
61091
61106
61108
61109
61113
61116
61122
61123
61125
61145
61156
61162
61167
61175
61177
61182
61183
61190
61191
61200
61208
61214
61215
61223
61224
61227
61240
61255
61268
61280
61289
61301
61304
61318
61322
61327
61337
61343
61346
61351
61356
61363
61369
61376
61380
61384
61389
61402
61415
61417
61425
61440
61441
61448
61460
61462
61485
61487
61495
61507
61520
61526
61535
61538
61540
61542
61546
61567
61568
61571
61576
61594
61596
61601
61607
61610
61613
61616
61618
61619
61624
61629
61636
61645
61648
61665
61666
61673
61697
61698
61707
61710
61719
61730
61732
61733
61734
61753
61754
61769
61770
61774
61783
61792
61793
61794
61797
61803
61827
61852
61870
61877
61895
61918
61950
61962
61964
61972
61977
61988
62001
62002
62019
62027
62048
62057
62064
62066
62080
62089
62091
62094
62129
62130
62132
62138
62145
62155
62157
62161
62165
62193
62222
62224
62230
62248
62255
62260
62270
62291
62292
62309
62316
62321
62333
62339
62349
62352
62357
62360
62367
62373
62374
62378
62379
62397
62400
62403
62404
62411
62439
62450
62451
62459
62465
62466
62471
62487
62504
62510
62520
62522
62536
62557
62569
62575
62579
62585
62586
62595
62601
62607
62615
62619
62623
62628
62635
62636
62642
62650
62653
62657
62669
62676
62686
62692
62711
62717
62720
62721
62725
62728
62734
62735
62753
62758
62768
62777
62784
62803
62811
62820
62824
62832
62839
62846
62850
62861
62865
62871
62890
62911
62924
62931
62933
62947
62951
62953
62965
62967
62970
62975
62978
62981
62982
62993
63005
63006
63016
63018
63023
63027
63028
63050
63054
63065
63077
63092
63107
63114
63116
63119
63121
63132
63135
63136
63173
63175
63189
63194
63206
63208
63219
63221
63226
63234
63241
63262
63269
63287
63289
63304
63305
63321
63327
63343
63356
63380
63401
63406
63416
63419
63420
63432
63434
63436
63438
63456
63457
63463
63473
63475
63476
63497
63498
63499
63503
63523
63528
63532
63548
63560
63569
63590
63592
63595
63602
63613
63621
63634
63642
63657
63674
63676
63690
63704
63718
63720
63724
63730
63745
63748
63755
63769
63774
63787
63793
63800
63802
63804
63809
63811
63812
63820
63832
63838
63839
63844
63874
63877
63878
63880
63884
63887
63893
63926
63930
63948
63949
63951
63960
63963
63964
63974
63988
63992
63996
64010
64011
64022
64036
64037
64038
64044
64046
64051
64055
64063
64067
64088
64094
64096
64101
64103
64109
64111
64114
64126
64140
64142
64150
64158
64168
64169
64181
64186
64201
64216
64217
64219
64223
64229
64233
64234
64235
64236
64240
64250
64251
64257
64265
64274
64283
64289
64292
64312
64317
64321
64326
64332
64345
64346
64374
64387
64395
64408
64411
64419
64426
64430
64440
64457
64459
64464
64473
64496
64514
64568
64588
64589
64597
64601
64604
64606
64630
64634
64652
64653
64667
64670
64678
64702
64733
64735
64744
64746
64753
64761
64769
64775
64826
64831
64834
64848
64866
64871
64878
64896
64914
64959
64990
64996
65001
65005
65017
65025
65029
65038
65048
65067
65104
65114
65123
65135
65140
65203
65225
65245
65286
65303
65308
65315
65323
65344
65361
65368
65379
65393
65415
65427
65430
65451
65453
65467
65481
65483
65489
65496
65540
65548
65550
65552
65568
65581
65619
65626
65630
65631
65656
65671
65675
65711
65713
65723
65726
65729
65730
65752
65759
65775
65786
65809
65826
65827
65840
65855
65893
65894
65902
65906
65918
65932
65941
65943
65971
65985
66000
66030
66049
66101
66112
66118
66146
66153
66154
66170
66172
66177
66179
66194
66229
66247
66250
66262
66274
66288
66294
66304
66315
66335
66338
66350
66352
66358
66363
66373
66386
66399
66404
66426
66427
66436
66448
66458
66459
66466
66469
66484
66485
66501
66512
66514
66531
66536
66543
66563
66570
66585
66591
66605
66609
66617
66622
66638
66647
66648
66651
66661
66671
66685
66701
66704
66716
66748
66786
66796
66798
66806
66811
66813
66860
66899
66904
66909
66941
66963
66971
66976
66991
66999
67012
67013
67031
67036
67044
67076
67082
67083
67086
67092
67108
67109
67116
67117
67134
67142
67150
67156
67159
67162
67163
67173
67179
67180
67199
67200
67202
67249
67296
67298
67314
67331
67363
67374
67385
67409
67411
67415
67439
67467
67470
67478
67484
67583
67586
67615
67631
67646
67685
67687
67689
67693
67696
67705
67717
67723
67727
67742
67752
67775
67782
67793
67824
67832
67863
67865
67871
67879
67884
67885
67897
67904
67920
67972
67980
67985
67986
67997
68005
68012
68035
68059
68092
68131
68154
68174
68176
68200
68206
68212
68216
68229
68239
68249
68254
68271
68283
68286
68300
68314
68326
68330
68333
68356
68359
68375
68397
68414
68416
68437
68446
68482
68500
68511
68523
68535
68539
68549
68558
68580
68582
68601
68605
68606
68614
68617
68647
68653
68662
68672
68683
68686
68690
68694
68706
68721
68734
68737
68740
68741
68768
68777
68785
68787
68806
68811
68814
68826
68827
68868
68888
68896
68909
68913
68924
68932
68960
68967
68974
68981
68982
69014
69018
69020
69030
69035
69039
69054
69056
69058
69072
69076
69107
69132
69135
69141
69153
69168
69183
69186
69194
69215
69230
69261
69268
69274
69294
69304
69326
69327
69359
69362
69363
69365
69379
69386
69389
69411
69412
69419
69458
69460
69477
69499
69502
69509
69522
69527
69533
69540
69544
69553
69554
69561
69572
69586
69601
69609
69615
69618
69622
69629
69639
69643
69695
69712
69728
69730
69751
69768
69775
69784
69838
69847
69880
69890
69909
69912
69915
69923
69927
69944
69956
69962
69974
69982
69983
70023
70026
70027
70033
70039
70047
70056
70060
70084
70086
70093
70116
70124
70136
70152
70164
70206
70210
70223
70232
70233
70244
70254
70255
70265
70285
70302
70312
70317
70320
70343
70353
70362
70366
70376
70396
70397
70398
70401
70412
70440
70445
70454
70464
70494
70497
70504
70534
70544
70572
70592
70599
70607
70623
70629
70670
70671
70689
70711
70723
70736
70754
70779
70792
70796
70809
70823
70826
70835
70837
70840
70849
70851
70856
70900
70923
70925
70926
70956
70976
70984
70998
71007
71012
71039
71051
71054
71061
71094
71115
71127
71132
71199
71202
71216
71222
71228
71244
71255
71296
71302
71315
71327
71344
71357
71375
71391
71393
71403
71407
71414
71468
71477
71483
71510
71514
71525
71535
71544
71574
71587
71616
71623
71643
71649
71656
71661
71662
71672
71688
71714
71722
71750
71826
71831
71854
71861
71863
71875
71877
71878
71885
71890
71914
71915
71930
71953
71957
71972
71981
71983
71992
72035
72079
72100
72105
72110
72118
72125
72144
72149
72150
72159
72167
72200
72204
72215
72247
72257
72268
72277
72293
72294
72327
72338
72367
72374
72377
72390
72411
72416
72439
72449
72469
72470
72472
72478
72480
72483
72492
72506
72508
72520
72540
72555
72570
72583
72592
72598
72601
72608
72626
72648
72666
72687
72692
72695
72713
72716
72743
72744
72771
72772
72774
72777
72778
72783
72810
72825
72826
72827
72846
72850
72868
72882
72893
72903
72905
72915
72932
72959
72991
72997
73009
73014
73018
73027
73039
73042
73052
73089
73105
73112
73113
73121
73159
73200
73216
73224
73242
73252
73256
73257
73273
73277
73293
73302
73315
73358
73368
73372
73375
73394
73398
73409
73418
73429
73440
73442
73451
73471
73475
73493
73509
73524
73534
73538
73545
73565
73574
73591
73602
73631
73642
73645
73655
73663
73664
73675
73677
73704
73730
73741
73742
73749
73755
73778
73797
73813
73822
73824
73831
73849
73859
73866
73867
73884
73933
73938
73955
73960
73965
73969
74001
74007
74008
74049
74066
74070
74085
74095
74108
74112
74123
74134
74139
74154
74183
74189
74192
74205
74208
74211
74240
74241
74243
74258
74263
74281
74282
74283
74297
74298
74335
74336
74349
74369
74403
74414
74427
74435
74445
74448
74451
74460
74462
74465
74472
74487
74506
74508
74523
74538
74561
74562
74570
74602
74608
74613
74641
74643
74648
74655
74662
74676
74685
74699
74737
74747
74757
74768
74769
74783
74797
74803
74810
74817
74822
74837
74842
74846
74847
74874
74876
74892
74910
74920
74955
74964
74998
75002
75010
75025
75039
75042
75053
75072
75136
75181
75185
75191
75194
75196
75199
75207
75210
75211
75215
75217
75238
75244
75274
75276
75282
75284
75291
75294
75299
75304
75317
75321
75331
75344
75361
75363
75369
75374
75409
75421
75422
75434
75451
75457
75502
75516
75523
75539
75543
75553
75576
75583
75599
75604
75605
75607
75614
75616
75626
75666
75684
75709
75717
75776
75786
75798
75804
75806
75810
75817
75828
75842
75887
75914
75929
75938
75943
75950
75959
75970
75978
75990
75996
76002
76009
76011
76020
76021
76024
76035
76049
76063
76066
76067
76078
76082
76085
76088
76090
76095
76096
76105
76109
76119
76183
76216
76224
76230
76236
76244
76246
76254
76255
76258
76261
76277
76312
76319
76321
76333
76354
76362
76380
76382
76420
76436
76444
76449
76459
76477
76483
76511
76512
76513
76519
76547
76604
76656
76663
76697
76699
76713
76719
76743
76747
76752
76758
76763
76766
76770
76778
76783
76805
76819
76839
76844
76849
76857
76861
76866
76884
76889
76905
76919
76936
76955
76962
76978
77002
77006
77037
77042
77050
77054
77078
77121
77124
77131
77145
77151
77173
77174
77195
77202
77220
77241
77243
77250
77253
77260
77268
77273
77301
77302
77337
77386
77397
77403
77411
77429
77438
77440
77446
77452
77458
77462
77494
77508
77512
77533
77538
77539
77541
77545
77595
77622
77627
77639
77642
77643
77691
77695
77697
77710
77724
77740
77757
77759
77769
77794
77796
77799
77834
77837
77839
77842
77862
77915
77929
77971
77999
78005
78039
78051
78068
78070
78110
78126
78135
78161
78164
78170
78176
78178
78183
78194
78198
78206
78208
78209
78214
78238
78244
78263
78295
78302
78328
78359
78374
78377
78378
78384
78393
78396
78427
78435
78436
78445
78471
78500
78550
78560
78562
78570
78574
78622
78626
78650
78654
78664
78670
78710
78716
78725
78735
78748
78760
78791
78800
78818
78875
78885
78894
78907
78927
78952
78995
79001
79005
79010
79014
79025
79038
79072
79093
79104
79111
79143
79156
79181
79184
79189
79191
79193
79234
79284
79299
79305
79351
79353
79366
79398
79412
79432
79451
79467
79508
79558
79575
79578
79593
79596
79601
79603
79615
79646
79662
79664
79669
79673
79686
79707
79717
79726
79759
79762
79767
79776
79811
79813
79819
79832
79856
79870
79874
79882
79897
79902
79922
79935
79957
79974
79979
79996
80016
80018
80061
80066
80087
80093
80138
80161
80166
80179
80181
80188
80189
80207
80244
80258
80300
80312
80335
80340
80357
80402
80437
80450
80452
80456
80466
80475
80477
80478
80495
80502
80523
80527
80533
80540
80582
80643
80666
80690
80715
80741
80788
80817
80821
80868
80879
80933
80948
80979
81010
81074
81100
81112
81115
81120
81145
81156
81157
81162
81181
81193
81253
81257
81262
81265
81270
81317
81360
81371
81376
81384
81407
81446
81451
81458
81466
81482
81486
81503
81523
81536
81537
81653
81657
81673
81697
81704
81709
81718
81730
81759
81762
81766
81792
81799
81936
82046
82056
82067
82068
82086
82089
82120
82170
82206
82242
82255
82295
82302
82304
82385
82390
82398
82410
82426
82464
82475
82497
82508
82529
82567
82580
82658
82679
82688
82695
82722
82723
82757
82858
82860
82887
82896
82912
82922
82927
82936
82955
83016
83050
83059
83062
83078
83087
83102
83139
83191
83207
83209
83257
83267
83365
83407
83413
83443
83462
83475
83525
83531
83543
83618
83623
83665
83686
83698
83707
83709
83713
83750
83752
83765
83791
83836
83871
83880
83888
83890
83909
83960
84031
84076
84110
84125
84134
84224
84243
84252
84293
84294
84314
84355
84393
84455
84532
84588
84636
84643
84727
84744
84788
84822
84829
84832
84844
84854
84925
84942
84950
84961
84981
85058
85077
85086
85109
85165
85166
85217
85220
85312
85339
85404
85444
85447
85484
85543
85545
85561
85584
85637
85713
85745
85774
86005
86031
86108
86141
86187
86200
86209
86249
86253
86276
86299
86316
0
