0
34
36
76
121
231
248
262
327
362
514
605
637
725
788
898
946
999
1023
1044
1094
1121
1250
1282
1297
1300
1316
1405
1411
1533
1543
1563
1566
1599
1637
1680
1699
1701
1854
1894
1924
1942
1997
1999
2008
2011
2045
2047
2058
2100
2126
2191
2201
2202
2222
2270
2272
2337
2346
2348
2388
2400
2459
2471
2472
2486
2490
2493
2521
2534
2625
2646
2651
2658
2678
2743
2818
2848
2872
2878
2890
2895
2927
2949
2956
2982
2986
3056
3072
3073
3114
3164
3235
3243
3255
3303
3312
3313
3323
3332
3356
3370
3391
3430
3462
3463
3585
3599
3604
3647
3656
3731
3746
3748
3771
3783
3796
3797
3835
3851
3911
3927
3982
4030
4054
4095
4164
4293
4316
4340
4346
4372
4380
4386
4397
4431
4434
4476
4506
4512
4531
4602
4680
4739
4744
4750
4830
4843
4848
4860
4880
4917
4999
5035
5045
5073
5121
5152
5165
5175
5178
5192
5235
5236
5237
5241
5262
5269
5341
5342
5362
5363
5380
5386
5387
5420
5464
5468
5469
5482
5491
5501
5504
5528
5624
5631
5641
5738
5788
5814
5845
5876
5890
5898
5965
5980
5989
5998
6004
6026
6031
6080
6109
6115
6119
6156
6202
6218
6224
6228
6242
6255
6274
6312
6320
6333
6355
6479
6521
6536
6543
6545
6555
6560
6567
6602
6604
6617
6653
6665
6672
6718
6729
6731
6762
6860
6922
6951
6999
7007
7097
7125
7136
7144
7150
7177
7188
7260
7272
7291
7334
7349
7354
7401
7406
7411
7440
7449
7452
7458
7481
7482
7488
7517
7519
7535
7566
7571
7581
7592
7594
7624
7648
7667
7727
7756
7788
7796
7799
7808
7812
7841
7870
7917
7941
7961
7974
7977
8002
8043
8050
8059
8082
8126
8145
8148
8204
8219
8246
8250
8264
8288
8292
8308
8345
8367
8374
8395
8409
8430
8435
8499
8526
8564
8588
8609
8616
8627
8653
8671
8718
8734
8770
8776
8782
8798
8805
8881
8884
8886
8952
8959
9000
9010
9018
9020
9021
9029
9046
9086
9094
9136
9156
9166
9173
9180
9190
9199
9238
9241
9259
9261
9273
9342
9368
9383
9401
9403
9409
9428
9429
9439
9440
9455
9463
9465
9471
9473
9482
9508
9534
9551
9576
9587
9613
9652
9658
9681
9691
9700
9730
9743
9763
9784
9793
9797
9809
9866
9893
9942
9944
9961
9983
10023
10028
10052
10115
10130
10151
10167
10187
10216
10239
10249
10281
10329
10343
10359
10364
10377
10379
10424
10430
10437
10447
10452
10463
10498
10523
10524
10529
10538
10548
10549
10581
10602
10608
10609
10612
10638
10645
10654
10656
10695
10728
10748
10750
10764
10766
10768
10775
10780
10812
10819
10847
10850
10874
10914
10929
10962
10980
10995
11006
11040
11051
11061
11087
11094
11123
11133
11138
11143
11154
11166
11174
11204
11205
11222
11225
11237
11240
11245
11253
11262
11285
11314
11322
11347
11350
11363
11373
11393
11427
11434
11452
11486
11498
11552
11583
11597
11625
11630
11645
11664
11685
11707
11725
11733
11735
11737
11742
11745
11746
11755
11761
11781
11782
11792
11803
11831
11840
11892
11924
11938
11982
11990
12009
12017
12083
12098
12128
12140
12143
12204
12205
12230
12238
12261
12265
12273
12298
12300
12306
12311
12315
12320
12328
12365
12369
12384
12389
12414
12420
12439
12469
12473
12508
12524
12538
12553
12573
12610
12626
12639
12683
12745
12776
12797
12801
12812
12851
12868
12874
12896
12910
12928
12944
12963
13020
13034
13045
13048
13091
13112
13117
13120
13127
13131
13143
13151
13172
13176
13178
13190
13199
13269
13273
13303
13306
13308
13372
13380
13392
13439
13452
13459
13464
13497
13529
13536
13549
13554
13570
13604
13608
13620
13634
13635
13640
13652
13681
13682
13686
13690
13693
13697
13720
13734
13758
13806
13823
13826
13838
13851
13891
13903
13904
13914
13921
13956
13958
13966
13974
13975
13987
13999
14003
14019
14031
14036
14057
14070
14078
14088
14112
14120
14140
14146
14200
14228
14231
14241
14244
14247
14249
14278
14308
14346
14353
14356
14380
14384
14390
14393
14395
14400
14403
14415
14429
14455
14458
14467
14470
14480
14491
14504
14511
14532
14533
14538
14541
14545
14585
14609
14632
14651
14668
14676
14681
14737
14739
14753
14757
14779
14796
14804
14822
14826
14840
14852
14884
14890
14932
14933
14949
14958
15000
15007
15009
15016
15024
15076
15130
15153
15165
15168
15187
15197
15203
15206
15213
15214
15224
15242
15251
15256
15259
15275
15278
15293
15302
15307
15336
15344
15356
15357
15392
15396
15397
15400
15423
15446
15447
15457
15461
15462
15474
15497
15523
15541
15545
15558
15576
15586
15591
15624
15629
15646
15675
15678
15681
15717
15721
15746
15767
15787
15835
15853
15859
15860
15869
15902
15908
15922
15931
15966
15968
15987
16000
16010
16030
16041
16056
16059
16080
16097
16098
16100
16104
16115
16116
16130
16131
16134
16176
16179
16180
16199
16200
16224
16236
16245
16250
16265
16268
16282
16283
16297
16317
16324
16343
16366
16372
16383
16385
16389
16422
16436
16441
16473
16482
16492
16509
16511
16518
16529
16570
16595
16606
16610
16616
16629
16632
16645
16663
16665
16713
16720
16724
16727
16733
16735
16765
16781
16783
16804
16827
16836
16845
16873
16889
16913
16925
16930
16934
16935
16940
16942
16990
16998
17014
17019
17050
17064
17078
17093
17125
17127
17166
17171
17209
17231
17284
17292
17299
17321
17331
17342
17362
17384
17387
17404
17421
17463
17471
17472
17475
17480
17490
17496
17502
17523
17529
17548
17555
17593
17632
17637
17638
17669
17690
17702
17710
17718
17723
17737
17742
17798
17812
17816
17842
17861
17867
17882
17926
17935
17948
17955
17966
17976
17991
18008
18027
18035
18047
18057
18061
18062
18071
18073
18100
18126
18154
18165
18169
18191
18199
18223
18264
18278
18285
18289
18290
18293
18312
18314
18338
18344
18352
18360
18367
18401
18421
18440
18455
18457
18469
18473
18495
18518
18526
18530
18536
18537
18541
18553
18560
18562
18564
18602
18619
18660
18693
18709
18721
18727
18741
18753
18761
18774
18780
18785
18786
18809
18812
18838
18839
18842
18853
18857
18938
19016
19024
19026
19035
19040
19042
19044
19047
19055
19066
19084
19087
19088
19095
19120
19133
19139
19144
19151
19178
19202
19218
19227
19235
19238
19269
19273
19285
19343
19392
19396
19400
19425
19428
19437
19439
19444
19464
19479
19492
19497
19504
19510
19536
19548
19556
19560
19561
19581
19602
19605
19608
19622
19656
19678
19695
19701
19715
19725
19740
19753
19759
19766
19768
19797
19806
19827
19846
19847
19870
19873
19876
19893
19899
19922
19925
19934
19945
19947
19958
19962
19977
19993
19994
20000
20037
20044
20051
20057
20059
20116
20131
20168
20196
20206
20214
20227
20232
20234
20246
20248
20254
20267
20279
20280
20287
20298
20310
20324
20330
20336
20344
20355
20372
20404
20406
20423
20429
20460
20464
20470
20486
20492
20495
20497
20510
20513
20539
20555
20557
20567
20571
20589
20610
20613
20619
20638
20650
20655
20661
20680
20683
20684
20704
20727
20742
20753
20775
20783
20796
20834
20835
20839
20854
20862
20874
20896
20905
20916
20936
20951
20988
21002
21005
21016
21027
21034
21079
21108
21115
21117
21121
21122
21123
21124
21127
21149
21159
21167
21189
21216
21231
21234
21240
21242
21256
21269
21292
21307
21322
21323
21333
21338
21343
21394
21406
21437
21439
21445
21451
21458
21479
21485
21508
21515
21525
21528
21529
21537
21549
21552
21562
21571
21578
21606
21608
21617
21629
21631
21655
21707
21711
21714
21728
21733
21782
21798
21822
21831
21855
21887
21903
21919
21935
21939
21976
21985
21996
21998
22013
22032
22035
22043
22049
22059
22061
22063
22066
22068
22072
22090
22102
22105
22160
22167
22168
22186
22191
22198
22207
22215
22226
22268
22269
22280
22288
22303
22305
22314
22332
22339
22354
22356
22364
22368
22380
22381
22403
22405
22423
22433
22435
22463
22477
22479
22493
22494
22501
22516
22534
22550
22558
22562
22591
22594
22597
22635
22653
22660
22674
22690
22724
22725
22726
22744
22761
22775
22787
22806
22822
22845
22884
22885
22897
22902
22904
22905
22907
22921
22939
22940
22955
22956
22965
22968
22976
22985
23009
23027
23039
23057
23072
23076
23101
23102
23107
23108
23112
23143
23162
23171
23178
23184
23202
23203
23209
23210
23216
23219
23256
23264
23300
23307
23309
23310
23313
23319
23320
23322
23372
23384
23392
23402
23419
23426
23436
23441
23458
23469
23472
23475
23477
23493
23499
23524
23533
23547
23567
23568
23583
23584
23591
23597
23599
23616
23619
23628
23638
23648
23657
23660
23667
23675
23681
23685
23705
23728
23732
23741
23753
23776
23789
23795
23798
23800
23810
23821
23826
23827
23851
23858
23866
23880
23898
23909
23912
23916
23920
23935
23948
23950
23980
23989
23992
23997
24023
24031
24033
24037
24041
24043
24049
24050
24071
24074
24080
24082
24118
24131
24142
24148
24167
24174
24185
24199
24210
24213
24215
24222
24224
24232
24242
24244
24255
24293
24305
24318
24331
24334
24340
24342
24347
24348
24350
24365
24399
24404
24409
24415
24431
24447
24448
24449
24451
24460
24466
24476
24488
24500
24526
24528
24536
24549
24550
24552
24553
24557
24571
24579
24587
24590
24601
24637
24646
24653
24676
24698
24706
24725
24731
24747
24751
24752
24754
24758
24759
24761
24764
24767
24770
24774
24785
24806
24815
24819
24822
24842
24854
24867
24879
24880
24891
24917
24922
24927
24933
24937
24938
24943
24956
24958
24963
24969
24972
24989
25009
25025
25043
25072
25085
25101
25103
25120
25137
25139
25143
25146
25151
25155
25156
25181
25184
25192
25199
25204
25234
25249
25258
25268
25269
25277
25292
25297
25319
25329
25331
25349
25358
25366
25391
25393
25412
25421
25425
25436
25461
25488
25490
25509
25518
25521
25524
25531
25538
25541
25545
25557
25565
25566
25578
25611
25630
25631
25650
25653
25656
25667
25687
25689
25692
25708
25710
25722
25728
25739
25746
25755
25760
25771
25788
25804
25807
25813
25816
25823
25838
25842
25843
25844
25869
25874
25897
25905
25930
25949
25953
25978
25984
25992
25998
26000
26013
26015
26020
26023
26029
26034
26049
26057
26058
26067
26070
26115
26116
26124
26134
26135
26136
26140
26145
26163
26185
26201
26207
26208
26239
26253
26255
26264
26277
26290
26291
26294
26309
26311
26331
26358
26367
26378
26387
26388
26407
26417
26423
26445
26451
26452
26454
26456
26457
26461
26463
26470
26475
26487
26489
26500
26502
26508
26527
26529
26546
26561
26572
26576
26589
26596
26605
26611
26636
26654
26664
26669
26702
26713
26714
26715
26721
26723
26724
26729
26738
26752
26761
26762
26765
26769
26776
26786
26799
26802
26825
26830
26839
26841
26846
26861
26871
26872
26879
26894
26901
26911
26912
26926
26931
26942
26946
26947
26956
26957
26960
27002
27009
27011
27014
27019
27020
27023
27033
27037
27048
27050
27070
27080
27110
27119
27121
27125
27130
27136
27156
27174
27176
27182
27193
27206
27213
27225
27226
27243
27262
27272
27278
27287
27289
27300
27316
27331
27340
27344
27358
27359
27362
27363
27373
27381
27413
27417
27430
27443
27444
27445
27481
27482
27494
27496
27500
27504
27507
27508
27512
27514
27522
27528
27532
27544
27548
27549
27554
27559
27560
27566
27568
27584
27585
27588
27591
27594
27619
27632
27636
27646
27654
27662
27664
27665
27680
27682
27693
27697
27705
27745
27754
27765
27790
27793
27802
27807
27816
27821
27826
27841
27861
27863
27876
27886
27891
27897
27898
27908
27910
27915
27917
27943
27950
27978
27979
27983
27986
27992
27996
28006
28016
28032
28048
28068
28074
28077
28084
28085
28086
28087
28105
28109
28110
28114
28116
28119
28122
28124
28127
28130
28149
28157
28163
28177
28186
28191
28208
28213
28221
28227
28238
28241
28243
28251
28270
28277
28286
28308
28330
28354
28362
28363
28366
28372
28374
28381
28385
28392
28416
28420
28442
28443
28446
28451
28452
28457
28460
28466
28473
28480
28481
28483
28488
28493
28495
28505
28520
28524
28534
28543
28546
28549
28555
28559
28575
28584
28587
28588
28589
28596
28599
28600
28609
28613
28616
28617
28627
28635
28638
28641
28646
28656
28660
28675
28678
28680
28696
28707
28708
28752
28756
28758
28759
28762
28763
28778
28791
28798
28801
28805
28808
28811
28823
28826
28850
28862
28863
28870
28886
28891
28898
28901
28913
28928
28944
28949
28952
28970
28972
28976
29001
29007
29015
29031
29039
29044
29049
29060
29066
29070
29076
29080
29083
29088
29103
29105
29111
29129
29158
29197
29200
29201
29226
29258
29264
29265
29266
29273
29315
29337
29351
29360
29364
29371
29379
29383
29391
29399
29403
29411
29425
29433
29436
29437
29440
29450
29451
29453
29502
29505
29512
29514
29515
29517
29518
29526
29531
29532
29543
29567
29571
29593
29606
29614
29630
29634
29636
29659
29668
29686
29706
29717
29718
29726
29741
29743
29760
29765
29774
29781
29790
29807
29808
29818
29840
29856
29870
29875
29887
29894
29936
29942
29960
29970
29978
29983
29988
29999
30000
30043
30048
30052
30057
30078
30083
30085
30090
30093
30094
30105
30109
30116
30119
30124
30129
30159
30168
30189
30198
30203
30206
30207
30213
30223
30224
30237
30244
30245
30248
30252
30257
30262
30266
30267
30270
30295
30310
30318
30319
30320
30329
30337
30349
30358
30366
30367
30371
30375
30380
30381
30382
30388
30393
30398
30406
30413
30420
30422
30426
30427
30431
30437
30445
30459
30461
30465
30467
30474
30475
30486
30497
30506
30515
30522
30523
30524
30528
30531
30543
30563
30567
30570
30574
30576
30595
30604
30607
30616
30621
30624
30626
30628
30634
30638
30644
30655
30658
30659
30671
30677
30678
30683
30685
30706
30718
30723
30731
30735
30747
30749
30762
30766
30774
30804
30806
30807
30809
30815
30823
30832
30839
30848
30858
30879
30895
30898
30909
30912
30913
30924
30925
30929
30938
30944
30974
30997
30998
31001
31010
31011
31021
31025
31029
31035
31036
31041
31053
31056
31068
31069
31072
31081
31085
31090
31091
31097
31100
31104
31118
31134
31139
31146
31153
31160
31161
31171
31175
31176
31183
31202
31215
31218
31220
31227
31230
31232
31233
31238
31249
31251
31257
31259
31261
31265
31278
31286
31293
31302
31308
31311
31320
31325
31327
31330
31331
31332
31334
31338
31342
31345
31352
31362
31368
31377
31378
31386
31388
31398
31401
31405
31409
31412
31415
31424
31425
31427
31430
31438
31460
31462
31466
31476
31487
31490
31498
31506
31507
31511
31513
31514
31523
31536
31538
31539
31541
31542
31547
31565
31578
31581
31594
31599
31618
31620
31629
31635
31654
31659
31683
31695
31706
31709
31715
31716
31718
31720
31733
31737
31738
31744
31752
31753
31772
31775
31778
31779
31789
31795
31828
31849
31856
31867
31873
31877
31879
31882
31888
31891
31895
31897
31906
31917
31934
31937
31944
31955
31958
31968
31969
31980
31981
31986
31990
31994
32001
32008
32024
32033
32045
32050
32051
32058
32073
32075
32079
32094
32098
32112
32116
32117
32134
32136
32144
32146
32148
32160
32166
32194
32209
32212
32222
32223
32224
32225
32229
32237
32244
32246
32251
32262
32266
32269
32273
32280
32281
32282
32286
32289
32296
32299
32303
32307
32310
32315
32331
32339
32342
32344
32349
32355
32356
32357
32359
32361
32370
32372
32378
32383
32391
32392
32394
32403
32408
32411
32412
32413
32416
32425
32426
32428
32430
32431
32449
32454
32460
32477
32478
32495
32503
32504
32522
32529
32539
32542
32543
32545
32547
32548
32553
32556
32562
32586
32587
32593
32596
32607
32609
32615
32620
32625
32626
32654
32662
32664
32665
32668
32674
32681
32694
32696
32720
32726
32732
32740
32766
32770
32771
32781
32782
32791
32794
32795
32802
32806
32809
32816
32825
32829
32832
32833
32838
32855
32857
32858
32859
32863
32869
32871
32874
32879
32884
32885
32889
32902
32912
32916
32919
32930
32937
32944
32956
32976
32985
32994
33002
33003
33017
33037
33045
33049
33052
33064
33066
33072
33078
33098
33108
33118
33126
33128
33142
33145
33147
33168
33173
33195
33198
33213
33216
33221
33223
33241
33243
33247
33248
33266
33269
33277
33281
33286
33289
33290
33296
33297
33305
33322
33325
33329
33340
33347
33349
33356
33384
33389
33390
33391
33397
33405
33407
33421
33423
33429
33432
33434
33437
33446
33448
33449
33452
33459
33471
33482
33489
33493
33497
33525
33548
33554
33561
33583
33589
33592
33595
33597
33598
33599
33608
33615
33616
33622
33624
33626
33631
33633
33635
33636
33637
33644
33650
33663
33664
33669
33675
33695
33699
33700
33708
33713
33726
33735
33740
33757
33758
33764
33765
33766
33785
33795
33797
33808
33809
33810
33818
33823
33824
33825
33831
33835
33836
33846
33851
33871
33872
33873
33885
33891
33906
33912
33918
33924
33928
33935
33945
33948
33957
33960
33963
33964
33968
33969
33978
33979
33983
33993
34000
34002
34007
34013
34019
34020
34034
34042
34044
34045
34047
34069
34075
34078
34098
34116
34125
34136
34146
34151
34169
34171
34179
34183
34193
34205
34214
34216
34229
34238
34243
34244
34250
34254
34263
34268
34286
34288
34295
34302
34311
34330
34333
34334
34337
34351
34358
34366
34379
34382
34385
34390
34396
34404
34411
34419
34442
34443
34445
34452
34454
34467
34475
34478
34485
34487
34488
34491
34492
34500
34507
34515
34531
34535
34541
34543
34546
34569
34577
34580
34583
34598
34610
34615
34617
34654
34667
34671
34672
34682
34698
34702
34712
34734
34751
34768
34770
34773
34774
34778
34782
34788
34795
34799
34806
34810
34818
34819
34832
34833
34853
34867
34875
34888
34894
34901
34973
34979
34984
34987
34994
34996
34997
35007
35026
35030
35031
35036
35044
35049
35050
35054
35056
35061
35075
35076
35079
35087
35098
35099
35114
35116
35126
35127
35131
35143
35145
35158
35161
35167
35181
35188
35191
35193
35201
35203
35206
35209
35222
35226
35227
35228
35240
35241
35243
35246
35261
35275
35292
35295
35300
35306
35307
35310
35314
35321
35327
35330
35339
35341
35349
35355
35377
35390
35404
35423
35424
35432
35434
35436
35446
35455
35496
35498
35502
35511
35519
35528
35530
35548
35550
35554
35568
35570
35575
35580
35591
35607
35611
35618
35632
35634
35635
35638
35642
35676
35681
35692
35697
35701
35711
35712
35714
35724
35731
35751
35752
35761
35763
35765
35767
35768
35775
35777
35785
35796
35804
35821
35831
35832
35847
35850
35855
35863
35864
35865
35869
35871
35880
35881
35882
35884
35911
35913
35935
35936
35941
35949
35952
35955
35958
35974
35976
35993
35994
35998
35999
36004
36033
36035
36040
36051
36056
36065
36067
36068
36076
36077
36079
36090
36130
36144
36151
36152
36166
36169
36173
36176
36185
36186
36187
36194
36199
36204
36206
36207
36212
36213
36215
36219
36221
36227
36230
36239
36247
36249
36258
36264
36270
36292
36295
36302
36311
36317
36337
36339
36350
36351
36382
36403
36411
36422
36424
36428
36429
36441
36449
36452
36462
36477
36481
36488
36491
36511
36514
36529
36535
36536
36537
36546
36547
36549
36567
36581
36585
36589
36598
36601
36603
36605
36607
36619
36621
36632
36633
36646
36649
36651
36656
36665
36667
36671
36676
36696
36714
36721
36722
36727
36739
36740
36748
36756
36769
36773
36778
36781
36786
36807
36817
36826
36828
36833
36838
36843
36848
36850
36874
36881
36884
36888
36890
36897
36899
36917
36919
36923
36924
36944
36950
36961
36977
36984
37011
37015
37023
37026
37037
37044
37059
37064
37069
37072
37075
37080
37122
37124
37130
37136
37141
37142
37161
37162
37167
37191
37194
37198
37207
37224
37228
37233
37262
37265
37267
37276
37278
37282
37300
37303
37310
37318
37319
37321
37322
37324
37325
37330
37336
37337
37347
37373
37387
37388
37389
37391
37395
37406
37418
37422
37424
37432
37462
37463
37484
37504
37520
37521
37533
37534
37540
37551
37569
37573
37574
37590
37597
37598
37603
37605
37631
37637
37649
37659
37678
37691
37707
37713
37715
37727
37731
37733
37742
37745
37749
37752
37756
37760
37767
37770
37773
37784
37786
37787
37791
37797
37806
37828
37829
37841
37852
37856
37877
37880
37885
37886
37895
37923
37934
37940
37958
37974
37978
37980
37997
38010
38012
38015
38022
38026
38033
38037
38054
38056
38060
38067
38082
38085
38098
38105
38110
38131
38132
38141
38153
38157
38167
38171
38176
38179
38183
38193
38197
38201
38211
38217
38231
38234
38251
38252
38261
38270
38280
38300
38303
38312
38315
38325
38330
38339
38340
38342
38345
38348
38350
38351
38355
38361
38362
38368
38383
38391
38395
38410
38424
38434
38440
38444
38460
38480
38481
38489
38498
38501
38518
38521
38525
38529
38530
38532
38537
38550
38569
38570
38581
38601
38616
38623
38637
38639
38643
38645
38647
38651
38664
38667
38670
38675
38685
38699
38700
38701
38711
38712
38717
38718
38734
38745
38746
38753
38755
38770
38778
38788
38795
38796
38804
38805
38814
38824
38840
38844
38845
38850
38856
38865
38873
38888
38889
38903
38909
38934
38954
38962
38969
38977
38983
38995
38999
39005
39012
39024
39035
39052
39061
39063
39065
39086
39087
39088
39111
39125
39145
39157
39158
39196
39217
39221
39222
39231
39249
39250
39253
39264
39266
39270
39273
39280
39289
39292
39293
39311
39315
39318
39328
39329
39330
39335
39336
39340
39345
39358
39363
39365
39366
39367
39369
39372
39375
39378
39381
39385
39386
39399
39408
39419
39424
39437
39444
39445
39451
39454
39473
39481
39495
39538
39541
39546
39547
39554
39555
39558
39559
39567
39570
39573
39578
39593
39599
39608
39615
39631
39635
39637
39640
39645
39688
39698
39700
39702
39707
39733
39737
39750
39761
39767
39768
39772
39778
39783
39802
39809
39812
39836
39837
39854
39863
39869
39871
39874
39898
39912
39915
39916
39935
39981
40002
40008
40012
40023
40028
40037
40044
40054
40063
40088
40126
40128
40133
40148
40149
40158
40195
40203
40210
40226
40237
40241
40258
40267
40273
40277
40284
40286
40309
40313
40316
40322
40333
40335
40337
40355
40365
40377
40379
40387
40389
40392
40415
40424
40427
40430
40433
40436
40440
40444
40456
40462
40466
40486
40498
40505
40507
40541
40550
40552
40559
40579
40600
40618
40619
40622
40623
40629
40644
40647
40653
40661
40664
40674
40681
40698
40707
40708
40727
40735
40750
40764
40770
40774
40779
40781
40784
40792
40802
40804
40806
40820
40825
40828
40831
40836
40845
40865
40873
40879
40889
40935
40943
40961
40963
40965
40984
40991
40993
40994
40997
41003
41010
41016
41022
41025
41027
41039
41040
41044
41045
41056
41060
41061
41073
41083
41085
41092
41095
41104
41135
41157
41161
41178
41187
41194
41201
41205
41213
41215
41253
41259
41267
41304
41320
41326
41330
41333
41347
41382
41387
41392
41393
41413
41427
41429
41446
41454
41469
41472
41485
41495
41499
41516
41535
41551
41559
41571
41579
41581
41583
41595
41606
41609
41626
41635
41642
41645
41650
41653
41663
41674
41689
41697
41711
41715
41719
41721
41733
41739
41741
41744
41764
41769
41780
41785
41790
41799
41804
41820
41831
41835
41837
41850
41886
41914
41922
41924
41932
41959
41964
41967
41968
41971
41972
41985
42007
42021
42023
42030
42032
42034
42039
42051
42070
42081
42091
42094
42096
42116
42122
42127
42133
42141
42154
42172
42179
42181
42182
42189
42192
42194
42207
42209
42247
42254
42261
42269
42271
42277
42287
42304
42326
42338
42339
42343
42369
42370
42376
42378
42382
42388
42389
42392
42399
42405
42421
42429
42432
42445
42451
42454
42456
42475
42491
42501
42518
42526
42530
42533
42535
42538
42548
42555
42556
42559
42571
42573
42582
42605
42606
42637
42642
42643
42645
42663
42669
42680
42687
42690
42716
42725
42730
42758
42784
42802
42814
42822
42824
42828
42838
42865
42867
42872
42877
42894
42905
42906
42913
42919
42924
42938
42948
42957
42964
42986
43001
43015
43022
43038
43081
43091
43101
43105
43109
43115
43119
43120
43134
43137
43139
43147
43148
43150
43151
43153
43155
43165
43166
43171
43173
43198
43199
43231
43234
43258
43261
43319
43334
43351
43353
43357
43363
43366
43374
43376
43387
43394
43405
43416
43435
43471
43501
43510
43513
43530
43568
43581
43596
43600
43607
43634
43642
43656
43657
43659
43671
43694
43700
43704
43706
43716
43717
43742
43745
43764
43765
43767
43777
43785
43790
43800
43826
43827
43834
43837
43871
43880
43897
43898
43905
43910
43943
43944
43948
43974
43990
43992
44000
44004
44009
44018
44019
44048
44051
44058
44072
44077
44078
44080
44083
44097
44124
44128
44132
44134
44151
44152
44165
44171
44172
44176
44182
44183
44189
44190
44193
44208
44234
44245
44257
44271
44277
44279
44304
44320
44345
44351
44354
44355
44357
44372
44396
44414
44421
44449
44451
44454
44463
44472
44474
44477
44492
44496
44523
44527
44535
44538
44543
44552
44553
44556
44563
44569
44573
44585
44598
44616
44633
44640
44651
44685
44696
44699
44703
44718
44726
44733
44737
44745
44763
44767
44770
44774
44793
44800
44803
44809
44810
44815
44819
44830
44836
44878
44888
44893
44903
44904
44915
44931
44963
44964
44965
44972
44979
44989
44992
45013
45020
45021
45038
45056
45058
45071
45078
45086
45103
45116
45124
45146
45154
45185
45194
45196
45206
45211
45220
45231
45232
45233
45234
45256
45257
45269
45277
45296
45318
45323
45326
45360
45364
45382
45386
45389
45398
45404
45410
45427
45431
45433
45448
45453
45460
45484
45486
45488
45501
45524
45530
45534
45538
45564
45580
45583
45597
45611
45622
45661
45666
45667
45685
45693
45700
45704
45719
45720
45721
45738
45743
45753
45764
45771
45811
45830
45837
45858
45871
45880
45881
45920
45932
45955
45966
46000
46002
46006
46009
46030
46036
46047
46057
46060
46067
46070
46080
46084
46086
46094
46095
46100
46103
46109
46115
46122
46130
46151
46159
46189
46197
46213
46227
46230
46234
46238
46249
46276
46282
46294
46309
46311
46312
46313
46320
46327
46361
46369
46377
46408
46409
46419
46461
46482
46485
46488
46496
46520
46523
46534
46536
46541
46555
46561
46571
46572
46581
46595
46603
46620
46624
46630
46631
46633
46647
46648
46670
46679
46685
46698
46700
46710
46725
46733
46740
46741
46744
46747
46761
46767
46771
46791
46795
46809
46813
46822
46827
46830
46836
46844
46848
46849
46853
46866
46885
46890
46897
46918
46919
46924
46927
46929
46938
46943
46946
46985
46990
47004
47015
47033
47042
47045
47060
47069
47090
47098
47105
47106
47111
47115
47122
47138
47142
47160
47169
47176
47192
47195
47203
47213
47214
47216
47227
47244
47265
47271
47291
47295
47321
47325
47334
47337
47338
47342
47352
47366
47372
47373
47389
47404
47408
47412
47415
47420
47444
47473
47483
47489
47497
47498
47499
47510
47513
47517
47539
47541
47552
47569
47573
47584
47595
47596
47599
47636
47647
47657
47658
47659
47661
47662
47668
47675
47676
47682
47687
47694
47704
47709
47713
47728
47745
47752
47753
47768
47770
47771
47784
47787
47789
47807
47814
47815
47818
47829
47832
47835
47840
47841
47849
47853
47858
47864
47868
47875
47877
47891
47918
47933
47941
47981
47988
47989
48002
48007
48011
48022
48035
48036
48052
48055
48061
48065
48067
48068
48082
48094
48101
48104
48117
48145
48159
48164
48204
48214
48240
48250
48252
48258
48262
48263
48294
48296
48304
48307
48324
48344
48349
48350
48366
48367
48381
48383
48385
48386
48391
48395
48421
48426
48439
48441
48448
48457
48463
48490
48518
48521
48523
48538
48539
48542
48544
48562
48571
48584
48595
48603
48608
48623
48630
48634
48635
48648
48658
48662
48678
48679
48680
48697
48699
48723
48724
48730
48741
48746
48754
48773
48774
48784
48790
48806
48808
48826
48834
48838
48839
48845
48857
48869
48870
48873
48893
48900
48910
48924
48925
48929
48930
48937
48944
48961
48967
48976
48979
48982
48988
49036
49041
49048
49052
49058
49062
49066
49080
49110
49128
49153
49163
49175
49176
49201
49216
49223
49240
49243
49244
49272
49275
49277
49292
49294
49303
49336
49337
49347
49356
49361
49365
49366
49395
49396
49400
49402
49412
49436
49438
49441
49448
49449
49454
49486
49490
49504
49544
49571
49575
49585
49591
49608
49621
49638
49651
49681
49691
49699
49701
49703
49710
49726
49734
49738
49752
49760
49765
49782
49783
49785
49790
49797
49804
49810
49827
49830
49853
49893
49905
49906
49907
49910
49920
49928
49976
49995
50000
50002
50008
50009
50016
50025
50026
50033
50064
50078
50079
50082
50083
50088
50093
50103
50112
50114
50123
50130
50143
50145
50151
50159
50165
50171
50175
50202
50235
50255
50256
50299
50314
50317
50337
50338
50349
50350
50351
50381
50398
50407
50423
50436
50453
50457
50491
50495
50517
50518
50522
50531
50536
50568
50571
50576
50577
50591
50601
50607
50611
50614
50639
50651
50657
50666
50667
50678
50714
50715
50746
50770
50801
50808
50823
50832
50847
50854
50873
50877
50889
50892
50905
50917
50929
50930
50952
50966
50970
50975
50976
50988
50991
50995
50998
51004
51018
51022
51026
51039
51053
51058
51075
51093
51098
51099
51110
51127
51136
51143
51145
51147
51162
51179
51182
51187
51197
51200
51229
51239
51248
51266
51267
51278
51285
51298
51299
51320
51325
51340
51341
51348
51353
51360
51362
51372
51387
51391
51394
51403
51449
51450
51460
51467
51483
51488
51490
51498
51521
51529
51530
51538
51540
51542
51586
51593
51599
51615
51617
51621
51633
51641
51644
51676
51681
51691
51719
51729
51733
51740
51745
51754
51760
51762
51771
51804
51814
51818
51827
51849
51852
51854
51855
51856
51864
51868
51872
51873
51879
51892
51908
51910
51912
51920
51927
51952
51955
51960
51988
51996
51998
52002
52003
52007
52012
52021
52026
52045
52079
52080
52114
52122
52160
52178
52193
52215
52227
52265
52279
52282
52287
52288
52310
52315
52318
52327
52346
52348
52378
52403
52415
52437
52453
52462
52463
52485
52495
52496
52513
52528
52541
52543
52554
52557
52567
52570
52588
52590
52592
52599
52600
52606
52618
52623
52642
52651
52652
52683
52685
52711
52744
52745
52751
52761
52777
52788
52800
52805
52825
52834
52846
52847
52865
52887
52888
52893
52904
52919
52925
52939
52941
52960
52964
52965
52988
52992
52999
53003
53023
53026
53028
53037
53044
53065
53099
53115
53126
53127
53152
53162
53190
53203
53209
53213
53230
53238
53246
53249
53253
53254
53256
53259
53267
53274
53321
53333
53342
53349
53370
53381
53389
53395
53401
53420
53430
53440
53468
53482
53499
53522
53525
53527
53552
53553
53555
53557
53561
53565
53581
53590
53602
53656
53662
53665
53671
53676
53677
53682
53690
53715
53726
53749
53762
53769
53780
53782
53791
53796
53797
53798
53804
53807
53812
53835
53845
53847
53848
53857
53886
53899
53906
53914
53931
53938
53941
53964
53980
53985
54008
54017
54020
54028
54063
54068
54075
54076
54079
54083
54084
54085
54090
54093
54095
54101
54112
54114
54155
54179
54181
54194
54196
54215
54220
54235
54246
54248
54278
54283
54292
54302
54304
54311
54315
54331
54353
54356
54363
54365
54373
54374
54387
54388
54390
54405
54410
54432
54473
54475
54488
54503
54516
54518
54523
54524
54538
54542
54549
54556
54559
54568
54574
54578
54596
54602
54617
54627
54634
54637
54657
54662
54688
54698
54706
54711
54723
54725
54742
54750
54756
54777
54818
54827
54835
54838
54839
54842
54843
54850
54874
54876
54878
54910
54912
54913
54932
54935
54953
54955
54957
54967
54992
54996
55017
55025
55036
55066
55073
55087
55095
55112
55125
55131
55133
55143
55148
55153
55162
55168
55169
55179
55201
55219
55250
55259
55262
55269
55291
55294
55313
55319
55331
55339
55360
55362
55405
55413
55425
55426
55453
55460
55461
55468
55473
55474
55483
55495
55508
55512
55523
55524
55528
55534
55600
55608
55609
55610
55612
55613
55620
55623
55624
55640
55649
55650
55662
55666
55691
55693
55708
55730
55744
55746
55784
55785
55807
55823
55834
55856
55867
55881
55896
55902
55918
55924
55928
55932
55950
55951
55959
55966
55968
55982
55989
55996
56025
56027
56034
56040
56061
56085
56097
56106
56109
56132
56151
56162
56168
56181
56186
56190
56192
56199
56235
56240
56248
56255
56256
56257
56265
56275
56279
56280
56281
56285
56294
56295
56300
56303
56312
56315
56316
56329
56337
56347
56377
56385
56393
56421
56431
56489
56498
56516
56520
56525
56529
56537
56568
56569
56578
56580
56588
56593
56598
56600
56606
56610
56649
56663
56684
56686
56697
56708
56720
56721
56732
56739
56745
56755
56772
56782
56786
56801
56806
56818
56820
56823
56832
56847
56850
56857
56862
56870
56871
56888
56893
56900
56927
56937
56942
56945
56947
56956
56968
56971
56976
56978
56981
56984
56998
57009
57024
57030
57031
57038
57041
57066
57076
57080
57088
57089
57090
57093
57099
57103
57104
57130
57147
57166
57167
57174
57188
57199
57203
57205
57231
57238
57243
57249
57257
57259
57260
57266
57298
57304
57310
57316
57319
57321
57336
57339
57341
57348
57360
57362
57377
57378
57379
57401
57403
57425
57437
57453
57454
57455
57459
57464
57473
57489
57494
57495
57509
57529
57544
57548
57554
57569
57570
57571
57578
57595
57603
57620
57625
57632
57641
57646
57664
57671
57675
57688
57694
57711
57723
57727
57728
57739
57756
57757
57760
57765
57791
57811
57853
57869
57879
57880
57886
57900
57904
57910
57911
57946
57947
57951
57955
57960
57963
57995
57997
58000
58001
58007
58012
58016
58022
58043
58057
58070
58073
58083
58104
58117
58120
58131
58137
58139
58145
58156
58165
58191
58210
58218
58220
58228
58231
58232
58233
58236
58238
58241
58246
58263
58270
58276
58289
58296
58314
58320
58326
58330
58334
58335
58340
58346
58367
58368
58374
58380
58382
58393
58397
58399
58407
58426
58427
58444
58446
58459
58465
58471
58473
58484
58486
58493
58506
58520
58524
58529
58533
58538
58548
58553
58558
58563
58564
58581
58590
58591
58592
58616
58639
58644
58649
58651
58668
58672
58678
58683
58693
58713
58722
58726
58767
58795
58802
58803
58811
58813
58830
58836
58840
58855
58857
58865
58868
58875
58877
58894
58897
58907
58909
58914
58917
58920
58924
58929
58931
58940
58944
58945
58959
58974
58993
59018
59022
59027
59034
59036
59055
59060
59069
59071
59072
59074
59079
59088
59094
59095
59096
59101
59108
59120
59131
59151
59159
59175
59176
59184
59234
59240
59244
59252
59268
59271
59277
59284
59297
59303
59307
59310
59346
59365
59373
59379
59393
59404
59423
59436
59442
59448
59485
59497
59500
59506
59516
59518
59543
59545
59548
59549
59550
59554
59564
59579
59580
59582
59621
59640
59643
59647
59664
59677
59679
59702
59713
59714
59724
59730
59740
59756
59764
59777
59782
59793
59794
59799
59805
59806
59850
59856
59858
59884
59888
59896
59899
59918
59956
59957
59976
59986
59989
60024
60035
60039
60051
60059
60064
60067
60094
60111
60116
60138
60139
60141
60142
60147
60150
60162
60164
60165
60166
60169
60170
60177
60182
60194
60205
60226
60245
60250
60253
60254
60266
60275
60276
60280
60291
60292
60294
60295
60300
60309
60314
60324
60338
60343
60362
60369
60373
60378
60385
60388
60390
60391
60411
60416
60436
60439
60442
60449
60462
60463
60466
60468
60469
60478
60484
60490
60492
60500
60510
60516
60521
60541
60545
60560
60572
60573
60577
60584
60585
60595
60601
60609
60616
60619
60627
60628
60637
60642
60645
60650
60674
60701
60716
60738
60739
60743
60746
60747
60749
60754
60771
60772
60808
60818
60819
60826
60829
60836
60842
60850
60851
60866
60885
60890
60910
60915
60917
60919
60927
60932
60933
60942
60945
60952
60962
60988
61019
61022
61023
61032
61049
61060
61064
61070
61071
61076
61082
61106
61139
61149
61153
61154
61161
61164
61166
61187
61189
61199
61201
61234
61244
61245
61248
61259
61261
61265
61277
61281
61290
61301
61308
61336
61352
61364
61387
61404
61405
61422
61431
61434
61446
61468
61474
61476
61497
61498
61500
61505
61517
61531
61538
61539
61542
61552
61576
61580
61584
61586
61601
61602
61614
61630
61634
61655
61659
61664
61665
61668
61680
61687
61688
61701
61703
61718
61721
61723
61724
61748
61773
61780
61781
61818
61826
61849
61858
61863
61865
61872
61886
61887
61895
61900
61907
61912
61923
61930
61935
61936
61941
61954
61957
61961
61977
61987
61991
61996
62003
62048
62054
62057
62064
62065
62074
62075
62080
62090
62096
62105
62112
62118
62148
62156
62162
62167
62168
62169
62174
62191
62205
62211
62213
62224
62227
62230
62250
62269
62270
62284
62289
62292
62293
62299
62301
62308
62332
62335
62344
62356
62358
62359
62360
62365
62372
62379
62381
62385
62393
62396
62401
62409
62415
62417
62430
62434
62447
62464
62466
62469
62481
62489
62497
62504
62514
62523
62530
62560
62562
62564
62568
62572
62589
62593
62605
62636
62637
62647
62653
62656
62662
62673
62687
62707
62717
62719
62736
62744
62761
62764
62777
62784
62797
62810
62812
62819
62822
62871
62872
62874
62882
62896
62904
62911
62914
62923
62940
62944
62948
62954
62955
62977
62981
62989
62996
62997
62999
63002
63008
63017
63021
63024
63027
63030
63041
63042
63052
63068
63069
63073
63085
63090
63091
63096
63102
63108
63115
63140
63145
63148
63165
63184
63189
63191
63198
63202
63208
63217
63223
63225
63241
63243
63246
63248
63249
63257
63262
63271
63276
63301
63325
63335
63336
63342
63354
63359
63363
63371
63386
63392
63393
63403
63404
63410
63425
63429
63435
63438
63439
63449
63455
63456
63457
63458
63462
63475
63481
63486
63493
63503
63515
63516
63522
63523
63539
63551
63558
63564
63566
63570
63582
63584
63585
63588
63594
63602
63609
63611
63624
63626
63628
63637
63642
63643
63652
63657
63675
63680
63694
63695
63701
63709
63715
63719
63722
63763
63768
63781
63790
63815
63816
63829
63863
63867
63896
63912
63926
63955
63957
63968
63971
63977
63980
63984
63985
64000
64001
64011
64015
64022
64023
64046
64077
64078
64108
64109
64110
64111
64112
64120
64138
64146
64153
64158
64167
64172
64179
64182
64189
64197
64201
64202
64205
64208
64214
64216
64220
64222
64232
64235
64237
64238
64252
64255
64270
64272
64273
64297
64299
64301
64304
64308
64316
64323
64327
64329
64334
64335
64345
64354
64364
64378
64400
64405
64407
64409
64412
64418
64419
64422
64427
64430
64431
64436
64451
64464
64474
64479
64486
64488
64496
64543
64546
64553
64554
64571
64587
64605
64611
64613
64638
64647
64653
64664
64677
64685
64688
64698
64701
64703
64707
64712
64725
64731
64736
64739
64745
64746
64749
64769
64770
64774
64786
64823
64855
64868
64870
64873
64888
64894
64896
64918
64942
64946
64955
64968
64970
64984
65002
65037
65051
65052
65073
65088
65099
65107
65123
65137
65154
65157
65177
65202
65212
65247
65256
65282
65310
65319
65330
65338
65376
65380
65405
65415
65420
65428
65432
65440
65465
65481
65485
65520
65523
65524
65566
65570
65576
65579
65585
65612
65616
65633
65669
65691
65701
65731
65749
65757
65765
65769
65793
65796
65817
65831
65832
65851
65856
65876
65888
65910
65913
65922
65946
65947
65979
65999
66009
66020
66026
66033
66035
66037
66070
66071
66084
66085
66099
66124
66139
66153
66171
66198
66219
66243
66279
66289
66298
66309
66312
66328
66343
66360
66383
66408
66423
66430
66441
66443
66458
66462
66467
66475
66476
66484
66486
66488
66491
66495
66497
66514
66519
66531
66554
66555
66558
66567
66583
66592
66595
66600
66605
66613
66639
66648
66685
66692
66697
66699
66713
66759
66809
66810
66848
66859
66864
66870
66876
66895
66897
66905
66919
66941
66946
66978
67010
67021
67050
67066
67088
67096
67119
67154
67159
67164
67165
67168
67180
67181
67202
67203
67242
67243
67258
67264
67278
67285
67291
67293
67299
67300
67303
67324
67329
67331
67349
67355
67370
67388
67397
67401
67421
67425
67434
67437
67447
67454
67469
67480
67481
67494
67499
67515
67523
67554
67567
67599
67634
67637
67642
67649
67687
67689
67709
67712
67718
67725
67744
67756
67771
67777
67779
67808
67815
67817
67823
67835
67868
67892
67918
67925
67928
67946
67951
67954
67961
67968
67983
67988
67998
68002
68009
68014
68032
68039
68054
68060
68086
68096
68101
68112
68122
68131
68154
68159
68164
68168
68172
68192
68197
68212
68232
68236
68264
68267
68269
68287
68292
68317
68326
68328
68337
68341
68346
68360
68384
68405
68407
68422
68424
68437
68460
68474
68481
68488
68491
68504
68528
68542
68562
68566
68573
68593
68601
68602
68612
68615
68637
68653
68660
68671
68690
68705
68706
68712
68713
68720
68733
68746
68758
68767
68775
68776
68787
68800
68824
68881
68892
68904
68905
68925
68962
68963
68965
68984
69011
69023
69032
69037
69088
69089
69097
69151
69177
69183
69186
69215
69246
69252
69276
69282
69319
69323
69333
69338
69340
69349
69351
69359
69363
69367
69379
69380
69400
69421
69431
69435
69447
69473
69475
69491
69494
69498
69506
69526
69547
69573
69584
69592
69594
69602
69605
69613
69617
69618
69636
69665
69669
69674
69676
69696
69699
69706
69724
69735
69746
69761
69774
69778
69784
69785
69791
69793
69795
69804
69813
69827
69836
69837
69842
69885
69899
69908
69931
69933
69938
69939
69948
69977
69983
70019
70021
70022
70035
70077
70080
70100
70101
70121
70127
70142
70168
70169
70176
70186
70192
70215
70223
70236
70242
70243
70257
70262
70299
70309
70325
70334
70344
70360
70364
70385
70396
70398
70399
70400
70401
70418
70428
70435
70445
70459
70467
70483
70484
70485
70512
70542
70549
70566
70577
70580
70587
70588
70597
70604
70614
70626
70633
70651
70670
70671
70687
70702
70723
70728
70732
70739
70743
70747
70753
70783
70792
70807
70809
70817
70831
70836
70842
70859
70878
70884
70885
70888
70902
70904
70916
70919
70923
70930
70952
70953
70957
70978
70995
70998
71007
71037
71042
71090
71113
71132
71137
71162
71164
71171
71181
71193
71215
71252
71299
71314
71332
71340
71352
71361
71368
71384
71394
71396
71400
71406
71413
71428
71430
71459
71500
71512
71514
71531
71541
71543
71547
71566
71570
71573
71575
71578
71592
71596
71604
71624
71645
71654
71655
71689
71694
71703
71704
71716
71750
71754
71762
71785
71811
71816
71820
71832
71868
71872
71877
71892
71895
71910
71923
71972
71975
71976
71990
72001
72006
72008
72041
72071
72090
72105
72116
72122
72124
72128
72137
72155
72159
72169
72183
72191
72205
72214
72218
72221
72233
72254
72256
72260
72275
72277
72328
72329
72330
72333
72336
72369
72372
72375
72391
72396
72419
72441
72450
72454
72458
72463
72466
72474
72503
72510
72520
72526
72541
72552
72562
72567
72587
72602
72603
72611
72614
72625
72626
72637
72647
72679
72688
72693
72713
72714
72716
72741
72744
72761
72763
72786
72801
72812
72820
72828
72830
72838
72841
72864
72872
72880
72889
72914
72935
72948
72966
72987
73014
73017
73025
73077
73088
73100
73115
73125
73152
73169
73170
73172
73175
73218
73224
73280
73290
73295
73314
73329
73339
73373
73376
73380
73387
73396
73404
73405
73414
73418
73434
73438
73448
73452
73470
73483
73488
73500
73524
73531
73552
73557
73581
73587
73607
73608
73609
73622
73626
73627
73631
73634
73638
73648
73657
73673
73721
73733
73740
73747
73757
73760
73761
73775
73790
73791
73797
73805
73861
73865
73872
73875
73903
73915
73918
73933
73943
73953
73955
73965
73968
73996
74001
74012
74019
74022
74031
74034
74036
74050
74096
74097
74122
74149
74152
74163
74182
74188
74191
74193
74198
74229
74233
74258
74282
74283
74285
74287
74290
74291
74323
74357
74360
74409
74426
74447
74502
74544
74548
74552
74567
74576
74616
74624
74633
74642
74648
74659
74664
74676
74684
74692
74702
74707
74709
74718
74747
74753
74782
74796
74851
74855
74858
74864
74877
74895
74948
74954
75002
75011
75055
75065
75082
75103
75107
75110
75131
75166
75179
75185
75196
75207
75223
75231
75271
75291
75306
75318
75322
75323
75332
75339
75349
75389
75398
75407
75440
75445
75467
75479
75481
75518
75519
75522
75537
75546
75553
75571
75576
75581
75607
75613
75618
75620
75640
75663
75668
75671
75673
75682
75689
75694
75703
75708
75723
75743
75756
75765
75775
75779
75798
75881
75891
75894
75947
75955
75960
75969
75977
75985
75986
75987
75990
76016
76019
76021
76035
76044
76087
76089
76109
76126
76130
76161
76170
76174
76183
76196
76211
76215
76225
76233
76237
76249
76252
76268
76272
76283
76288
76289
76300
76325
76327
76346
76351
76378
76390
76403
76441
76442
76464
76479
76483
76489
76514
76519
76532
76533
76536
76540
76543
76555
76567
76600
76621
76623
76626
76629
76630
76635
76645
76650
76655
76666
76681
76734
76735
76752
76758
76767
76784
76788
76791
76792
76808
76812
76822
76825
76872
76935
76937
76951
76987
77039
77055
77057
77059
77080
77091
77104
77116
77137
77168
77179
77187
77208
77210
77226
77255
77263
77302
77314
77331
77354
77371
77376
77380
77389
77391
77401
77407
77423
77429
77437
77459
77468
77480
77482
77498
77522
77525
77561
77569
77570
77575
77618
77622
77631
77641
77653
77656
77663
77695
77728
77779
77799
77816
77819
77831
77838
77842
77846
77859
77865
77882
77887
77896
77900
77907
77911
77916
77942
77964
77973
77980
77982
77986
77987
77990
78005
78012
78013
78019
78021
78023
78024
78041
78047
78058
78104
78184
78202
78203
78212
78214
78217
78249
78252
78286
78293
78302
78348
78367
78377
78406
78430
78440
78445
78446
78485
78514
78522
78528
78597
78608
78618
78620
78623
78641
78651
78670
78722
78723
78741
78744
78750
78751
78768
78790
78794
78829
78839
78847
78862
78865
78870
78874
78878
78893
78926
78961
78975
78995
79034
79047
79066
79078
79081
79084
79085
79091
79092
79103
79146
79152
79189
79225
79227
79237
79244
79251
79278
79323
79328
79334
79379
79387
79392
79419
79424
79429
79450
79472
79473
79474
79482
79485
79539
79552
79593
79609
79618
79629
79630
79633
79638
79648
79651
79683
79723
79756
79759
79761
79785
79796
79817
79824
79825
79879
80003
80021
80030
80045
80064
80073
80080
80092
80099
80103
80108
80154
80158
80168
80171
80175
80207
80224
80239
80255
80280
80281
80283
80305
80324
80356
80357
80371
80386
80394
80395
80403
80409
80411
80412
80471
80478
80536
80543
80561
80576
80601
80611
80657
80664
80682
80686
80701
80741
80758
80769
80776
80807
80818
80832
80856
80862
80865
80870
80904
80914
80951
80957
80962
80964
81030
81073
81084
81096
81113
81114
81117
81124
81137
81160
81171
81187
81219
81224
81230
81261
81268
81299
81301
81305
81315
81318
81324
81369
81376
81390
81391
81411
81418
81425
81434
81437
81444
81458
81489
81498
81502
81545
81608
81613
81623
81643
81679
81730
81732
81736
81759
81778
81780
81820
81912
81919
82001
82027
82051
82061
82111
82157
82267
82268
82292
82318
82334
82348
82355
82383
82457
82502
82504
82505
82583
82618
82652
82653
82683
82718
82772
82819
82852
82859
82875
82939
82968
83027
83038
83112
83119
83135
83139
83150
83167
83173
83185
83192
83199
83222
83239
83247
83264
83339
83353
83428
83451
83453
83462
83481
83509
83537
83540
83574
83596
83658
83677
83690
83705
83749
83753
83803
83851
83863
83881
83882
83907
83915
83957
83960
84015
84038
84057
84084
84093
84280
84283
84342
84349
84375
84418
84421
84454
84480
84488
84521
84577
84601
84644
84702
84759
84761
84815
84857
84891
84935
84980
84993
85018
85021
85036
85041
85177
85182
85225
85226
85277
85285
85315
85340
85390
85393
85483
85703
85864
85873
85890
85914
85924
86070
86145
86198
86305
86332
86343
86389
0
