28455
29155
29208
29226
29243
29334
29340
29340
29374
29404
29411
29424
29450
29461
29467
29472
29485
29492
29493
29523
29534
29543
29556
29558
29560
29576
29636
29665
29705
29714
29716
29780
29804
29822
29880
29888
29913
29981
29983
29987
30019
30040
30051
30060
30182
30300
30422
30453
30459
30501
30522
30616
30631
30729
30902
31078
31097
31101
31146
31214
31220
31285
31311
31325
31378
31389
31430
31449
31465
31491
31526
31553
31563
31577
31591
31593
31601
31605
31618
31630
31641
31658
31661
31671
31691
31693
31820
31831
31846
31860
31871
31921
31955
31984
32041
32058
32064
32098
32105
32146
32241
32249
32255
32257
32276
32310
32325
32354
32369
32439
32453
32465
32465
32468
32469
32475
32545
32701
32709
32771
32782
32793
32806
32807
32816
32819
32894
32956
33038
33071
33110
33144
33172
33267
33288
33290
33381
33422
33445
33453
33469
33487
33566
33569
33583
33585
33644
33771
33783
33937
33978
34054
34071
34131
34154
34166
34181
34203
34211
34233
34247
34263
34305
34310
34353
34354
34367
34369
34374
34377
34408
34418
34440
34453
34476
34481
34486
34492
34506
34562
34568
34596
34597
34645
34690
34699
34770
34878
34880
35006
35013
35020
35052
35123
35172
35210
35294
35361
35399
35410
35439
35446
35452
35470
35488
35553
35570
35571
35589
35600
35604
35661
35734
35782
35799
35820
35823
35865
35872
35902
35922
35928
35933
35982
36019
36105
36114
36123
36141
36156
36247
36253
36297
36322
36329
36345
36375
36392
36455
36468
36479
36500
36522
36555
36560
36563
36704
36745
36747
36772
36776
36783
36837
36840
36843
36944
36952
36992
37044
37048
37126
37143
37198
37204
37284
37312
37330
37389
37398
37449
37484
37517
37524
37525
37541
37542
37581
37621
37627
37651
37699
37723
37737
37805
37827
37827
37834
37870
37914
37930
37957
37964
37998
38015
38075
38092
38101
38106
38135
38145
38150
38212
38235
38332
38353
38364
38409
38409
38420
38436
38477
38514
38517
38521
38523
38529
38597
38615
38636
38656
38657
38660
38672
38712
38727
38754
38758
38763
38772
38851
38868
38934
38959
38979
38981
39028
39028
39069
39103
39132
39139
39159
39218
39231
39261
39307
39331
39332
39351
39352
39352
39389
39391
39422
39431
39468
39472
39517
39518
39545
39547
39554
39589
39629
39632
39637
39668
39705
39705
39720
39726
39738
39766
39778
39781
39799
39845
39870
39870
39888
39926
39941
39972
39984
39984
39994
40004
40005
40020
40022
40034
40036
40042
40110
40130
40138
40206
40209
40217
40238
40306
40309
40311
40337
40401
40415
40441
40451
40473
40477
40489
40491
40503
40506
40512
40524
40555
40595
40613
40615
40702
40757
40791
40807
40824
40834
40856
40894
40894
40900
40904
41017
41061
41067
41200
41226
41317
41320
41443
41559
41604
41634
41753
41771
41778
41784
41794
41837
41906
41910
41936
41946
41947
41997
42021
42082
42103
42133
42151
42170
42174
42175
42186
42201
42202
42225
42270
42315
42331
42335
42338
42429
42430
42591
42615
42637
42640
42650
42658
42676
42703
42706
42707
42722
42752
42773
42845
42853
42906
42921
42939
42963
42981
42988
43082
43103
43126
43142
43157
43170
43201
43212
43229
43303
43343
43391
43420
43440
43539
43576
43582
43593
43615
43643
43682
43685
43778
43798
43815
43856
43861
43872
43878
43887
43891
43900
43933
43939
43975
44027
44031
44122
44126
44166
44208
44217
44229
44240
44262
44271
44313
44323
44328
44347
44355
44374
44376
44402
44520
44551
44611
44637
44639
44660
44673
44675
44716
44728
44734
44734
44795
44809
44873
44885
44900
44910
44925
44933
45028
45041
45086
45090
45093
45137
45189
45222
45234
45279
45318
45327
45337
45401
45425
45430
45443
45452
45455
45531
45533
45551
45554
45564
45595
45686
45700
45716
45723
45742
45761
45768
45808
45814
45915
45957
45958
45986
46029
46043
46070
46074
46115
46119
46156
46254
46299
46310
46319
46324
46330
46334
46337
46357
46358
46398
46420
46435
46436
46456
46457
46477
46488
46558
46560
46580
46615
46626
46629
46631
46634
46655
46656
46660
46664
46695
46699
46704
46712
46712
46724
46751
46761
46764
46768
46774
46805
46815
46824
46825
46849
46883
46885
46906
46934
46939
46940
46954
46976
46979
46986
46993
47009
47013
47017
47052
47098
47112
47113
47129
47146
47147
47162
47183
47183
47185
47191
47201
47203
47235
47250
47264
47276
47278
47313
47351
47355
47363
47389
47393
47425
47428
47443
47465
47502
47510
47526
47551
47584
47595
47611
47627
47637
47637
47656
47664
47687
47718
47736
47769
47806
47860
47949
48035
48073
48193
48216
48230
48250
48294
48305
48315
48323
48335
48346
48363
48367
48385
48402
48409
48410
48418
48434
48493
48530
48532
48537
48590
48595
48605
48612
48708
48747
48754
48814
48883
48885
48913
48944
48980
49029
49042
49065
49171
49204
49210
49214
49241
49319
49396
49468
49482
49517
49518
49539
49545
49545
49564
49566
49590
49617
49699
49716
49718
49724
49732
49785
49787
49856
49885
49897
49956
49989
50002
50010
50018
50038
50048
50061
50113
50144
50169
50202
50270
50288
50306
50310
50366
50367
50378
50402
50429
50482
50486
50496
50499
50506
50536
50606
50607
50710
50715
50716
50721
50817
50819
50937
50960
50994
51030
51127
51154
51218
51262
51316
51325
51420
51427
51468
51482
51482
51492
51498
51507
51515
51546
51549
51569
51615
51621
51630
51681
51689
51704
51752
51823
51859
51879
51879
51891
51891
51941
51995
52012
52013
52037
52064
52099
52120
52149
52167
52168
52220
52233
52237
52300
52325
52384
52392
52439
52447
52472
52576
52579
52585
52589
52642
52661
52689
52723
52764
52767
52768
52818
52883
52926
52949
52957
52958
52960
52974
53052
53070
53070
53072
53092
53109
53118
53161
53184
53239
53336
53380
53382
53406
53455
53470
53498
53550
53616
53637
53670
53683
53696
53702
53709
53798
53822
53877
53878
53878
53917
53935
53949
53989
53994
53999
54051
54059
54064
54080
54098
54099
54119
54124
54125
54146
54223
54243
54253
54254
54265
54272
54316
54317
54383
54398
54405
54428
54492
54515
54525
54542
54553
54566
54631
54721
54761
54810
54836
54875
54880
54884
54952
54984
54987
54995
55018
55088
55114
55114
55120
55152
55228
55280
55303
55377
55409
55419
55430
55438
55446
55456
55459
55462
55470
55473
55477
55485
55486
55495
55506
55506
55506
55506
55506
55506
55506
55506
55506
55506
55506
55506
55506
55506
55506
55514
55561
55564
55577
55577
55577
55577
55577
55577
55577
55577
55582
55651
55675
55710
55711
55716
55718
55720
55720
55723
55733
55733
55749
55756
55756
55762
55770
55770
55787
55787
55788
55795
55810
55815
55821
55839
55840
55912
55958
55990
55992
55998
56000
56009
56018
56039
56100
56114
56206
56248
56249
56250
56305
56307
56390
56396
56404
56416
56431
56457
56515
56621
56633
56640
56656
56683
56706
56713
56787
56794
56873
56922
56925
56996
57039
57060
57069
57075
57100
57139
57188
57203
57217
57231
57246
57268
57313
57336
57373
57399
57418
57422
57466
57515
57525
57529
57550
57575
57612
57618
57639
57655
57689
57749
57751
57783
57811
57825
57851
57856
57872
57927
57935
57936
57944
57993
57998
58007
58014
58021
58022
58027
58033
58038
58042
58047
58050
58050
58054
58056
58070
58075
58084
58142
58208
58211
58214
58228
58375
58376
58392
58412
58413
58432
58530
58569
58572
58622
58663
58668
58680
58693
58881
58913
58945
59021
59054
59061
59087
59125
59142
59202
59221
59268
59370
59376
59410
59432
59433
59444
59445
59457
59464
59519
59519
59557
59558
59562
59593
59601
59610
59637
59736
59973
59990
60004
60038
60177
60382
-1
