28232
28238
28402
28402
28411
28417
28482
28502
28592
28628
28696
28796
28806
28872
28918
28949
28979
29011
29012
29021
29042
29043
29047
29058
29060
29061
29064
29068
29077
29079
29098
29106
29106
29109
29134
29144
29146
29147
29149
29164
29164
29173
29187
29191
29207
29210
29213
29213
29216
29225
29253
29269
29271
29281
29288
29297
29299
29299
29299
29302
29305
29322
29324
29333
29346
29351
29362
29365
29374
29396
29409
29413
29414
29414
29419
29421
29421
29425
29428
29429
29429
29432
29443
29444
29445
29446
29447
29457
29466
29472
29481
29487
29490
29508
29511
29519
29521
29534
29542
29547
29553
29563
29567
29575
29580
29586
29599
29605
29605
29612
29614
29615
29626
29636
29638
29652
29656
29659
29675
29676
29683
29693
29701
29716
29726
29726
29729
29731
29733
29737
29738
29764
29764
29772
29783
29784
29791
29792
29793
29795
29797
29812
29814
29815
29815
29816
29836
29841
29856
29864
29872
29876
29879
29883
29892
29892
29899
29906
29913
29914
29918
29928
29934
29934
29947
29947
29949
29954
29960
29960
29976
29989
29995
29995
29997
30001
30003
30011
30011
30029
30040
30044
30046
30047
30055
30057
30059
30059
30062
30068
30071
30073
30081
30102
30110
30111
30133
30138
30146
30161
30164
30187
30197
30207
30213
30215
30216
30219
30232
30238
30240
30250
30256
30260
30273
30278
30279
30281
30301
30321
30326
30328
30339
30364
30374
30374
30380
30381
30384
30385
30401
30403
30406
30412
30423
30423
30424
30431
30445
30447
30448
30457
30469
30476
30476
30478
30482
30493
30498
30506
30507
30507
30513
30515
30522
30523
30535
30541
30542
30551
30552
30570
30586
30588
30606
30613
30614
30615
30617
30623
30625
30627
30627
30628
30632
30639
30640
30644
30649
30651
30670
30676
30688
30693
30694
30703
30705
30720
30728
30730
30730
30733
30739
30745
30755
30765
30766
30781
30783
30784
30787
30792
30798
30800
30805
30806
30808
30813
30815
30826
30827
30827
30828
30830
30833
30860
30863
30866
30872
30878
30879
30885
30886
30892
30893
30894
30898
30906
30907
30910
30911
30916
30917
30918
30920
30928
30930
30933
30937
30946
30948
30955
30955
30957
30967
30970
30979
30990
31000
31006
31007
31013
31013
31021
31022
31022
31026
31038
31054
31059
31062
31063
31064
31077
31096
31100
31100
31108
31113
31115
31118
31120
31125
31128
31129
31134
31138
31146
31150
31152
31164
31174
31177
31190
31193
31202
31220
31221
31226
31231
31239
31244
31245
31252
31260
31264
31268
31269
31270
31276
31286
31296
31298
31306
31314
31316
31320
31320
31327
31334
31337
31355
31359
31366
31372
31373
31373
31382
31387
31392
31410
31410
31416
31432
31436
31438
31443
31447
31451
31453
31454
31454
31457
31459
31462
31486
31503
31523
31524
31537
31551
31560
31572
31574
31575
31579
31588
31591
31594
31601
31613
31626
31634
31634
31641
31645
31652
31655
31662
31667
31677
31679
31681
31681
31688
31688
31689
31697
31712
31715
31717
31722
31730
31741
31751
31752
31760
31761
31767
31767
31771
31771
31771
31776
31778
31787
31815
31817
31818
31820
31823
31830
31835
31837
31841
31844
31857
31866
31874
31890
31892
31893
31893
31900
31904
31906
31912
31920
31922
31923
31934
31942
31958
31958
31977
31987
31987
31997
32004
32019
32024
32029
32037
32039
32051
32067
32070
32073
32074
32077
32081
32087
32089
32091
32103
32109
32129
32130
32134
32141
32151
32156
32168
32169
32174
32174
32185
32187
32189
32194
32199
32207
32209
32212
32230
32232
32267
32268
32272
32274
32275
32280
32288
32296
32296
32301
32303
32312
32314
32321
32325
32326
32326
32341
32352
32360
32373
32376
32387
32393
32399
32402
32402
32441
32448
32449
32455
32459
32462
32467
32471
32478
32481
32484
32489
32493
32499
32502
32503
32515
32527
32529
32532
32535
32542
32544
32547
32548
32551
32552
32555
32556
32565
32569
32570
32596
32601
32611
32616
32618
32619
32623
32629
32638
32642
32643
32649
32665
32666
32670
32678
32689
32689
32690
32702
32705
32715
32718
32721
32738
32742
32756
32766
32766
32769
32782
32782
32787
32788
32792
32795
32808
32810
32815
32817
32817
32824
32824
32832
32835
32839
32846
32853
32863
32874
32878
32880
32880
32880
32880
32896
32898
32898
32900
32901
32909
32914
32914
32915
32916
32917
32919
32925
32927
32938
32946
32952
32957
32957
32958
32972
32973
32973
32973
32978
32998
32998
33002
33008
33012
33015
33020
33021
33027
33028
33035
33036
33051
33053
33065
33073
33087
33096
33105
33108
33111
33115
33116
33117
33131
33153
33153
33156
33160
33160
33162
33166
33168
33176
33176
33179
33193
33194
33195
33195
33208
33212
33217
33224
33227
33228
33240
33247
33264
33276
33284
33284
33292
33297
33297
33301
33317
33318
33324
33327
33333
33334
33352
33360
33374
33377
33382
33386
33396
33397
33408
33412
33420
33430
33431
33441
33443
33447
33459
33460
33462
33466
33470
33471
33473
33475
33482
33486
33487
33491
33502
33508
33510
33519
33527
33533
33534
33539
33544
33548
33558
33561
33566
33569
33579
33607
33607
33608
33616
33640
33641
33657
33659
33662
33669
33669
33684
33685
33685
33689
33694
33698
33699
33703
33712
33717
33717
33722
33723
33738
33753
33757
33763
33763
33772
33774
33778
33789
33790
33795
33800
33806
33818
33820
33826
33827
33836
33836
33849
33862
33863
33871
33872
33875
33876
33877
33880
33890
33890
33895
33897
33907
33907
33916
33919
33925
33931
33941
33942
33951
33955
33961
33964
33968
33969
33971
33987
33992
33993
33997
34010
34012
34018
34024
34030
34036
34046
34052
34052
34066
34072
34078
34079
34081
34092
34095
34106
34109
34122
34131
34144
34146
34148
34163
34181
34193
34193
34202
34209
34217
34236
34239
34250
34261
34278
34289
34290
34292
34305
34319
34322
34328
34329
34337
34341
34342
34361
34361
34364
34367
34368
34377
34384
34385
34394
34398
34409
34409
34410
34416
34420
34422
34425
34437
34444
34452
34463
34466
34470
34473
34482
34484
34489
34494
34497
34510
34515
34529
34538
34538
34542
34555
34560
34564
34568
34574
34589
34591
34595
34596
34600
34623
34632
34640
34643
34650
34656
34667
34668
34670
34675
34692
34709
34710
34712
34713
34722
34723
34736
34742
34757
34759
34765
34771
34776
34781
34784
34796
34800
34804
34805
34816
34819
34827
34829
34830
34835
34836
34838
34839
34849
34855
34857
34863
34866
34868
34872
34872
34889
34896
34912
34915
34927
34938
34943
34947
34947
34949
34955
34955
34961
34966
34968
34972
34975
34978
34981
34987
34987
34995
35008
35012
35015
35017
35025
35048
35051
35051
35051
35060
35061
35075
35088
35090
35093
35097
35110
35115
35140
35144
35148
35156
35170
35175
35208
35210
35213
35214
35215
35216
35219
35225
35227
35240
35255
35256
35259
35261
35262
35270
35271
35279
35284
35299
35303
35320
35327
35331
35336
35342
35345
35347
35347
35359
35370
35371
35374
35375
35379
35379
35405
35413
35415
35416
35432
35434
35434
35435
35436
35440
35445
35446
35446
35464
35464
35467
35479
35481
35482
35506
35507
35510
35514
35518
35528
35531
35540
35549
35550
35558
35561
35573
35577
35585
35587
35589
35590
35596
35601
35618
35620
35624
35628
35632
35633
35638
35643
35645
35647
35652
35653
35655
35657
35658
35661
35664
35665
35679
35679
35686
35689
35690
35692
35696
35698
35700
35701
35705
35706
35712
35732
35744
35754
35763
35764
35771
35793
35795
35813
35815
35820
35824
35837
35838
35849
35852
35860
35876
35881
35887
35888
35888
35898
35899
35900
35921
35926
35927
35938
35941
35966
35976
35976
35978
35981
35994
35996
36007
36019
36023
36027
36030
36039
36040
36050
36052
36060
36067
36067
36068
36080
36080
36088
36090
36112
36120
36121
36131
36133
36140
36140
36151
36152
36162
36169
36173
36190
36196
36209
36214
36216
36217
36219
36219
36227
36235
36241
36249
36253
36257
36287
36291
36291
36291
36296
36307
36321
36328
36330
36335
36337
36342
36343
36354
36356
36379
36388
36394
36408
36419
36420
36422
36424
36428
36440
36448
36450
36450
36464
36473
36473
36483
36497
36520
36532
36535
36545
36545
36551
36557
36578
36580
36598
36601
36610
36611
36615
36621
36626
36628
36630
36637
36639
36642
36653
36654
36658
36662
36671
36677
36677
36681
36683
36685
36698
36701
36703
36703
36712
36723
36725
36739
36741
36741
36742
36744
36755
36759
36762
36762
36769
36773
36780
36787
36788
36803
36803
36805
36810
36823
36833
36860
36866
36869
36873
36873
36877
36882
36908
36916
36916
36917
36921
36925
36927
36927
36930
36936
36941
36950
36952
36960
36974
36977
36985
36986
37000
37016
37023
37026
37026
37043
37050
37056
37059
37059
37062
37072
37080
37084
37086
37088
37095
37100
37104
37111
37113
37132
37149
37165
37166
37173
37173
37175
37189
37203
37210
37214
37215
37216
37219
37236
37238
37242
37245
37246
37249
37256
37261
37267
37284
37288
37303
37306
37306
37306
37311
37326
37338
37339
37340
37349
37354
37355
37363
37370
37371
37379
37394
37395
37396
37398
37404
37407
37418
37422
37425
37431
37431
37449
37454
37463
37483
37488
37489
37491
37495
37498
37499
37515
37520
37522
37528
37533
37533
37550
37558
37559
37560
37569
37572
37587
37588
37595
37597
37599
37601
37603
37612
37617
37630
37639
37643
37658
37660
37673
37675
37680
37684
37686
37704
37712
37714
37718
37719
37739
37740
37741
37749
37757
37758
37766
37768
37778
37785
37789
37796
37807
37815
37815
37825
37830
37830
37830
37832
37833
37836
37842
37851
37858
37868
37874
37885
37886
37892
37893
37913
37914
37917
37925
37935
37952
37956
37966
37968
37974
37975
37981
37984
37999
38009
38025
38035
38045
38047
38048
38051
38053
38081
38084
38101
38103
38106
38112
38115
38120
38137
38138
38150
38156
38157
38157
38160
38162
38168
38175
38179
38192
38193
38196
38199
38207
38217
38220
38223
38223
38247
38248
38254
38264
38266
38268
38274
38292
38292
38295
38298
38307
38327
38328
38329
38339
38343
38347
38347
38351
38351
38360
38373
38379
38386
38389
38392
38393
38398
38401
38406
38407
38410
38411
38415
38418
38420
38424
38425
38440
38441
38444
38447
38465
38485
38488
38490
38503
38503
38521
38524
38530
38533
38548
38549
38551
38560
38563
38581
38583
38584
38590
38598
38601
38602
38606
38614
38619
38630
38637
38637
38637
38646
38646
38652
38662
38668
38674
38677
38693
38695
38696
38698
38703
38706
38720
38726
38729
38738
38744
38745
38752
38757
38761
38762
38771
38779
38781
38786
38789
38793
38803
38809
38832
38832
38847
38848
38850
38855
38857
38859
38867
38870
38889
38889
38890
38909
38930
38931
38942
38947
38953
38978
38984
38985
38995
38995
38996
39002
39002
39006
39007
39012
39041
39055
39063
39064
39067
39071
39071
39074
39076
39076
39080
39082
39093
39099
39106
39111
39135
39136
39141
39142
39143
39149
39159
39164
39166
39180
39181
39194
39195
39201
39202
39213
39238
39240
39253
39268
39281
39282
39286
39292
39295
39302
39306
39309
39311
39321
39335
39338
39350
39357
39358
39365
39365
39373
39376
39390
39396
39413
39414
39422
39427
39437
39437
39440
39446
39453
39456
39470
39471
39475
39480
39488
39491
39516
39521
39522
39530
39534
39535
39553
39556
39559
39562
39567
39572
39573
39574
39591
39591
39607
39611
39618
39634
39634
39636
39642
39648
39649
39649
39670
39674
39682
39695
39699
39700
39702
39703
39705
39716
39731
39731
39749
39752
39755
39759
39778
39781
39789
39806
39821
39833
39850
39859
39860
39867
39871
39872
39873
39874
39884
39910
39910
39917
39920
39921
39924
39930
39940
39945
39946
39950
39958
39963
39973
39986
39996
39998
40009
40015
40023
40023
40024
40037
40061
40066
40067
40069
40084
40087
40095
40096
40099
40109
40115
40120
40124
40125
40135
40145
40155
40161
40163
40165
40167
40168
40171
40175
40190
40198
40200
40209
40226
40228
40231
40234
40241
40245
40245
40248
40251
40252
40254
40256
40267
40276
40279
40284
40307
40307
40319
40332
40339
40340
40343
40346
40360
40362
40369
40370
40373
40375
40378
40380
40384
40393
40421
40422
40428
40438
40443
40445
40454
40460
40465
40473
40485
40492
40493
40498
40500
40513
40514
40515
40531
40534
40549
40552
40562
40571
40574
40575
40578
40582
40593
40594
40604
40613
40617
40630
40635
40637
40651
40665
40666
40694
40695
40712
40716
40718
40720
40723
40725
40729
40730
40731
40736
40743
40747
40751
40769
40769
40772
40773
40780
40781
40790
40794
40800
40801
40806
40809
40815
40820
40825
40826
40830
40842
40843
40856
40863
40869
40873
40873
40881
40882
40882
40918
40919
40923
40924
40927
40968
40979
40984
40984
41011
41028
41036
41047
41049
41057
41059
41060
41078
41082
41083
41085
41086
41091
41094
41103
41107
41109
41109
41113
41119
41126
41127
41130
41141
41146
41160
41163
41164
41166
41179
41186
41187
41197
41205
41206
41209
41211
41219
41228
41236
41237
41237
41243
41244
41246
41253
41256
41259
41259
41261
41262
41266
41268
41291
41294
41303
41310
41312
41334
41340
41341
41344
41345
41350
41352
41354
41356
41357
41365
41376
41384
41387
41388
41390
41397
41398
41403
41406
41406
41412
41412
41415
41422
41436
41441
41442
41445
41445
41448
41449
41453
41455
41468
41469
41475
41478
41481
41493
41499
41504
41510
41518
41520
41536
41542
41543
41544
41561
41572
41573
41580
41592
41592
41593
41599
41600
41603
41604
41607
41627
41642
41649
41650
41658
41663
41664
41670
41691
41700
41702
41705
41711
41711
41713
41721
41730
41732
41735
41740
41758
41759
41763
41763
41769
41776
41781
41785
41793
41794
41795
41804
41806
41817
41821
41827
41839
41843
41850
41851
41851
41863
41866
41873
41882
41883
41888
41908
41915
41915
41919
41932
41933
41936
41939
41949
41949
41951
41952
41965
41975
41979
41982
41984
41990
41998
42013
42015
42017
42023
42035
42045
42049
42061
42064
42072
42076
42084
42096
42097
42098
42103
42111
42112
42113
42118
42120
42120
42129
42132
42133
42152
42154
42156
42160
42166
42175
42188
42192
42207
42207
42226
42227
42227
42238
42238
42241
42248
42252
42262
42263
42264
42264
42265
42268
42270
42278
42279
42281
42281
42293
42303
42305
42312
42316
42319
42334
42347
42360
42367
42382
42389
42393
42394
42399
42404
42406
42414
42418
42429
42429
42433
42433
42435
42436
42436
42454
42466
42473
42473
42474
42476
42487
42494
42514
42519
42528
42532
42551
42552
42556
42569
42588
42598
42605
42610
42613
42620
42622
42623
42628
42630
42639
42642
42657
42659
42661
42680
42694
42696
42698
42702
42704
42710
42710
42720
42721
42737
42739
42741
42750
42754
42762
42763
42776
42788
42802
42816
42819
42828
42829
42834
42838
42838
42845
42859
42863
42867
42872
42875
42877
42879
42887
42891
42895
42896
42901
42903
42906
42912
42914
42928
42940
42941
42957
42964
42966
42969
42973
42982
42983
42991
42997
42998
43002
43007
43021
43037
43042
43043
43049
43049
43054
43069
43073
43080
43100
43125
43126
43141
43146
43159
43178
43193
43196
43197
43198
43206
43208
43216
43225
43226
43228
43228
43235
43241
43246
43254
43259
43270
43278
43283
43289
43298
43300
43313
43319
43324
43325
43358
43364
43370
43374
43386
43392
43395
43403
43410
43431
43432
43433
43443
43445
43447
43448
43449
43462
43464
43465
43486
43493
43493
43494
43496
43498
43498
43503
43511
43511
43513
43518
43527
43535
43535
43537
43539
43544
43548
43550
43556
43562
43573
43574
43575
43584
43591
43605
43605
43606
43609
43609
43620
43627
43629
43629
43650
43650
43652
43659
43660
43661
43661
43661
43664
43669
43673
43677
43678
43691
43698
43701
43719
43728
43748
43751
43768
43773
43787
43792
43805
43811
43812
43814
43828
43829
43835
43844
43845
43846
43858
43866
43880
43880
43897
43900
43905
43910
43912
43927
43935
43939
43947
43948
43950
43960
43961
43961
43964
43974
43974
43977
43984
44011
44016
44016
44021
44033
44038
44039
44047
44051
44058
44059
44067
44068
44074
44076
44079
44080
44085
44088
44097
44101
44104
44114
44125
44127
44131
44135
44147
44152
44168
44176
44178
44192
44192
44194
44201
44203
44215
44217
44227
44229
44238
44243
44247
44254
44262
44271
44282
44292
44292
44302
44302
44305
44319
44331
44336
44337
44341
44349
44353
44354
44356
44363
44365
44369
44370
44376
44391
44395
44403
44426
44434
44447
44463
44465
44471
44473
44479
44483
44488
44490
44497
44500
44509
44519
44531
44534
44540
44549
44552
44559
44580
44580
44583
44593
44600
44618
44635
44649
44656
44659
44661
44661
44664
44673
44691
44697
44705
44707
44717
44723
44727
44730
44736
44741
44745
44756
44763
44765
44777
44777
44785
44786
44789
44789
44804
44804
44809
44816
44816
44827
44834
44838
44845
44855
44858
44865
44866
44868
44872
44878
44881
44891
44891
44892
44910
44918
44925
44925
44926
44929
44945
44949
44954
44958
44976
44986
44988
45000
45001
45010
45017
45031
45032
45038
45045
45050
45059
45070
45071
45071
45072
45073
45073
45079
45103
45119
45119
45121
45130
45134
45135
45135
45138
45149
45152
45153
45153
45167
45175
45175
45184
45189
45191
45192
45193
45194
45201
45204
45208
45216
45223
45240
45244
45247
45251
45254
45282
45284
45288
45291
45301
45311
45314
45318
45329
45332
45338
45342
45344
45344
45356
45357
45363
45368
45384
45385
45391
45394
45398
45412
45418
45425
45427
45430
45432
45435
45446
45464
45483
45486
45486
45488
45489
45521
45521
45529
45530
45531
45532
45544
45567
45571
45572
45574
45583
45588
45590
45601
45602
45610
45613
45615
45618
45627
45631
45640
45643
45645
45646
45648
45654
45661
45681
45683
45689
45696
45703
45703
45709
45711
45723
45725
45727
45728
45729
45730
45739
45739
45756
45760
45764
45765
45766
45766
45768
45775
45782
45787
45789
45796
45800
45803
45811
45824
45831
45832
45834
45837
45840
45843
45847
45849
45852
45866
45869
45874
45876
45876
45877
45890
45899
45900
45906
45911
45914
45919
45922
45923
45925
45931
45936
45938
45941
45943
45949
45958
45960
45971
45977
45986
45996
46009
46011
46020
46028
46037
46041
46050
46054
46060
46062
46072
46074
46075
46080
46084
46085
46096
46096
46109
46114
46116
46120
46122
46122
46124
46137
46137
46138
46161
46165
46168
46170
46173
46173
46175
46184
46192
46192
46195
46201
46227
46237
46239
46248
46250
46257
46257
46270
46271
46278
46285
46291
46292
46292
46301
46307
46309
46312
46313
46323
46324
46341
46342
46343
46348
46349
46352
46362
46368
46383
46395
46401
46404
46405
46406
46414
46416
46419
46426
46429
46431
46435
46436
46446
46449
46462
46471
46473
46475
46478
46480
46485
46497
46501
46517
46519
46522
46523
46526
46528
46548
46550
46551
46558
46559
46575
46583
46584
46586
46613
46630
46631
46644
46644
46650
46651
46657
46658
46661
46664
46665
46665
46674
46675
46679
46684
46685
46687
46687
46702
46715
46748
46750
46755
46758
46761
46774
46777
46778
46787
46788
46799
46804
46815
46823
46834
46834
46836
46844
46849
46857
46857
46874
46881
46887
46887
46898
46900
46903
46910
46929
46937
46944
46949
46958
46970
46989
46990
47002
47005
47008
47013
47033
47044
47049
47054
47056
47059
47079
47084
47094
47094
47097
47097
47100
47116
47119
47121
47121
47126
47139
47154
47160
47160
47177
47178
47185
47195
47196
47198
47205
47208
47213
47213
47226
47241
47242
47258
47264
47267
47271
47272
47287
47291
47302
47315
47320
47324
47325
47333
47334
47334
47350
47359
47366
47367
47385
47396
47403
47410
47417
47445
47456
47459
47468
47469
47479
47482
47483
47504
47514
47522
47526
47532
47536
47541
47573
47587
47588
47590
47592
47597
47603
47620
47621
47634
47646
47649
47666
47669
47678
47688
47698
47702
47708
47715
47736
47737
47753
47755
47758
47761
47765
47778
47781
47783
47788
47791
47808
47817
47825
47826
47833
47842
47853
47857
47879
47879
47883
47902
47909
47910
47940
47941
47943
47948
47955
47956
47960
47970
47970
47974
47987
47988
48019
48023
48045
48051
48073
48073
48085
48088
48114
48115
48128
48132
48135
48153
48163
48164
48166
48170
48173
48188
48190
48193
48196
48197
48228
48259
48262
48265
48268
48268
48288
48288
48307
48309
48323
48324
48337
48352
48355
48357
48380
48381
48389
48401
48412
48445
48449
48462
48463
48464
48466
48467
48476
48478
48479
48480
48492
48497
48499
48501
48502
48505
48516
48524
48526
48527
48537
48543
48573
48574
48577
48578
48586
48588
48589
48607
48621
48635
48637
48652
48660
48663
48663
48670
48674
48678
48692
48702
48710
48712
48729
48733
48738
48744
48754
48759
48765
48771
48773
48773
48792
48814
48818
48818
48823
48840
48842
48852
48854
48858
48877
48886
48887
48888
48892
48897
48910
48911
48917
48931
48933
48945
48958
48961
48971
48973
48988
48999
49001
49004
49008
49009
49010
49025
49030
49042
49059
49062
49071
49089
49101
49104
49107
49111
49125
49129
49135
49144
49144
49149
49151
49152
49154
49166
49178
49183
49185
49189
49196
49205
49210
49211
49217
49218
49243
49246
49259
49264
49268
49270
49270
49271
49279
49299
49299
49302
49303
49306
49316
49320
49352
49357
49364
49366
49368
49369
49376
49376
49382
49387
49393
49410
49410
49426
49430
49431
49439
49443
49443
49452
49453
49460
49479
49486
49488
49494
49497
49508
49512
49513
49524
49530
49536
49538
49548
49549
49554
49557
49557
49560
49581
49592
49596
49615
49616
49621
49623
49631
49639
49642
49646
49648
49648
49667
49675
49683
49700
49702
49711
49712
49714
49746
49761
49761
49766
49770
49778
49791
49798
49799
49803
49808
49810
49820
49828
49840
49843
49844
49863
49866
49867
49871
49873
49882
49887
49889
49896
49896
49904
49907
49911
49913
49914
49922
49931
49961
49962
49966
49973
49978
49978
49994
49995
50014
50017
50050
50052
50062
50076
50082
50091
50099
50103
50106
50112
50114
50135
50153
50161
50165
50179
50190
50190
50195
50201
50213
50216
50217
50232
50239
50241
50245
50249
50251
50258
50263
50264
50275
50287
50293
50296
50312
50317
50317
50331
50337
50339
50345
50349
50360
50365
50369
50381
50383
50384
50388
50394
50397
50400
50405
50410
50419
50425
50430
50439
50455
50462
50480
50480
50487
50499
50510
50510
50514
50516
50517
50522
50523
50524
50530
50530
50538
50545
50553
50558
50561
50568
50573
50576
50581
50583
50604
50605
50613
50635
50642
50668
50674
50676
50686
50695
50700
50706
50710
50715
50716
50717
50722
50726
50748
50753
50754
50760
50762
50767
50781
50795
50800
50809
50813
50814
50818
50831
50841
50845
50846
50864
50867
50867
50872
50884
50891
50893
50896
50913
50924
50924
50934
50936
50941
50964
50975
50976
50983
50984
50984
50985
50989
50995
50996
50997
51001
51001
51003
51025
51026
51029
51040
51041
51043
51044
51048
51050
51055
51060
51068
51078
51086
51086
51091
51095
51099
51107
51108
51108
51123
51139
51140
51157
51159
51167
51169
51172
51181
51189
51190
51195
51200
51206
51206
51207
51210
51212
51217
51227
51236
51239
51245
51251
51259
51260
51265
51267
51281
51282
51290
51298
51301
51302
51316
51318
51318
51329
51330
51332
51339
51347
51348
51350
51360
51361
51362
51363
51367
51370
51375
51377
51380
51404
51408
51410
51424
51435
51445
51447
51447
51449
51451
51460
51464
51469
51479
51482
51489
51489
51502
51503
51504
51515
51541
51546
51562
51564
51565
51569
51579
51589
51619
51623
51632
51634
51635
51648
51656
51673
51674
51675
51699
51716
51729
51736
51752
51758
51762
51774
51778
51782
51791
51793
51802
51819
51820
51824
51838
51843
51848
51855
51857
51859
51882
51895
51897
51912
51918
51928
51937
51940
51941
51944
51954
51967
51979
51990
52007
52013
52013
52019
52021
52025
52039
52047
52052
52052
52059
52065
52065
52066
52069
52073
52080
52080
52093
52114
52117
52120
52126
52129
52130
52149
52154
52168
52174
52177
52181
52186
52191
52191
52193
52199
52229
52236
52237
52239
52244
52249
52259
52259
52260
52272
52278
52293
52295
52296
52298
52309
52311
52319
52321
52327
52327
52327
52331
52331
52342
52345
52351
52359
52361
52367
52367
52369
52375
52376
52380
52388
52397
52401
52410
52414
52422
52432
52438
52443
52444
52460
52465
52474
52476
52480
52482
52482
52490
52497
52499
52501
52508
52517
52520
52525
52540
52543
52546
52550
52550
52555
52557
52560
52573
52574
52578
52578
52582
52590
52593
52607
52611
52614
52615
52632
52633
52635
52648
52649
52651
52665
52675
52676
52693
52694
52696
52708
52709
52715
52723
52726
52729
52733
52739
52741
52749
52758
52759
52761
52777
52800
52802
52815
52818
52819
52831
52839
52842
52862
52865
52867
52878
52892
52901
52903
52905
52922
52928
52945
52951
52961
52964
52969
52972
52980
52981
52991
52995
53012
53013
53013
53016
53031
53037
53037
53039
53043
53044
53050
53056
53057
53060
53079
53080
53088
53093
53093
53102
53103
53110
53128
53129
53129
53131
53134
53143
53145
53165
53166
53177
53181
53182
53185
53186
53198
53207
53210
53212
53214
53228
53230
53238
53244
53245
53246
53247
53252
53262
53262
53263
53267
53270
53279
53280
53287
53289
53295
53302
53307
53308
53314
53318
53324
53326
53327
53330
53336
53339
53354
53355
53361
53365
53379
53379
53390
53397
53402
53408
53415
53417
53418
53426
53432
53457
53478
53486
53487
53489
53505
53507
53511
53525
53547
53553
53555
53565
53577
53592
53594
53598
53602
53614
53616
53632
53639
53639
53646
53656
53664
53672
53673
53680
53694
53705
53708
53717
53718
53718
53723
53728
53740
53744
53745
53755
53758
53793
53798
53815
53821
53825
53825
53826
53830
53846
53848
53856
53856
53863
53865
53868
53873
53879
53880
53880
53889
53890
53892
53905
53911
53914
53916
53924
53930
53933
53933
53941
53951
53954
53956
53968
53975
53980
53987
53993
54002
54010
54030
54031
54034
54037
54045
54049
54050
54056
54061
54077
54083
54085
54087
54088
54091
54096
54102
54124
54136
54139
54144
54145
54152
54155
54158
54177
54180
54204
54208
54212
54219
54228
54229
54233
54242
54251
54260
54267
54268
54275
54279
54302
54303
54330
54333
54336
54352
54353
54357
54364
54366
54380
54406
54419
54421
54426
54428
54430
54432
54438
54444
54455
54458
54463
54464
54466
54467
54473
54476
54480
54487
54491
54501
54503
54504
54520
54531
54536
54538
54541
54552
54553
54555
54558
54582
54587
54594
54595
54603
54603
54604
54608
54627
54631
54633
54649
54661
54666
54674
54680
54684
54688
54689
54689
54695
54697
54703
54707
54709
54711
54714
54730
54732
54733
54742
54746
54770
54793
54799
54801
54816
54822
54824
54834
54845
54849
54852
54853
54857
54869
54871
54878
54890
54906
54914
54917
54922
54922
54945
54947
54950
54952
54957
54966
54973
54989
54992
54993
55006
55011
55032
55034
55034
55061
55064
55077
55085
55086
55089
55093
55113
55121
55124
55133
55150
55151
55153
55167
55171
55172
55186
55190
55193
55198
55200
55215
55222
55235
55242
55245
55259
55260
55282
55282
55290
55293
55297
55300
55302
55326
55327
55342
55352
55358
55368
55372
55382
55387
55388
55397
55418
55433
55439
55458
55462
55463
55464
55467
55474
55477
55498
55505
55507
55508
55512
55514
55521
55524
55530
55530
55535
55537
55538
55545
55555
55563
55580
55592
55593
55600
55603
55605
55635
55643
55645
55652
55660
55666
55668
55670
55675
55679
55696
55703
55713
55715
55720
55726
55727
55736
55745
55751
55754
55756
55758
55761
55762
55762
55769
55781
55792
55792
55801
55810
55812
55822
55830
55846
55847
55861
55862
55880
55887
55888
55890
55890
55893
55894
55898
55903
55915
55916
55925
55932
55942
55946
55959
55963
55965
55972
55974
56008
56010
56026
56030
56035
56043
56045
56047
56074
56082
56096
56102
56126
56126
56129
56137
56139
56143
56171
56172
56172
56188
56189
56195
56204
56206
56207
56214
56239
56247
56262
56266
56273
56288
56293
56298
56299
56300
56300
56308
56331
56340
56352
56352
56354
56366
56367
56367
56373
56382
56387
56390
56396
56405
56409
56436
56437
56440
56452
56471
56472
56484
56486
56488
56500
56501
56505
56524
56528
56532
56536
56537
56549
56549
56564
56573
56585
56600
56603
56609
56610
56625
56629
56631
56640
56650
56667
56674
56676
56681
56689
56691
56692
56696
56724
56729
56738
56743
56746
56751
56752
56760
56766
56778
56787
56810
56814
56821
56835
56841
56843
56844
56846
56846
56852
56853
56860
56864
56866
56870
56872
56888
56899
56899
56920
56922
56924
56928
56929
56931
56931
56944
56948
56959
56970
56975
56989
56992
57009
57010
57015
57015
57022
57023
57030
57033
57034
57046
57050
57055
57075
57079
57095
57107
57111
57112
57117
57117
57126
57126
57129
57131
57146
57147
57147
57166
57174
57176
57177
57188
57193
57193
57204
57208
57216
57218
57227
57234
57235
57246
57253
57259
57283
57289
57303
57308
57310
57310
57312
57318
57336
57355
57358
57360
57363
57376
57383
57386
57386
57395
57396
57397
57419
57421
57427
57429
57436
57437
57442
57446
57454
57459
57463
57463
57474
57479
57492
57495
57495
57500
57505
57506
57508
57514
57521
57524
57529
57530
57533
57534
57541
57555
57559
57560
57566
57566
57574
57582
57582
57590
57602
57606
57607
57613
57615
57625
57625
57634
57636
57643
57644
57647
57649
57666
57667
57667
57670
57671
57677
57679
57681
57684
57684
57685
57687
57691
57698
57705
57710
57718
57729
57734
57746
57753
57753
57756
57760
57774
57776
57777
57790
57793
57797
57801
57803
57810
57814
57815
57824
57829
57831
57832
57839
57846
57855
57860
57870
57871
57878
57884
57887
57887
57902
57904
57906
57913
57916
57936
57950
57960
57962
57964
57965
57983
58000
58007
58022
58023
58027
58054
58055
58066
58076
58077
58090
58092
58099
58101
58106
58107
58119
58124
58137
58158
58159
58161
58173
58177
58192
58211
58223
58243
58245
58257
58260
58275
58293
58296
58309
58310
58311
58338
58341
58346
58347
58349
58359
58364
58371
58381
58390
58410
58416
58426
58440
58459
58461
58489
58504
58509
58516
58520
58522
58525
58527
58548
58569
58584
58588
58596
58598
58599
58605
58613
58625
58656
58662
58683
58689
58692
58705
58710
58723
58730
58731
58732
58749
58760
58763
58788
58790
58798
58805
58811
58834
58840
58841
58844
58851
58853
58875
58882
58888
58889
58899
58904
58911
58925
58929
58934
58939
58946
58965
58979
58992
59016
59016
59023
59025
59031
59033
59039
59070
59073
59074
59082
59092
59108
59110
59114
59119
59121
59125
59126
59130
59138
59139
59142
59147
59153
59171
59176
59206
59207
59228
59230
59230
59277
59280
59284
59310
59334
59362
59368
59381
59419
59504
59516
59520
59549
59564
59565
59581
59596
59627
59644
59689
59704
59748
59765
59808
59820
59824
59936
59943
59949
59974
59998
60017
60030
60049
60065
60071
60099
60147
60150
60171
60229
60233
60238
60254
60288
60370
60382
60441
60494
60550
60596
60607
60804
60815
60840
60841
60852
60885
60904
60964
61027
61126
61209
-1
