28295
28372
28373
28373
28432
28546
28630
28683
28740
28779
28789
28881
28882
28937
28997
29015
29031
29044
29048
29051
29054
29061
29061
29066
29069
29076
29085
29099
29104
29106
29120
29121
29122
29126
29126
29127
29137
29148
29153
29159
29167
29169
29177
29182
29184
29193
29196
29197
29199
29202
29219
29234
29249
29260
29264
29267
29277
29280
29282
29283
29283
29298
29303
29304
29305
29309
29309
29312
29314
29320
29326
29327
29329
29331
29342
29343
29345
29350
29351
29352
29354
29359
29359
29359
29372
29372
29373
29397
29400
29403
29409
29422
29441
29443
29446
29457
29458
29464
29467
29471
29474
29475
29478
29480
29481
29487
29494
29494
29500
29502
29512
29513
29517
29522
29523
29523
29527
29527
29529
29534
29562
29574
29577
29595
29602
29602
29603
29623
29628
29639
29664
29670
29673
29694
29702
29718
29730
29740
29741
29746
29748
29756
29761
29766
29768
29771
29771
29792
29792
29817
29822
29843
29857
29861
29865
29874
29879
29892
29901
29901
29909
29911
29915
29917
29917
29921
29930
29937
29942
29962
29965
29973
29977
29983
29990
29999
30000
30002
30005
30014
30023
30031
30035
30044
30056
30067
30076
30079
30082
30085
30093
30100
30123
30125
30138
30143
30145
30155
30164
30169
30182
30183
30184
30189
30194
30195
30220
30229
30234
30236
30236
30239
30241
30241
30243
30251
30262
30277
30278
30280
30285
30292
30294
30298
30302
30315
30332
30340
30345
30351
30352
30359
30362
30366
30408
30414
30421
30421
30423
30432
30437
30441
30444
30449
30453
30453
30470
30477
30479
30480
30492
30492
30498
30505
30512
30530
30540
30541
30565
30570
30572
30575
30594
30604
30606
30607
30607
30613
30621
30640
30641
30652
30653
30653
30667
30667
30674
30677
30688
30691
30694
30702
30703
30707
30713
30725
30728
30733
30735
30746
30749
30754
30757
30762
30766
30771
30774
30802
30803
30813
30813
30813
30815
30830
30830
30836
30837
30846
30851
30857
30865
30866
30866
30867
30879
30879
30889
30897
30897
30909
30912
30921
30922
30935
30938
30939
30944
30945
30947
30947
30951
30963
30964
30972
30979
30988
30988
31005
31006
31016
31017
31021
31025
31026
31031
31039
31044
31059
31067
31067
31072
31073
31090
31092
31092
31095
31106
31108
31123
31123
31144
31158
31164
31164
31179
31181
31187
31191
31199
31199
31206
31208
31216
31221
31230
31239
31240
31241
31246
31246
31248
31254
31262
31264
31273
31276
31308
31310
31313
31324
31324
31327
31333
31348
31351
31365
31371
31375
31376
31381
31383
31386
31394
31398
31401
31403
31409
31425
31433
31445
31460
31472
31472
31477
31484
31495
31500
31511
31515
31517
31523
31531
31537
31544
31546
31549
31550
31573
31574
31593
31601
31602
31608
31614
31617
31636
31640
31648
31650
31659
31664
31670
31681
31687
31699
31699
31700
31701
31702
31707
31721
31738
31748
31766
31767
31771
31775
31794
31796
31799
31801
31804
31804
31824
31825
31826
31828
31831
31833
31833
31848
31865
31879
31880
31888
31917
31943
31955
31976
31981
31983
31984
31985
31988
31990
32004
32010
32012
32015
32016
32018
32029
32038
32042
32043
32046
32058
32066
32069
32083
32094
32096
32097
32099
32112
32125
32127
32142
32148
32153
32156
32158
32162
32162
32168
32172
32173
32179
32186
32201
32202
32207
32217
32218
32224
32227
32228
32230
32231
32231
32231
32240
32240
32241
32244
32247
32257
32258
32290
32291
32292
32299
32314
32322
32343
32353
32359
32359
32365
32366
32367
32369
32371
32382
32382
32392
32395
32396
32401
32403
32404
32409
32410
32419
32421
32426
32427
32435
32442
32445
32445
32452
32453
32458
32459
32462
32476
32484
32484
32485
32486
32487
32498
32506
32508
32515
32517
32520
32526
32539
32546
32547
32550
32552
32553
32553
32554
32573
32584
32584
32588
32593
32596
32600
32602
32603
32603
32610
32621
32623
32624
32624
32625
32628
32631
32640
32641
32644
32648
32652
32653
32653
32663
32665
32669
32679
32682
32698
32704
32712
32714
32718
32728
32734
32759
32763
32764
32767
32778
32779
32788
32790
32790
32793
32797
32809
32813
32818
32836
32842
32847
32858
32863
32866
32878
32881
32882
32899
32903
32919
32931
32938
32938
32951
32956
32962
32965
32966
32978
32991
32994
33000
33005
33010
33012
33025
33027
33028
33031
33054
33058
33058
33059
33063
33063
33080
33093
33097
33099
33102
33103
33108
33111
33112
33120
33129
33130
33145
33150
33154
33159
33162
33167
33177
33183
33190
33194
33202
33203
33208
33214
33215
33216
33222
33224
33225
33225
33234
33234
33238
33241
33245
33246
33257
33269
33270
33272
33273
33276
33277
33286
33292
33293
33296
33297
33297
33299
33303
33306
33314
33318
33319
33319
33359
33361
33375
33375
33402
33409
33414
33420
33420
33421
33426
33437
33438
33440
33441
33446
33449
33453
33453
33456
33460
33480
33484
33485
33487
33497
33522
33532
33536
33544
33549
33568
33570
33575
33578
33578
33579
33583
33584
33590
33591
33606
33606
33607
33609
33610
33621
33644
33648
33658
33660
33662
33663
33671
33677
33696
33714
33722
33736
33738
33751
33752
33758
33773
33787
33795
33801
33808
33837
33844
33848
33888
33888
33890
33893
33894
33895
33900
33905
33908
33915
33928
33932
33936
33948
33948
33962
33965
33966
33967
33970
33982
33989
33991
33993
34001
34006
34012
34014
34017
34018
34018
34019
34022
34025
34032
34038
34041
34043
34045
34052
34057
34064
34074
34078
34079
34079
34089
34100
34108
34114
34117
34119
34124
34133
34152
34153
34155
34157
34169
34172
34183
34186
34193
34200
34202
34208
34215
34221
34224
34236
34240
34248
34275
34280
34286
34298
34319
34326
34347
34351
34361
34362
34390
34399
34405
34405
34407
34411
34412
34412
34419
34424
34430
34437
34444
34463
34465
34475
34490
34492
34492
34500
34500
34500
34515
34532
34534
34552
34562
34570
34576
34583
34596
34597
34609
34623
34628
34653
34654
34663
34665
34666
34677
34692
34693
34699
34727
34731
34733
34742
34744
34748
34748
34750
34757
34775
34775
34777
34783
34789
34793
34797
34804
34805
34808
34827
34829
34834
34834
34835
34839
34844
34847
34855
34862
34871
34875
34885
34890
34894
34905
34918
34922
34923
34931
34933
34934
34936
34938
34940
34942
34944
34952
34956
34962
34968
34969
34975
34979
34979
34981
34987
35004
35004
35020
35031
35032
35032
35040
35049
35049
35051
35051
35058
35081
35082
35084
35097
35099
35112
35115
35127
35128
35131
35135
35142
35145
35146
35155
35168
35174
35181
35193
35202
35208
35214
35222
35223
35225
35225
35228
35230
35233
35240
35245
35254
35264
35287
35297
35300
35311
35319
35320
35322
35326
35337
35344
35345
35357
35375
35377
35381
35386
35389
35398
35410
35412
35421
35432
35440
35451
35459
35466
35466
35480
35485
35485
35486
35489
35502
35507
35524
35540
35542
35554
35561
35586
35591
35606
35607
35607
35609
35613
35630
35630
35632
35643
35646
35648
35648
35654
35656
35663
35670
35683
35684
35694
35699
35699
35709
35721
35724
35727
35729
35739
35745
35757
35758
35759
35761
35762
35768
35769
35776
35782
35784
35784
35796
35797
35799
35799
35806
35808
35832
35833
35834
35836
35844
35865
35868
35875
35879
35885
35900
35906
35907
35908
35909
35911
35914
35914
35915
35940
35956
35959
35959
35968
35972
35972
35985
35990
35991
36001
36004
36010
36013
36014
36020
36020
36021
36021
36030
36040
36049
36050
36063
36064
36067
36068
36069
36070
36070
36074
36075
36084
36105
36106
36108
36118
36125
36131
36135
36153
36179
36180
36183
36184
36184
36201
36201
36205
36210
36212
36218
36226
36229
36254
36256
36258
36261
36263
36290
36297
36299
36308
36309
36313
36317
36325
36327
36331
36337
36340
36340
36346
36347
36347
36362
36362
36370
36374
36374
36378
36395
36404
36405
36410
36418
36419
36438
36442
36443
36444
36448
36453
36464
36466
36475
36475
36476
36477
36484
36495
36499
36499
36517
36518
36526
36538
36546
36548
36548
36550
36557
36561
36564
36569
36569
36575
36578
36578
36581
36582
36598
36599
36607
36619
36622
36625
36635
36637
36644
36653
36658
36659
36662
36669
36675
36677
36678
36681
36687
36688
36688
36694
36695
36703
36707
36707
36709
36711
36726
36741
36748
36759
36770
36780
36784
36788
36789
36796
36834
36850
36851
36858
36862
36867
36877
36877
36878
36883
36893
36895
36902
36904
36906
36917
36919
36939
36948
36951
36952
36963
36969
36980
36980
36992
36995
36997
37000
37007
37014
37015
37017
37025
37026
37026
37046
37048
37053
37074
37077
37081
37081
37108
37121
37126
37126
37129
37133
37135
37137
37137
37138
37139
37148
37156
37156
37190
37202
37214
37223
37237
37238
37245
37251
37251
37254
37255
37257
37264
37264
37300
37305
37311
37314
37320
37329
37333
37348
37355
37357
37373
37374
37376
37406
37407
37409
37410
37411
37419
37424
37428
37432
37442
37449
37462
37463
37472
37473
37478
37486
37493
37495
37503
37505
37508
37520
37526
37532
37535
37538
37561
37589
37590
37608
37612
37614
37614
37621
37624
37627
37628
37639
37640
37647
37649
37651
37666
37666
37670
37670
37675
37679
37679
37681
37685
37688
37689
37700
37705
37707
37716
37720
37721
37750
37753
37756
37759
37761
37789
37789
37791
37791
37794
37794
37797
37797
37811
37816
37824
37830
37840
37849
37850
37854
37861
37880
37887
37887
37890
37898
37906
37906
37915
37917
37919
37920
37924
37927
37938
37945
37979
37990
37993
37996
38000
38002
38018
38025
38047
38047
38058
38060
38065
38067
38068
38071
38074
38076
38085
38090
38093
38100
38103
38108
38112
38115
38127
38134
38140
38140
38146
38149
38155
38158
38171
38175
38189
38190
38191
38192
38193
38200
38205
38207
38209
38213
38215
38218
38222
38224
38229
38235
38239
38249
38253
38262
38268
38273
38286
38292
38300
38306
38306
38310
38311
38314
38325
38327
38362
38383
38388
38393
38396
38407
38407
38418
38422
38422
38430
38457
38458
38467
38468
38471
38478
38494
38511
38514
38523
38549
38552
38555
38562
38562
38570
38583
38585
38598
38611
38618
38620
38622
38626
38640
38654
38654
38654
38655
38692
38693
38694
38707
38708
38710
38724
38737
38743
38744
38745
38752
38770
38772
38772
38778
38779
38792
38799
38802
38829
38838
38844
38846
38856
38862
38864
38865
38867
38870
38871
38871
38877
38878
38883
38887
38908
38910
38915
38920
38927
38937
38943
38950
38960
38962
38963
38968
38984
38984
38997
38998
39011
39013
39015
39016
39024
39026
39028
39046
39047
39055
39067
39081
39082
39084
39089
39094
39109
39112
39117
39128
39129
39139
39145
39150
39150
39158
39162
39163
39169
39174
39178
39195
39199
39208
39208
39217
39219
39241
39242
39244
39252
39256
39278
39287
39288
39304
39316
39323
39323
39335
39344
39347
39353
39375
39380
39387
39392
39393
39397
39409
39427
39428
39437
39448
39457
39474
39481
39482
39488
39502
39515
39517
39522
39525
39527
39537
39551
39563
39565
39565
39569
39585
39616
39619
39648
39648
39650
39653
39665
39674
39693
39697
39699
39700
39700
39711
39712
39715
39717
39721
39727
39734
39741
39742
39760
39764
39765
39770
39776
39777
39783
39786
39793
39802
39805
39808
39816
39829
39839
39842
39856
39858
39864
39873
39873
39876
39877
39881
39883
39884
39888
39901
39901
39903
39918
39918
39921
39925
39927
39935
39936
39937
39944
39945
39946
39962
39966
39973
39974
39976
39982
39982
39989
39991
39991
39992
39995
39998
40005
40024
40025
40034
40036
40041
40049
40052
40056
40059
40069
40078
40086
40088
40104
40109
40139
40144
40149
40154
40155
40171
40179
40184
40188
40192
40207
40220
40225
40232
40244
40247
40254
40258
40262
40263
40267
40285
40299
40307
40315
40319
40323
40330
40347
40355
40355
40377
40393
40406
40408
40428
40428
40437
40447
40454
40459
40466
40470
40474
40479
40485
40485
40487
40490
40499
40503
40521
40522
40539
40544
40555
40555
40556
40574
40575
40579
40579
40580
40581
40584
40585
40590
40605
40614
40625
40626
40626
40626
40627
40634
40637
40638
40639
40642
40649
40663
40673
40678
40681
40692
40699
40707
40720
40721
40722
40722
40748
40753
40755
40759
40776
40779
40787
40792
40796
40805
40806
40818
40818
40820
40820
40823
40830
40844
40852
40858
40870
40877
40881
40883
40892
40895
40898
40900
40902
40906
40913
40936
40940
40946
40979
40982
40984
40987
40994
40999
41001
41014
41038
41038
41053
41066
41066
41068
41069
41074
41079
41080
41086
41087
41094
41115
41117
41118
41121
41129
41129
41137
41139
41142
41143
41143
41144
41144
41147
41151
41157
41158
41161
41169
41177
41183
41187
41189
41198
41213
41213
41225
41228
41233
41251
41252
41267
41269
41277
41279
41293
41293
41303
41303
41306
41307
41307
41310
41314
41322
41323
41345
41347
41348
41356
41359
41365
41370
41380
41392
41395
41396
41403
41424
41430
41433
41435
41436
41446
41459
41462
41471
41480
41489
41491
41491
41494
41503
41507
41509
41513
41518
41526
41535
41544
41556
41579
41584
41586
41594
41595
41606
41619
41640
41645
41649
41662
41671
41685
41695
41714
41715
41717
41721
41722
41728
41747
41751
41757
41759
41787
41787
41793
41797
41800
41803
41804
41813
41827
41827
41828
41828
41841
41843
41855
41859
41861
41868
41900
41900
41907
41909
41915
41932
41945
41948
41950
41957
41958
41963
41969
41975
41978
41984
42012
42014
42018
42034
42034
42038
42056
42066
42070
42072
42092
42100
42119
42128
42136
42140
42145
42149
42154
42159
42165
42171
42172
42174
42181
42195
42203
42212
42214
42229
42232
42232
42235
42242
42256
42257
42261
42262
42264
42268
42273
42277
42278
42281
42284
42307
42310
42319
42328
42329
42335
42342
42348
42358
42377
42388
42399
42402
42406
42414
42416
42420
42422
42425
42425
42432
42436
42450
42452
42454
42475
42480
42484
42490
42505
42513
42516
42521
42535
42538
42547
42555
42562
42563
42563
42569
42571
42586
42594
42596
42601
42628
42630
42630
42633
42635
42638
42638
42639
42640
42642
42650
42651
42654
42655
42658
42666
42684
42689
42691
42692
42710
42717
42726
42730
42741
42752
42754
42755
42756
42757
42765
42766
42767
42772
42775
42778
42787
42793
42794
42814
42823
42849
42853
42854
42858
42859
42861
42866
42869
42888
42889
42895
42917
42920
42921
42926
42930
42947
42971
42978
42980
42982
42982
42983
42986
42988
43000
43001
43010
43016
43021
43023
43032
43035
43037
43039
43063
43065
43070
43079
43083
43103
43104
43109
43131
43136
43156
43169
43169
43174
43182
43182
43186
43197
43204
43224
43228
43248
43249
43257
43258
43259
43270
43278
43293
43295
43296
43296
43296
43297
43308
43308
43316
43316
43319
43329
43338
43350
43354
43362
43376
43377
43379
43389
43389
43411
43417
43418
43420
43423
43433
43450
43450
43467
43471
43474
43486
43488
43499
43506
43507
43515
43521
43529
43543
43549
43551
43567
43593
43599
43603
43603
43627
43629
43638
43642
43648
43648
43655
43672
43682
43699
43707
43713
43722
43732
43738
43741
43744
43749
43758
43760
43765
43766
43778
43778
43780
43781
43781
43781
43791
43799
43799
43809
43809
43828
43843
43843
43849
43849
43857
43858
43862
43865
43873
43875
43892
43895
43907
43928
43928
43933
43941
43942
43955
43960
43968
43973
43975
43980
43987
43987
44000
44002
44004
44009
44014
44023
44031
44035
44039
44041
44045
44062
44064
44067
44069
44070
44071
44075
44088
44090
44103
44109
44115
44117
44124
44127
44142
44146
44154
44158
44164
44172
44178
44185
44187
44193
44195
44221
44224
44226
44227
44229
44237
44241
44245
44246
44248
44257
44261
44263
44270
44271
44276
44282
44305
44309
44314
44320
44329
44330
44331
44351
44358
44364
44364
44368
44377
44381
44381
44387
44395
44397
44407
44409
44409
44410
44412
44435
44439
44442
44452
44455
44459
44465
44475
44497
44503
44508
44511
44514
44522
44523
44533
44541
44572
44587
44588
44595
44602
44602
44621
44631
44639
44642
44643
44648
44649
44649
44656
44658
44659
44663
44671
44678
44681
44696
44709
44718
44722
44726
44754
44755
44763
44784
44784
44795
44799
44806
44811
44846
44850
44850
44855
44859
44861
44862
44889
44900
44900
44914
44917
44920
44924
44951
44956
44959
44964
44965
44965
44968
44970
44991
44995
45018
45032
45036
45039
45045
45047
45050
45051
45056
45058
45065
45065
45069
45082
45088
45099
45103
45106
45115
45116
45119
45121
45122
45128
45129
45149
45151
45152
45173
45184
45191
45196
45204
45204
45220
45256
45256
45264
45269
45294
45306
45313
45317
45318
45321
45322
45328
45347
45349
45362
45363
45365
45370
45371
45372
45373
45373
45373
45382
45384
45392
45400
45418
45422
45426
45437
45439
45450
45453
45462
45464
45472
45473
45473
45477
45482
45482
45492
45498
45509
45510
45512
45514
45516
45523
45533
45534
45544
45549
45552
45556
45571
45584
45585
45590
45592
45595
45596
45601
45609
45615
45636
45641
45644
45646
45660
45662
45666
45679
45681
45682
45688
45688
45702
45708
45708
45712
45714
45725
45728
45729
45730
45752
45754
45766
45781
45784
45784
45786
45792
45793
45796
45797
45800
45805
45812
45815
45829
45835
45836
45851
45853
45858
45860
45872
45884
45898
45912
45923
45925
45932
45948
45948
45959
45975
45977
45982
45984
46004
46028
46031
46038
46042
46089
46111
46116
46116
46128
46139
46144
46146
46156
46169
46172
46175
46177
46206
46209
46216
46221
46238
46244
46250
46272
46275
46277
46281
46281
46300
46322
46326
46329
46341
46347
46348
46351
46359
46382
46393
46395
46397
46407
46409
46416
46418
46436
46441
46449
46457
46457
46462
46464
46474
46475
46491
46503
46511
46516
46527
46536
46542
46549
46549
46550
46554
46558
46559
46561
46564
46570
46574
46575
46585
46595
46598
46605
46605
46616
46617
46619
46620
46627
46629
46631
46633
46634
46636
46642
46654
46670
46674
46675
46684
46706
46710
46717
46720
46721
46724
46740
46746
46758
46760
46762
46764
46775
46777
46780
46784
46784
46793
46799
46801
46803
46807
46807
46815
46823
46824
46827
46828
46834
46839
46844
46860
46865
46880
46882
46887
46889
46899
46900
46902
46903
46919
46922
46924
46926
46927
46935
46949
46953
46960
46965
46970
46972
46977
46977
46983
46991
47006
47025
47042
47043
47046
47052
47053
47058
47064
47072
47075
47076
47078
47081
47093
47097
47100
47101
47126
47132
47133
47139
47169
47171
47177
47184
47198
47200
47204
47214
47215
47221
47223
47226
47229
47233
47234
47236
47263
47278
47298
47312
47318
47325
47331
47367
47371
47372
47387
47387
47395
47410
47416
47421
47434
47435
47436
47442
47446
47465
47473
47486
47510
47512
47513
47525
47526
47526
47533
47545
47546
47547
47548
47548
47550
47568
47568
47570
47578
47586
47588
47589
47598
47598
47603
47604
47609
47612
47618
47627
47629
47630
47635
47641
47651
47659
47662
47673
47674
47698
47706
47706
47709
47720
47722
47744
47745
47749
47751
47761
47769
47771
47777
47782
47783
47785
47789
47802
47812
47815
47819
47824
47825
47840
47847
47851
47878
47879
47883
47888
47895
47897
47906
47912
47913
47926
47934
47934
47969
47981
47988
47993
47998
48003
48007
48013
48021
48025
48038
48040
48054
48071
48073
48088
48091
48106
48118
48134
48135
48136
48138
48143
48152
48152
48154
48158
48167
48169
48172
48204
48211
48216
48224
48234
48240
48240
48257
48274
48276
48283
48285
48285
48286
48297
48303
48306
48320
48320
48320
48321
48322
48352
48352
48364
48375
48380
48382
48383
48396
48412
48420
48422
48429
48434
48434
48436
48439
48440
48440
48448
48458
48467
48478
48479
48484
48489
48499
48502
48515
48518
48528
48530
48533
48540
48541
48542
48546
48550
48559
48566
48590
48593
48593
48632
48639
48640
48642
48643
48645
48647
48661
48700
48702
48704
48711
48713
48722
48722
48726
48744
48747
48753
48755
48764
48770
48796
48808
48831
48847
48850
48851
48853
48858
48866
48873
48890
48899
48904
48907
48917
48918
48921
48926
48936
48948
48977
48978
48987
48992
48996
49001
49005
49010
49027
49052
49058
49076
49079
49095
49096
49096
49104
49105
49122
49125
49151
49160
49160
49182
49184
49195
49211
49230
49238
49244
49248
49256
49261
49269
49278
49285
49308
49308
49315
49315
49319
49325
49331
49339
49339
49341
49351
49360
49363
49371
49381
49382
49384
49392
49402
49406
49407
49416
49421
49438
49441
49442
49446
49460
49470
49473
49474
49495
49495
49502
49512
49518
49525
49525
49527
49545
49548
49548
49551
49554
49559
49564
49594
49596
49597
49604
49612
49617
49644
49651
49656
49679
49683
49687
49690
49695
49696
49701
49720
49727
49735
49736
49742
49748
49769
49770
49786
49790
49793
49796
49820
49825
49836
49853
49854
49856
49864
49867
49878
49885
49891
49892
49904
49920
49921
49924
49925
49933
49952
49958
49971
49975
49981
49993
49994
50020
50021
50026
50039
50046
50054
50066
50069
50075
50079
50081
50096
50105
50113
50118
50122
50128
50155
50161
50167
50191
50197
50198
50254
50256
50260
50284
50285
50291
50292
50301
50321
50335
50340
50346
50346
50359
50372
50376
50381
50381
50383
50386
50397
50397
50415
50420
50421
50430
50455
50456
50464
50470
50474
50478
50482
50495
50520
50538
50546
50547
50558
50583
50583
50586
50587
50588
50596
50597
50598
50615
50616
50625
50631
50637
50643
50661
50663
50668
50671
50695
50705
50711
50726
50734
50738
50745
50755
50765
50783
50799
50822
50829
50830
50833
50837
50843
50844
50848
50850
50850
50862
50878
50878
50880
50905
50909
50918
50919
50922
50931
50935
50938
50942
50944
50955
50968
50970
50978
50979
50980
50983
50983
50988
50995
51006
51018
51026
51033
51039
51040
51041
51052
51054
51067
51071
51072
51085
51087
51096
51099
51109
51115
51116
51118
51120
51127
51132
51142
51145
51146
51159
51164
51171
51172
51173
51173
51178
51183
51184
51185
51188
51198
51199
51203
51215
51219
51226
51236
51259
51266
51278
51282
51282
51285
51296
51298
51308
51314
51319
51320
51330
51339
51345
51350
51351
51367
51374
51374
51375
51381
51385
51385
51391
51394
51422
51430
51437
51438
51454
51456
51462
51465
51469
51481
51481
51500
51504
51510
51510
51523
51530
51537
51550
51550
51559
51560
51562
51565
51573
51579
51586
51595
51611
51615
51616
51624
51625
51628
51630
51632
51654
51662
51665
51685
51696
51702
51706
51713
51727
51733
51751
51752
51756
51757
51760
51764
51766
51774
51778
51791
51796
51800
51802
51802
51802
51812
51813
51820
51821
51832
51837
51841
51861
51861
51864
51867
51867
51868
51872
51877
51906
51910
51911
51919
51933
51937
51938
51945
51954
51956
51957
51966
51979
51985
52002
52005
52017
52017
52024
52031
52051
52052
52068
52070
52075
52081
52084
52085
52102
52119
52120
52121
52125
52131
52135
52138
52154
52155
52157
52178
52181
52181
52183
52202
52205
52206
52207
52207
52207
52209
52214
52216
52222
52226
52229
52234
52240
52241
52247
52252
52254
52255
52257
52258
52302
52314
52316
52319
52322
52329
52335
52339
52344
52348
52351
52351
52355
52357
52359
52372
52377
52378
52382
52392
52393
52428
52429
52432
52445
52447
52449
52451
52453
52464
52468
52477
52492
52495
52499
52500
52501
52514
52523
52533
52535
52538
52542
52553
52559
52565
52569
52574
52575
52597
52598
52615
52617
52621
52622
52628
52633
52637
52640
52641
52648
52652
52663
52694
52705
52719
52722
52725
52748
52771
52775
52784
52806
52807
52813
52823
52825
52834
52845
52846
52849
52852
52852
52858
52873
52882
52886
52893
52921
52922
52922
52923
52924
52933
52935
52941
52968
52972
52972
53005
53011
53022
53035
53043
53043
53055
53059
53070
53073
53076
53085
53086
53094
53095
53103
53106
53116
53133
53148
53151
53167
53167
53173
53181
53195
53201
53224
53228
53236
53245
53250
53277
53282
53284
53288
53290
53297
53300
53306
53313
53320
53336
53342
53352
53380
53382
53399
53407
53417
53419
53425
53439
53444
53448
53449
53450
53451
53466
53496
53507
53509
53513
53516
53556
53559
53566
53574
53577
53588
53596
53598
53599
53609
53612
53624
53637
53640
53687
53700
53710
53711
53734
53740
53746
53755
53763
53764
53768
53784
53788
53792
53797
53798
53804
53819
53823
53837
53856
53856
53859
53877
53888
53890
53893
53896
53914
53917
53919
53919
53927
53928
53937
53940
53948
53955
53957
53995
53998
54020
54027
54027
54034
54041
54068
54069
54076
54084
54093
54095
54098
54104
54108
54110
54125
54128
54129
54132
54134
54144
54155
54158
54161
54165
54170
54190
54191
54192
54195
54204
54208
54214
54220
54230
54242
54242
54254
54268
54269
54294
54295
54309
54321
54322
54322
54336
54338
54341
54349
54368
54375
54389
54391
54408
54416
54428
54429
54439
54446
54450
54460
54467
54475
54478
54498
54499
54500
54503
54529
54532
54532
54537
54546
54552
54554
54558
54560
54562
54574
54585
54591
54601
54602
54604
54604
54609
54611
54618
54625
54626
54634
54644
54652
54656
54656
54663
54663
54673
54678
54680
54686
54689
54716
54718
54722
54728
54729
54748
54751
54760
54760
54765
54769
54769
54793
54801
54805
54806
54809
54811
54830
54853
54862
54866
54868
54878
54897
54903
54905
54906
54911
54918
54918
54940
54942
54942
54944
54952
54954
54966
54967
54968
54977
54986
54987
55000
55023
55025
55032
55034
55038
55042
55045
55045
55056
55064
55075
55077
55092
55103
55111
55114
55121
55123
55130
55136
55137
55142
55144
55150
55151
55154
55163
55164
55166
55168
55173
55174
55180
55181
55188
55191
55198
55217
55227
55236
55240
55240
55243
55245
55266
55275
55279
55284
55285
55297
55299
55309
55311
55315
55321
55332
55343
55346
55347
55362
55366
55370
55372
55379
55385
55387
55400
55401
55404
55404
55412
55414
55417
55427
55428
55433
55443
55446
55450
55456
55460
55461
55463
55468
55469
55477
55484
55488
55494
55504
55506
55508
55523
55529
55532
55535
55535
55536
55538
55547
55548
55551
55551
55558
55566
55568
55571
55572
55584
55587
55599
55606
55608
55619
55619
55632
55633
55636
55639
55653
55656
55660
55683
55685
55693
55699
55700
55704
55704
55706
55706
55709
55720
55721
55729
55732
55732
55733
55737
55744
55746
55751
55756
55767
55769
55777
55777
55785
55795
55801
55805
55813
55828
55838
55853
55853
55854
55862
55872
55872
55875
55882
55891
55894
55903
55910
55913
55927
55936
55939
55941
55974
55991
55991
55992
55992
55994
56007
56014
56014
56015
56025
56026
56031
56035
56051
56057
56061
56062
56070
56075
56076
56076
56082
56094
56097
56104
56115
56119
56134
56148
56152
56161
56164
56165
56167
56169
56174
56176
56183
56184
56202
56202
56211
56211
56212
56212
56213
56222
56255
56266
56271
56288
56294
56305
56307
56313
56323
56333
56336
56340
56342
56346
56347
56348
56357
56359
56369
56372
56387
56395
56404
56404
56409
56410
56412
56416
56419
56420
56432
56434
56459
56462
56482
56488
56501
56505
56507
56513
56533
56533
56534
56534
56539
56552
56555
56559
56560
56569
56576
56588
56588
56591
56591
56612
56615
56615
56636
56653
56666
56671
56680
56692
56696
56696
56702
56703
56715
56726
56727
56728
56741
56743
56743
56757
56761
56765
56765
56784
56785
56787
56788
56800
56802
56803
56807
56819
56829
56845
56854
56856
56866
56867
56873
56877
56878
56887
56896
56897
56915
56919
56920
56921
56950
56952
56957
56957
56962
56963
56977
56978
56979
56980
56987
56989
56990
57006
57011
57014
57014
57018
57033
57037
57044
57051
57062
57067
57069
57069
57073
57079
57080
57083
57095
57098
57099
57100
57118
57140
57142
57148
57156
57165
57170
57183
57193
57199
57203
57204
57210
57212
57215
57216
57225
57225
57258
57263
57278
57282
57284
57290
57299
57299
57309
57329
57335
57336
57341
57353
57356
57363
57368
57369
57375
57382
57388
57391
57397
57398
57400
57402
57412
57419
57430
57431
57432
57434
57437
57444
57444
57447
57452
57459
57464
57465
57478
57490
57492
57498
57501
57502
57508
57516
57523
57532
57533
57537
57550
57553
57557
57581
57606
57610
57622
57624
57641
57642
57643
57655
57658
57662
57664
57685
57688
57723
57727
57735
57735
57744
57744
57759
57759
57761
57771
57773
57778
57783
57802
57807
57810
57812
57812
57813
57815
57824
57824
57824
57830
57837
57837
57840
57843
57853
57853
57859
57860
57865
57866
57896
57905
57907
57908
57911
57919
57928
57938
57942
57950
57959
57962
57964
57965
57970
57977
57980
57981
57986
57986
58000
58000
58013
58013
58034
58035
58043
58043
58043
58043
58043
58043
58048
58053
58056
58064
58064
58065
58067
58068
58071
58076
58081
58087
58088
58096
58096
58100
58109
58118
58126
58143
58143
58148
58151
58168
58186
58192
58205
58207
58227
58237
58244
58251
58255
58255
58257
58258
58262
58269
58285
58289
58297
58300
58308
58309
58312
58318
58335
58335
58344
58348
58353
58356
58366
58373
58378
58385
58392
58404
58405
58421
58430
58436
58441
58460
58467
58476
58481
58483
58483
58489
58490
58497
58500
58506
58514
58519
58519
58528
58531
58531
58535
58542
58543
58553
58555
58555
58556
58557
58560
58563
58565
58568
58572
58574
58589
58597
58605
58605
58614
58621
58647
58658
58668
58674
58682
58682
58686
58689
58689
58690
58701
58712
58713
58719
58757
58771
58788
58801
58813
58824
58862
58865
58868
58870
58889
58896
58896
58897
58910
58914
58920
58931
58942
58965
58965
58974
58977
58989
58993
58993
59000
59002
59041
59043
59048
59049
59054
59059
59064
59069
59071
59074
59078
59081
59085
59122
59138
59138
59166
59167
59180
59187
59197
59207
59226
59229
59233
59234
59247
59255
59260
59261
59287
59297
59329
59333
59333
59429
59429
59438
59453
59514
59532
59570
59591
59619
59620
59655
59671
59700
59702
59724
59732
59732
59734
59750
59754
59756
59766
59791
59800
59812
59824
59836
59842
59864
59874
59880
59883
59917
59929
59978
59979
60020
60043
60071
60076
60117
60154
60171
60245
60256
60281
60304
60323
60326
60335
60369
60398
60417
60452
60489
60594
60622
60735
60741
-1
