28034
28468
28484
28505
28528
28549
28552
28600
28623
28682
28695
28697
28780
28956
28989
28995
29001
29002
29011
29025
29027
29055
29062
29069
29079
29082
29086
29088
29089
29091
29102
29110
29116
29125
29127
29136
29140
29148
29165
29178
29181
29189
29190
29195
29205
29213
29225
29229
29233
29236
29250
29267
29268
29272
29279
29298
29298
29302
29306
29308
29314
29314
29324
29344
29344
29346
29346
29357
29364
29366
29369
29377
29380
29390
29391
29393
29393
29409
29417
29417
29422
29430
29436
29442
29444
29447
29453
29458
29459
29464
29465
29478
29479
29485
29502
29510
29510
29511
29512
29517
29520
29526
29532
29535
29539
29541
29552
29560
29576
29582
29585
29587
29588
29595
29599
29606
29612
29618
29623
29625
29629
29632
29633
29636
29636
29637
29643
29647
29648
29665
29670
29675
29676
29678
29683
29683
29699
29700
29704
29705
29707
29713
29715
29720
29739
29751
29757
29759
29771
29774
29777
29780
29793
29803
29805
29805
29812
29815
29817
29837
29840
29842
29848
29849
29850
29850
29859
29864
29864
29866
29870
29898
29903
29920
29926
29930
29949
29954
29954
29956
29969
29974
29976
29977
29984
29996
30006
30007
30013
30024
30029
30034
30040
30044
30046
30053
30057
30065
30074
30075
30087
30089
30102
30102
30107
30108
30112
30117
30118
30132
30137
30142
30154
30162
30179
30184
30185
30191
30191
30192
30199
30205
30215
30232
30244
30245
30251
30254
30260
30261
30267
30287
30293
30295
30299
30305
30311
30311
30317
30319
30322
30330
30334
30339
30339
30343
30343
30344
30355
30355
30358
30371
30372
30380
30389
30406
30406
30417
30440
30440
30441
30442
30450
30466
30476
30490
30499
30500
30504
30515
30516
30518
30523
30524
30527
30541
30544
30548
30554
30561
30580
30581
30589
30592
30593
30610
30632
30635
30641
30654
30655
30666
30682
30686
30692
30702
30706
30707
30716
30718
30738
30746
30747
30748
30757
30761
30770
30775
30780
30788
30792
30794
30798
30805
30811
30840
30841
30845
30846
30852
30852
30854
30854
30857
30859
30871
30881
30883
30913
30915
30929
30930
30934
30942
30943
30945
30956
30966
30971
30973
30974
30994
31009
31016
31018
31022
31023
31026
31029
31033
31036
31039
31046
31048
31053
31056
31062
31064
31065
31066
31069
31082
31082
31085
31101
31111
31121
31135
31136
31139
31144
31148
31156
31180
31183
31190
31200
31206
31208
31214
31229
31232
31234
31239
31243
31258
31281
31281
31282
31287
31287
31287
31288
31290
31301
31307
31307
31308
31311
31327
31333
31340
31350
31352
31364
31365
31376
31396
31399
31407
31408
31408
31416
31417
31425
31426
31436
31449
31463
31464
31479
31479
31481
31485
31486
31495
31499
31502
31509
31511
31515
31526
31526
31528
31532
31533
31543
31552
31553
31566
31574
31585
31595
31609
31614
31633
31640
31642
31654
31659
31662
31665
31665
31673
31677
31679
31679
31683
31688
31689
31693
31693
31701
31703
31714
31719
31724
31734
31743
31748
31754
31756
31769
31771
31779
31790
31791
31807
31816
31822
31829
31833
31833
31834
31854
31861
31864
31867
31877
31888
31909
31915
31921
31926
31941
31963
31965
31972
31972
31974
31975
32005
32017
32018
32032
32034
32036
32040
32041
32052
32065
32074
32084
32091
32092
32102
32103
32112
32114
32116
32127
32153
32170
32177
32183
32187
32196
32208
32212
32215
32220
32227
32228
32233
32236
32247
32249
32267
32279
32286
32288
32288
32300
32317
32325
32326
32368
32377
32389
32404
32405
32438
32439
32442
32446
32454
32455
32464
32469
32488
32493
32499
32506
32519
32551
32556
32564
32567
32569
32572
32574
32589
32598
32612
32619
32654
32658
32660
32665
32674
32680
32687
32708
32709
32712
32712
32722
32724
32758
32760
32766
32776
32777
32782
32792
32798
32804
32809
32811
32812
32820
32829
32830
32835
32840
32879
32881
32884
32899
32906
32916
32919
32921
32923
32923
32929
32930
32940
32942
32952
32954
32958
32961
32979
32983
32985
32995
33000
33008
33011
33012
33013
33024
33029
33029
33042
33043
33050
33052
33058
33064
33093
33101
33102
33105
33109
33114
33115
33129
33130
33131
33149
33153
33155
33161
33168
33168
33168
33169
33171
33179
33179
33179
33188
33193
33211
33214
33220
33228
33240
33244
33253
33254
33285
33312
33336
33345
33349
33363
33373
33392
33404
33407
33412
33422
33427
33429
33433
33441
33450
33452
33470
33477
33479
33482
33489
33494
33515
33516
33527
33531
33531
33532
33550
33556
33573
33579
33579
33596
33601
33601
33605
33607
33607
33610
33614
33614
33618
33624
33652
33661
33662
33674
33691
33691
33692
33712
33718
33732
33735
33741
33746
33746
33749
33751
33758
33759
33775
33775
33786
33793
33801
33825
33827
33827
33827
33832
33838
33845
33864
33866
33868
33878
33884
33895
33908
33920
33927
33927
33930
33951
33954
33957
33969
33978
33986
33993
34005
34006
34024
34032
34036
34036
34043
34058
34071
34072
34094
34095
34099
34101
34118
34122
34129
34137
34149
34153
34153
34171
34176
34190
34191
34198
34204
34210
34210
34214
34242
34243
34255
34259
34261
34277
34285
34297
34298
34303
34309
34310
34312
34316
34321
34353
34357
34370
34382
34392
34393
34394
34397
34403
34403
34409
34412
34413
34414
34418
34418
34442
34461
34462
34464
34476
34494
34494
34503
34507
34527
34531
34534
34544
34557
34581
34583
34586
34591
34594
34594
34595
34607
34616
34619
34644
34650
34659
34664
34668
34686
34699
34702
34709
34716
34724
34726
34735
34735
34741
34741
34743
34747
34755
34758
34765
34772
34790
34800
34820
34825
34847
34860
34865
34870
34880
34880
34881
34889
34896
34902
34904
34909
34914
34915
34921
34925
34927
34954
34963
34971
34977
34977
34978
34984
34989
34989
35001
35015
35035
35036
35042
35048
35079
35080
35090
35091
35102
35109
35109
35126
35132
35133
35146
35147
35151
35156
35161
35164
35166
35177
35185
35192
35193
35194
35195
35217
35224
35236
35245
35249
35258
35261
35262
35269
35278
35294
35305
35305
35308
35312
35332
35339
35361
35376
35377
35382
35390
35395
35398
35412
35416
35421
35430
35438
35441
35449
35460
35461
35464
35469
35470
35489
35493
35498
35507
35525
35528
35528
35551
35551
35556
35557
35567
35571
35573
35595
35603
35606
35621
35622
35623
35628
35632
35636
35643
35653
35679
35682
35686
35690
35708
35712
35723
35725
35734
35740
35748
35749
35749
35764
35765
35772
35781
35782
35795
35799
35807
35814
35830
35833
35835
35846
35849
35856
35856
35856
35861
35866
35870
35875
35878
35884
35890
35893
35898
35915
35917
35922
35926
35927
35931
35937
35943
35945
35945
35946
35961
35971
36004
36020
36039
36048
36050
36052
36054
36058
36083
36087
36097
36098
36102
36125
36127
36141
36176
36177
36182
36184
36192
36205
36209
36217
36221
36230
36252
36261
36263
36265
36277
36281
36285
36287
36287
36289
36291
36296
36298
36303
36314
36328
36333
36335
36337
36353
36356
36362
36376
36378
36388
36395
36401
36407
36413
36416
36432
36434
36443
36471
36473
36479
36500
36504
36524
36552
36558
36558
36561
36564
36574
36576
36585
36598
36602
36604
36609
36624
36642
36644
36662
36663
36664
36666
36679
36682
36694
36705
36705
36711
36713
36723
36735
36741
36754
36765
36768
36770
36780
36793
36802
36808
36819
36826
36834
36835
36847
36856
36870
36874
36877
36899
36905
36919
36929
36931
36935
36944
36951
36967
36968
36976
36976
36993
36993
36996
37001
37010
37015
37033
37033
37037
37038
37043
37048
37048
37061
37075
37079
37084
37090
37098
37100
37110
37119
37130
37133
37138
37143
37155
37162
37179
37191
37205
37206
37212
37221
37223
37231
37231
37244
37246
37249
37256
37263
37295
37300
37303
37304
37309
37311
37314
37325
37325
37326
37326
37330
37353
37356
37363
37371
37372
37374
37375
37382
37385
37389
37399
37416
37442
37489
37491
37496
37502
37505
37506
37512
37517
37524
37533
37534
37535
37544
37551
37581
37586
37599
37611
37616
37630
37638
37638
37640
37643
37659
37664
37668
37670
37670
37675
37679
37682
37684
37690
37698
37705
37708
37716
37719
37720
37724
37729
37733
37739
37739
37746
37746
37754
37756
37762
37776
37779
37789
37809
37810
37839
37843
37851
37859
37876
37878
37879
37889
37891
37914
37936
37948
37948
37963
37974
37975
37983
37987
38007
38008
38013
38015
38026
38043
38051
38052
38054
38056
38058
38061
38079
38083
38088
38097
38101
38106
38110
38112
38120
38123
38144
38145
38146
38152
38152
38153
38156
38171
38175
38194
38199
38200
38224
38225
38236
38237
38252
38258
38266
38267
38275
38289
38290
38295
38300
38311
38326
38328
38333
38343
38345
38353
38357
38362
38364
38370
38374
38374
38377
38397
38400
38409
38422
38422
38434
38445
38446
38446
38448
38464
38469
38483
38488
38488
38490
38499
38509
38512
38514
38524
38525
38526
38532
38539
38539
38553
38554
38555
38556
38563
38569
38571
38574
38585
38587
38589
38594
38602
38603
38623
38630
38631
38638
38650
38656
38669
38670
38671
38679
38695
38697
38698
38700
38702
38709
38716
38730
38747
38754
38754
38758
38765
38765
38770
38770
38776
38796
38810
38814
38820
38821
38830
38837
38843
38848
38853
38855
38869
38875
38877
38878
38879
38880
38884
38887
38893
38899
38899
38937
38957
38958
38969
38972
38975
38977
38985
38986
38992
38992
38999
39005
39019
39028
39040
39052
39052
39059
39060
39070
39074
39077
39084
39093
39097
39106
39108
39113
39116
39130
39132
39150
39155
39189
39189
39191
39193
39196
39203
39211
39211
39217
39217
39217
39218
39244
39248
39248
39254
39276
39278
39278
39279
39284
39288
39292
39307
39314
39316
39321
39324
39325
39330
39330
39336
39343
39344
39356
39371
39377
39378
39384
39402
39403
39403
39410
39413
39418
39418
39431
39433
39433
39437
39443
39446
39449
39452
39463
39469
39488
39491
39494
39506
39519
39519
39520
39522
39530
39536
39541
39551
39554
39557
39560
39567
39573
39598
39598
39604
39608
39622
39633
39644
39644
39652
39652
39665
39667
39677
39679
39683
39706
39708
39709
39711
39714
39721
39731
39745
39748
39764
39764
39781
39789
39795
39798
39812
39820
39823
39830
39836
39840
39850
39853
39868
39874
39878
39881
39883
39897
39900
39921
39924
39936
39936
39937
39947
39948
39950
39956
39966
39967
39969
39978
39984
39993
40004
40013
40035
40040
40052
40058
40064
40073
40076
40086
40095
40096
40099
40103
40103
40108
40137
40141
40144
40147
40150
40170
40178
40185
40186
40195
40199
40210
40211
40244
40244
40257
40263
40264
40288
40291
40298
40298
40301
40301
40314
40333
40335
40345
40349
40350
40363
40375
40377
40380
40395
40402
40414
40424
40446
40466
40467
40470
40480
40492
40502
40523
40525
40535
40539
40551
40556
40558
40562
40564
40570
40571
40572
40578
40580
40588
40597
40603
40605
40619
40630
40630
40653
40657
40676
40683
40686
40700
40707
40709
40714
40716
40762
40769
40773
40793
40793
40804
40806
40811
40834
40837
40850
40865
40868
40875
40897
40898
40900
40915
40917
40923
40950
40952
40953
40959
40969
40969
40977
40979
40987
41010
41013
41017
41017
41018
41027
41030
41070
41070
41073
41074
41083
41090
41140
41142
41143
41143
41146
41161
41163
41171
41172
41174
41179
41202
41208
41212
41214
41218
41225
41226
41227
41237
41250
41255
41261
41263
41272
41299
41299
41304
41304
41306
41330
41333
41349
41355
41366
41367
41371
41372
41375
41376
41380
41382
41391
41398
41404
41416
41433
41450
41455
41465
41477
41478
41479
41485
41488
41492
41495
41517
41529
41580
41589
41592
41594
41595
41602
41609
41611
41614
41617
41618
41619
41650
41654
41663
41670
41685
41688
41709
41711
41711
41715
41726
41729
41734
41744
41754
41758
41766
41766
41773
41783
41791
41847
41868
41870
41880
41901
41920
41927
41928
41935
41940
41956
41957
41960
41979
41995
41995
42003
42011
42031
42035
42036
42039
42050
42062
42066
42072
42078
42085
42086
42098
42102
42114
42116
42118
42135
42150
42152
42171
42189
42190
42193
42205
42207
42213
42223
42235
42257
42278
42284
42289
42309
42318
42319
42332
42340
42341
42372
42385
42387
42420
42423
42423
42429
42464
42467
42470
42472
42484
42490
42491
42497
42498
42527
42534
42534
42538
42542
42559
42561
42562
42564
42565
42575
42585
42588
42594
42604
42616
42642
42643
42651
42658
42659
42672
42676
42685
42702
42713
42742
42743
42753
42756
42756
42781
42789
42808
42812
42817
42828
42830
42837
42851
42863
42876
42882
42890
42892
42923
42923
42934
42948
42959
42964
42975
42985
42997
43000
43004
43007
43017
43018
43040
43068
43070
43095
43107
43114
43116
43118
43121
43128
43137
43137
43143
43148
43156
43158
43162
43164
43166
43175
43175
43176
43188
43205
43209
43224
43230
43237
43240
43262
43263
43263
43275
43275
43280
43283
43286
43316
43319
43320
43323
43331
43335
43363
43369
43385
43391
43401
43404
43418
43421
43431
43446
43458
43461
43488
43498
43501
43505
43508
43513
43521
43523
43544
43572
43576
43584
43587
43607
43611
43615
43619
43626
43637
43649
43653
43658
43660
43688
43694
43697
43699
43704
43723
43725
43730
43747
43754
43755
43774
43782
43791
43794
43807
43810
43820
43827
43829
43838
43839
43852
43855
43856
43858
43858
43859
43865
43868
43878
43904
43917
43921
43933
43935
43942
43944
43954
43959
43961
43967
43969
43971
43973
43975
43981
43985
43987
43987
43991
44007
44009
44015
44019
44020
44027
44029
44030
44046
44046
44047
44065
44068
44075
44082
44092
44105
44107
44143
44173
44218
44227
44229
44237
44245
44269
44288
44291
44295
44303
44305
44311
44316
44328
44333
44357
44362
44362
44376
44393
44397
44401
44406
44411
44411
44415
44417
44417
44424
44425
44433
44436
44440
44442
44457
44465
44480
44482
44512
44522
44535
44544
44544
44545
44547
44569
44578
44583
44585
44587
44593
44606
44612
44621
44625
44647
44666
44678
44681
44684
44690
44692
44695
44700
44703
44704
44706
44708
44727
44734
44738
44747
44768
44784
44788
44803
44807
44811
44829
44833
44835
44843
44876
44885
44887
44891
44909
44914
44918
44929
44929
44943
44964
44975
44990
45016
45016
45025
45031
45039
45049
45054
45055
45055
45060
45061
45065
45067
45069
45081
45087
45094
45102
45119
45121
45129
45130
45132
45134
45148
45149
45149
45158
45161
45178
45183
45199
45218
45222
45223
45224
45227
45235
45241
45241
45242
45253
45254
45261
45264
45271
45273
45291
45295
45299
45309
45312
45315
45320
45336
45340
45341
45342
45349
45349
45361
45372
45376
45378
45386
45392
45398
45399
45408
45418
45441
45448
45453
45453
45456
45468
45472
45475
45484
45488
45518
45526
45529
45536
45558
45559
45569
45574
45577
45592
45599
45603
45606
45606
45611
45614
45625
45657
45671
45691
45706
45711
45739
45759
45760
45761
45761
45764
45772
45778
45782
45786
45787
45791
45797
45813
45816
45822
45825
45827
45829
45832
45848
45848
45856
45860
45866
45877
45883
45885
45891
45892
45892
45896
45900
45925
45928
45933
45935
45945
45945
45945
45947
45951
45971
45976
45978
45984
45993
45993
45995
46004
46015
46018
46025
46031
46055
46067
46070
46074
46079
46080
46083
46090
46108
46134
46137
46146
46150
46152
46153
46172
46189
46195
46203
46244
46246
46252
46253
46258
46262
46273
46277
46283
46284
46285
46288
46295
46296
46307
46314
46319
46328
46340
46344
46352
46362
46369
46379
46380
46385
46387
46392
46398
46408
46409
46416
46437
46456
46478
46478
46480
46487
46496
46515
46520
46533
46538
46538
46566
46569
46578
46594
46595
46597
46599
46620
46629
46639
46646
46654
46720
46735
46738
46740
46744
46751
46754
46758
46760
46762
46763
46764
46767
46778
46782
46783
46789
46795
46802
46803
46809
46815
46815
46825
46831
46840
46847
46851
46855
46858
46864
46868
46873
46874
46874
46875
46875
46877
46880
46885
46893
46898
46901
46904
46913
46919
46922
46926
46931
46936
46937
46943
46951
46956
46957
47003
47005
47012
47015
47025
47040
47048
47057
47058
47060
47073
47083
47087
47088
47093
47104
47110
47113
47114
47120
47148
47170
47174
47181
47181
47186
47189
47197
47207
47213
47217
47218
47226
47238
47242
47246
47250
47256
47261
47290
47291
47292
47292
47295
47298
47299
47305
47310
47312
47315
47318
47318
47336
47344
47367
47373
47382
47384
47387
47403
47414
47425
47430
47455
47463
47470
47474
47503
47507
47509
47510
47522
47531
47538
47539
47545
47546
47550
47554
47567
47570
47570
47582
47588
47592
47606
47616
47617
47617
47622
47632
47651
47658
47674
47682
47688
47691
47692
47694
47696
47715
47715
47721
47722
47725
47739
47747
47747
47756
47760
47765
47765
47770
47779
47792
47795
47798
47800
47803
47823
47826
47832
47847
47853
47863
47871
47871
47875
47888
47888
47889
47894
47897
47908
47917
47923
47925
47926
47933
47936
47944
47945
47951
47954
47958
47971
47980
47980
47983
47988
47988
47999
48001
48002
48004
48024
48028
48032
48048
48056
48060
48065
48073
48079
48084
48100
48111
48120
48122
48137
48153
48162
48168
48191
48196
48226
48229
48232
48253
48266
48271
48273
48284
48286
48288
48318
48346
48357
48375
48378
48382
48382
48383
48398
48402
48404
48428
48433
48441
48448
48459
48460
48463
48464
48476
48478
48485
48493
48512
48513
48513
48514
48518
48528
48533
48534
48536
48538
48541
48556
48564
48580
48594
48612
48629
48630
48643
48659
48664
48675
48682
48719
48720
48744
48749
48754
48772
48792
48795
48800
48818
48827
48832
48842
48844
48844
48855
48858
48874
48889
48908
48910
48911
48912
48924
48929
48943
48953
48961
48966
48978
48995
49009
49014
49016
49029
49035
49056
49056
49062
49073
49074
49086
49086
49090
49104
49108
49131
49141
49147
49170
49171
49179
49181
49191
49192
49210
49239
49292
49295
49298
49315
49320
49340
49352
49354
49374
49396
49396
49402
49419
49424
49431
49433
49465
49469
49484
49506
49516
49544
49553
49572
49584
49588
49620
49623
49626
49634
49638
49662
49662
49675
49681
49681
49692
49696
49697
49704
49707
49710
49717
49732
49741
49774
49790
49791
49802
49805
49809
49810
49820
49838
49865
49867
49873
49875
49884
49898
49901
49902
49917
49917
49922
49932
49951
49963
49966
49977
49981
49985
49994
49997
50000
50001
50007
50024
50037
50058
50066
50087
50090
50114
50122
50133
50135
50145
50145
50156
50158
50162
50163
50176
50195
50202
50203
50207
50209
50210
50218
50236
50248
50249
50264
50271
50284
50285
50304
50307
50308
50334
50337
50347
50378
50379
50380
50390
50400
50400
50406
50410
50412
50423
50423
50433
50444
50449
50469
50471
50494
50501
50501
50513
50518
50530
50538
50552
50553
50555
50570
50571
50578
50578
50595
50596
50607
50610
50611
50620
50622
50629
50629
50636
50636
50646
50662
50671
50672
50675
50692
50697
50701
50704
50707
50708
50715
50718
50725
50726
50730
50733
50734
50736
50739
50744
50748
50752
50754
50756
50790
50800
50808
50810
50813
50813
50814
50815
50819
50823
50825
50830
50831
50833
50842
50870
50872
50873
50878
50880
50881
50882
50891
50896
50908
50911
50925
50939
50942
50945
50947
50950
50956
50973
50986
51004
51011
51029
51035
51037
51045
51047
51054
51058
51071
51074
51074
51079
51082
51082
51083
51097
51097
51103
51131
51135
51136
51138
51146
51150
51154
51157
51164
51176
51179
51180
51181
51185
51185
51191
51194
51205
51205
51211
51211
51222
51224
51234
51242
51245
51247
51256
51258
51266
51271
51276
51284
51284
51290
51298
51304
51314
51319
51324
51330
51335
51336
51341
51344
51349
51354
51360
51362
51368
51369
51381
51383
51411
51416
51424
51425
51434
51435
51436
51440
51441
51447
51455
51464
51472
51479
51487
51503
51509
51514
51517
51528
51530
51532
51534
51545
51550
51552
51572
51572
51575
51579
51579
51587
51588
51596
51598
51600
51647
51648
51657
51664
51666
51672
51708
51711
51713
51714
51715
51718
51723
51729
51731
51732
51732
51735
51741
51745
51751
51762
51786
51789
51801
51807
51828
51830
51831
51833
51833
51836
51843
51876
51885
51892
51899
51937
51949
51953
51962
51963
51964
51971
51973
51979
51983
51997
51999
52000
52002
52005
52007
52008
52013
52015
52020
52042
52053
52055
52061
52065
52072
52080
52092
52105
52108
52110
52120
52131
52146
52149
52153
52155
52159
52161
52165
52186
52204
52218
52219
52225
52237
52238
52258
52259
52271
52273
52278
52282
52294
52310
52320
52331
52335
52338
52358
52359
52359
52364
52375
52379
52380
52382
52400
52403
52410
52417
52421
52442
52444
52445
52451
52457
52463
52480
52485
52491
52495
52500
52519
52546
52553
52571
52571
52571
52575
52591
52604
52609
52613
52617
52640
52654
52670
52692
52698
52702
52704
52718
52719
52723
52724
52735
52746
52749
52761
52773
52780
52815
52817
52821
52831
52832
52833
52845
52850
52851
52859
52884
52887
52893
52902
52903
52904
52910
52920
52922
52954
52962
52969
52973
52988
52999
53003
53006
53013
53023
53029
53039
53041
53057
53073
53075
53076
53082
53094
53098
53102
53105
53124
53159
53163
53164
53183
53219
53223
53227
53238
53243
53264
53265
53269
53272
53274
53299
53302
53302
53307
53307
53324
53335
53335
53349
53350
53351
53377
53383
53383
53406
53409
53416
53422
53425
53442
53445
53447
53447
53471
53478
53480
53484
53495
53501
53501
53507
53507
53514
53517
53517
53521
53524
53525
53537
53541
53542
53550
53556
53568
53569
53575
53576
53588
53592
53600
53622
53624
53631
53636
53645
53653
53657
53671
53672
53675
53695
53707
53712
53714
53716
53719
53725
53727
53756
53760
53763
53767
53768
53772
53784
53809
53827
53831
53833
53837
53838
53859
53864
53872
53878
53884
53895
53906
53910
53913
53914
53916
53919
53922
53935
53940
53946
53966
53969
53973
53979
54003
54009
54018
54021
54023
54025
54039
54040
54057
54064
54067
54077
54092
54092
54094
54103
54113
54119
54128
54132
54141
54144
54153
54171
54175
54181
54188
54195
54199
54201
54210
54235
54236
54237
54239
54257
54261
54262
54263
54269
54269
54273
54283
54285
54296
54303
54305
54321
54328
54340
54342
54346
54348
54349
54349
54357
54358
54381
54388
54389
54393
54406
54407
54420
54428
54431
54435
54447
54452
54453
54466
54471
54474
54481
54486
54486
54489
54496
54497
54499
54503
54511
54522
54525
54530
54545
54552
54558
54559
54561
54589
54598
54598
54599
54604
54607
54612
54620
54625
54634
54639
54640
54644
54662
54664
54669
54673
54675
54677
54697
54704
54718
54727
54744
54750
54753
54755
54758
54759
54764
54765
54769
54770
54773
54778
54789
54789
54793
54804
54815
54816
54817
54820
54824
54849
54851
54856
54870
54873
54879
54882
54884
54884
54885
54889
54905
54905
54925
54930
54939
54948
54957
54962
54970
54971
54992
54999
55017
55027
55032
55035
55041
55043
55055
55056
55060
55090
55102
55108
55110
55118
55127
55129
55147
55158
55172
55173
55188
55211
55212
55218
55219
55220
55220
55225
55227
55228
55239
55245
55251
55258
55263
55263
55264
55284
55294
55297
55309
55319
55332
55351
55360
55371
55375
55391
55401
55413
55417
55445
55446
55449
55451
55452
55460
55467
55473
55474
55474
55475
55485
55487
55488
55511
55515
55520
55551
55552
55561
55582
55587
55589
55597
55597
55613
55619
55626
55632
55640
55643
55654
55663
55676
55687
55687
55727
55733
55742
55744
55749
55750
55750
55759
55770
55795
55795
55795
55806
55812
55816
55822
55828
55832
55853
55859
55862
55870
55880
55886
55898
55899
55908
55909
55929
55937
55943
55946
55949
55951
55956
55970
55987
55989
55989
55996
56001
56007
56008
56012
56032
56036
56043
56053
56057
56065
56083
56093
56096
56100
56106
56121
56140
56146
56154
56164
56173
56174
56183
56184
56184
56198
56203
56204
56209
56248
56262
56266
56272
56272
56281
56288
56319
56321
56323
56339
56358
56359
56361
56362
56364
56364
56389
56415
56422
56461
56464
56469
56471
56472
56473
56484
56503
56512
56517
56528
56530
56530
56535
56544
56548
56550
56559
56562
56572
56577
56599
56610
56621
56629
56655
56683
56696
56699
56702
56710
56739
56747
56754
56766
56771
56779
56798
56803
56809
56809
56813
56818
56824
56847
56847
56850
56870
56871
56918
56922
56952
56955
56956
56977
56991
57000
57009
57010
57017
57019
57037
57044
57048
57053
57066
57078
57082
57084
57087
57090
57091
57108
57108
57111
57124
57131
57135
57138
57142
57152
57161
57183
57183
57184
57190
57194
57195
57198
57201
57203
57204
57211
57220
57225
57225
57228
57238
57238
57257
57261
57267
57272
57276
57278
57283
57285
57286
57295
57316
57317
57358
57364
57379
57382
57384
57386
57387
57389
57411
57411
57413
57441
57448
57452
57458
57462
57471
57502
57518
57522
57531
57534
57544
57553
57561
57590
57607
57611
57613
57630
57655
57657
57661
57668
57691
57694
57696
57719
57730
57731
57753
57773
57791
57811
57819
57825
57839
57857
57857
57870
57876
57895
57918
57940
57945
57946
57972
57981
57998
58018
58022
58031
58035
58040
58054
58057
58062
58065
58065
58069
58071
58079
58079
58097
58097
58104
58106
58113
58118
58130
58138
58165
58171
58171
58185
58186
58187
58209
58210
58225
58228
58237
58241
58249
58261
58265
58278
58287
58295
58317
58320
58322
58332
58337
58341
58343
58344
58348
58364
58367
58372
58380
58380
58401
58404
58422
58432
58432
58434
58437
58443
58462
58463
58482
58500
58503
58509
58534
58542
58549
58565
58570
58574
58590
58597
58604
58605
58610
58620
58642
58677
58681
58690
58725
58740
58802
58809
58840
58845
58852
58856
58877
58882
58888
58910
58910
58934
58938
58941
58966
58975
58992
58994
58999
59033
59036
59043
59046
59054
59090
59096
59131
59144
59148
59173
59185
59200
59262
59266
59290
59296
59305
59355
59363
59412
59445
59464
59479
59519
59543
59565
59566
59576
59584
59591
59601
59602
59629
59630
59637
59671
59698
59732
59734
59737
59745
59766
59782
59785
59805
59810
59811
59823
59829
59881
59892
59908
59912
59919
59924
59954
59969
59977
59981
60019
60024
60030
60035
60057
60062
60070
60077
60097
60129
60161
60258
60375
60517
60529
60626
60661
60782
60838
60925
60931
60976
60978
-1
