28219
28313
28377
28832
28905
29036
29046
29069
29075
29091
29091
29103
29104
29110
29126
29138
29141
29144
29159
29160
29165
29169
29181
29224
29240
29242
29260
29267
29276
29281
29295
29302
29381
29394
29394
29437
29444
29446
29448
29454
29464
29470
29502
29525
29530
29555
29590
29610
29634
29663
29677
29678
29713
29735
29735
29740
29741
29741
29762
29796
29801
29810
29810
29811
29837
29854
29862
29894
29934
29940
29945
29953
29959
29969
29983
29986
29992
30004
30012
30015
30032
30049
30050
30051
30081
30085
30129
30140
30145
30161
30181
30200
30211
30215
30228
30235
30273
30275
30275
30283
30323
30323
30326
30355
30384
30392
30409
30428
30435
30453
30459
30467
30468
30476
30490
30528
30560
30575
30590
30610
30615
30618
30631
30635
30646
30648
30654
30659
30671
30694
30695
30720
30726
30782
30793
30795
30798
30801
30806
30834
30851
30853
30854
30860
30867
30893
30898
30902
30968
31013
31017
31046
31047
31056
31066
31106
31107
31137
31150
31151
31173
31177
31186
31203
31204
31210
31227
31230
31244
31255
31290
31292
31325
31328
31378
31381
31393
31431
31437
31460
31498
31526
31555
31565
31566
31575
31583
31609
31612
31614
31614
31614
31670
31675
31691
31696
31712
31715
31722
31748
31765
31778
31785
31797
31801
31840
31840
31854
31863
31892
31908
31910
31913
31943
31947
31950
31961
31983
31984
31990
32000
32004
32013
32053
32071
32078
32083
32096
32125
32134
32136
32146
32180
32224
32225
32236
32238
32243
32293
32319
32325
32346
32350
32354
32368
32394
32429
32449
32465
32471
32504
32518
32528
32531
32535
32545
32548
32555
32556
32566
32579
32582
32614
32628
32636
32641
32657
32664
32679
32685
32694
32698
32720
32728
32757
32759
32771
32771
32781
32794
32797
32800
32804
32808
32809
32822
32840
32843
32844
32870
32875
32887
32910
32911
32916
32956
32964
32966
32994
32997
33022
33025
33029
33049
33063
33072
33079
33085
33092
33094
33107
33109
33112
33115
33152
33172
33184
33198
33248
33258
33258
33271
33285
33301
33302
33332
33349
33358
33382
33428
33441
33459
33502
33510
33513
33575
33589
33622
33667
33675
33692
33700
33706
33724
33734
33741
33754
33754
33770
33833
33839
33839
33868
33893
33918
33929
33988
34003
34052
34094
34101
34128
34134
34136
34161
34169
34169
34175
34189
34198
34215
34218
34224
34227
34228
34229
34258
34295
34306
34314
34322
34385
34397
34397
34421
34422
34452
34454
34477
34478
34524
34549
34561
34601
34630
34691
34727
34754
34759
34760
34791
34804
34806
34820
34828
34834
34848
34856
34886
34890
34900
34939
34975
35007
35032
35047
35066
35088
35095
35097
35111
35117
35145
35167
35189
35191
35208
35215
35234
35267
35272
35303
35309
35324
35329
35366
35406
35434
35436
35452
35484
35490
35511
35524
35526
35560
35562
35563
35565
35627
35628
35646
35647
35680
35695
35703
35729
35756
35774
35794
35805
35811
35819
35830
35832
35847
35860
35902
35914
35926
35928
35969
35983
36001
36033
36060
36076
36092
36146
36163
36167
36172
36186
36187
36211
36212
36219
36234
36242
36263
36280
36287
36288
36314
36316
36330
36344
36350
36376
36386
36391
36393
36418
36453
36460
36485
36512
36513
36520
36550
36567
36587
36595
36596
36601
36622
36624
36635
36643
36678
36714
36721
36739
36742
36746
36761
36772
36781
36782
36796
36802
36809
36833
36848
36858
36877
36877
36894
36912
36918
36933
36961
36963
36964
36970
36985
37003
37007
37020
37027
37047
37062
37095
37099
37107
37118
37122
37125
37128
37162
37176
37213
37214
37218
37228
37230
37235
37236
37244
37256
37269
37303
37322
37329
37332
37334
37345
37370
37379
37403
37405
37409
37427
37446
37448
37469
37493
37515
37554
37562
37567
37576
37579
37596
37602
37613
37616
37628
37636
37657
37673
37673
37713
37716
37725
37751
37757
37783
37788
37790
37805
37838
37838
37842
37847
37872
37879
37885
37887
37893
37900
37902
37903
37908
37912
37916
37926
37928
37955
37963
37968
37981
38013
38047
38070
38079
38118
38123
38125
38135
38135
38148
38157
38168
38184
38205
38208
38242
38252
38292
38296
38317
38318
38329
38333
38335
38337
38344
38378
38384
38394
38403
38404
38408
38445
38470
38482
38482
38493
38501
38536
38545
38571
38596
38606
38611
38626
38634
38647
38653
38674
38678
38693
38697
38734
38749
38769
38779
38786
38792
38804
38812
38828
38843
38855
38863
38891
38928
38942
38956
38964
38972
38976
38999
39008
39015
39017
39040
39050
39054
39077
39078
39082
39087
39096
39104
39110
39130
39149
39172
39183
39193
39225
39233
39249
39260
39269
39292
39296
39302
39328
39335
39350
39351
39373
39374
39384
39407
39425
39448
39464
39466
39469
39504
39545
39548
39576
39587
39604
39617
39623
39631
39639
39647
39652
39684
39696
39743
39745
39772
39779
39825
39827
39834
39849
39865
39886
39895
39909
39913
39925
39959
39962
39993
40003
40006
40065
40081
40086
40097
40114
40116
40152
40169
40173
40229
40234
40243
40264
40268
40330
40348
40353
40364
40376
40389
40412
40415
40415
40436
40440
40444
40454
40506
40513
40516
40520
40556
40564
40574
40584
40607
40608
40616
40616
40616
40629
40645
40649
40656
40671
40676
40680
40704
40752
40770
40779
40790
40791
40848
40853
40873
40892
40896
40901
40908
40910
40931
40955
40965
40996
41034
41052
41059
41078
41088
41105
41106
41114
41116
41143
41166
41174
41181
41188
41216
41227
41283
41294
41296
41310
41351
41361
41379
41401
41409
41432
41450
41462
41477
41477
41502
41504
41504
41507
41512
41514
41525
41537
41539
41546
41559
41575
41589
41617
41621
41646
41666
41725
41775
41825
41861
41865
41902
41918
41921
41926
41966
41971
42020
42031
42053
42054
42058
42087
42140
42145
42207
42210
42233
42280
42284
42299
42333
42339
42344
42374
42376
42389
42406
42419
42422
42451
42454
42467
42472
42494
42503
42506
42515
42516
42539
42539
42546
42562
42564
42565
42619
42622
42632
42651
42680
42694
42700
42702
42743
42761
42781
42782
42809
42811
42833
42868
42873
42877
42888
42927
42933
42976
42976
42979
43015
43022
43044
43049
43058
43070
43074
43094
43106
43126
43151
43181
43181
43185
43199
43249
43250
43266
43268
43309
43344
43344
43370
43377
43382
43392
43395
43400
43424
43431
43436
43445
43450
43477
43484
43488
43513
43533
43542
43552
43563
43585
43593
43593
43611
43633
43653
43662
43669
43681
43750
43750
43758
43767
43785
43835
43845
43873
43881
43917
43945
43952
43975
43986
43988
44015
44041
44046
44046
44047
44057
44084
44179
44199
44211
44244
44251
44255
44274
44276
44284
44297
44305
44317
44330
44332
44349
44356
44361
44375
44382
44384
44433
44435
44436
44439
44448
44450
44463
44554
44565
44578
44581
44584
44600
44624
44627
44641
44642
44649
44658
44670
44724
44817
44835
44851
44896
44899
44900
44927
44928
44950
44994
45005
45010
45019
45047
45065
45147
45169
45209
45262
45300
45319
45331
45354
45363
45379
45402
45418
45431
45438
45507
45521
45534
45570
45621
45641
45647
45659
45660
45706
45729
45730
45738
45743
45744
45769
45771
45781
45784
45784
45785
45844
45845
45865
45870
45883
45888
45922
45922
45933
45934
45952
45971
45973
46001
46002
46005
46008
46015
46017
46037
46068
46071
46091
46094
46095
46104
46108
46110
46144
46189
46196
46205
46209
46221
46222
46245
46250
46279
46303
46324
46351
46379
46382
46392
46394
46408
46412
46424
46428
46432
46472
46474
46488
46522
46569
46574
46638
46639
46652
46666
46674
46701
46701
46709
46711
46743
46774
46776
46785
46785
46787
46798
46823
46827
46899
46922
46924
46930
46947
46986
46991
46995
46999
47041
47064
47086
47103
47104
47119
47122
47128
47135
47152
47203
47206
47209
47211
47230
47248
47288
47302
47320
47343
47364
47373
47385
47403
47427
47429
47463
47472
47516
47529
47532
47559
47559
47559
47579
47587
47602
47605
47607
47609
47613
47647
47655
47665
47676
47688
47690
47692
47709
47718
47729
47745
47758
47765
47782
47786
47797
47810
47822
47833
47833
47865
47866
47896
47910
47914
47936
47973
47981
47993
47998
48013
48017
48031
48044
48046
48084
48133
48133
48179
48200
48208
48253
48289
48313
48335
48348
48348
48372
48382
48463
48470
48484
48490
48505
48535
48546
48552
48565
48566
48581
48598
48598
48623
48626
48643
48645
48673
48687
48690
48692
48703
48726
48735
48739
48742
48750
48770
48820
48830
48833
48880
48900
48907
48936
48943
48961
48962
49019
49028
49053
49053
49068
49102
49111
49121
49122
49123
49134
49166
49194
49208
49217
49241
49257
49274
49312
49327
49354
49375
49377
49386
49424
49457
49463
49521
49538
49578
49634
49635
49672
49683
49704
49710
49722
49736
49740
49782
49851
49862
49887
49908
49921
49938
49950
49972
50003
50003
50011
50022
50030
50088
50116
50127
50128
50129
50138
50162
50178
50223
50246
50262
50271
50316
50329
50344
50354
50368
50372
50376
50384
50392
50456
50473
50481
50486
50538
50567
50574
50577
50582
50656
50663
50670
50680
50699
50707
50733
50734
50751
50752
50766
50782
50824
50849
50872
50883
50918
50922
50961
50994
51007
51013
51018
51026
51035
51044
51044
51106
51110
51110
51117
51121
51124
51131
51134
51138
51164
51167
51170
51179
51180
51199
51223
51224
51248
51265
51271
51276
51296
51318
51332
51337
51345
51347
51354
51361
51365
51379
51400
51404
51410
51428
51447
51497
51507
51507
51525
51526
51527
51556
51600
51601
51604
51605
51640
51657
51666
51682
51725
51727
51743
51747
51749
51759
51770
51770
51799
51810
51816
51831
51838
51880
51926
51964
51979
51981
51996
52007
52025
52026
52041
52049
52051
52054
52058
52076
52088
52098
52101
52135
52153
52160
52189
52196
52196
52220
52246
52258
52273
52289
52295
52318
52345
52356
52365
52379
52392
52398
52400
52408
52439
52442
52456
52466
52470
52474
52484
52495
52563
52589
52615
52623
52672
52705
52727
52753
52802
52829
52852
52856
52871
52885
52917
52949
52951
52956
52959
52992
52999
53047
53056
53092
53126
53148
53163
53165
53173
53180
53198
53273
53287
53301
53348
53370
53384
53426
53429
53431
53438
53445
53450
53458
53471
53498
53500
53507
53539
53547
53559
53564
53565
53589
53607
53610
53622
53629
53666
53678
53703
53707
53709
53710
53741
53752
53756
53765
53780
53784
53790
53797
53819
53833
53837
53854
53875
53882
53886
53894
53950
54009
54020
54025
54041
54046
54081
54110
54115
54177
54183
54185
54235
54237
54274
54288
54325
54346
54359
54361
54362
54402
54427
54431
54463
54470
54478
54479
54525
54542
54554
54590
54596
54604
54606
54654
54661
54675
54695
54706
54719
54731
54767
54773
54773
54812
54848
54849
54906
54916
54947
54958
54980
54984
54987
54998
55004
55005
55047
55084
55088
55098
55103
55121
55128
55152
55159
55172
55184
55207
55235
55256
55277
55297
55298
55299
55307
55318
55338
55360
55376
55429
55451
55501
55507
55522
55536
55536
55569
55578
55585
55587
55590
55613
55617
55619
55629
55646
55647
55656
55662
55675
55683
55683
55697
55737
55745
55745
55748
55751
55757
55765
55794
55809
55821
55827
55828
55830
55872
55896
55945
56010
56074
56118
56118
56144
56147
56154
56157
56162
56224
56248
56249
56260
56299
56299
56310
56316
56350
56383
56394
56410
56421
56425
56429
56442
56444
56447
56489
56492
56509
56511
56554
56561
56568
56578
56590
56596
56649
56660
56666
56670
56671
56685
56686
56718
56721
56727
56735
56759
56782
56817
56843
56859
56866
56883
56907
56937
56941
56944
56945
56985
57003
57010
57088
57164
57167
57219
57246
57248
57249
57262
57293
57303
57315
57325
57339
57343
57361
57365
57386
57412
57425
57432
57447
57452
57461
57465
57473
57498
57510
57517
57552
57554
57556
57565
57572
57592
57607
57608
57616
57632
57653
57673
57701
57705
57722
57726
57726
57744
57751
57771
57827
57835
57843
57862
57875
57891
57900
57924
57935
57941
57942
57944
57952
57954
57975
58028
58050
58094
58110
58115
58136
58144
58150
58182
58214
58233
58248
58260
58260
58274
58307
58327
58356
58378
58386
58386
58386
58387
58394
58410
58420
58429
58461
58471
58476
58491
58494
58501
58533
58555
58568
58573
58576
58592
58595
58746
58759
58777
58786
58793
58809
58816
58825
58837
58838
58854
58868
58868
58894
58895
58897
58900
58908
58909
58912
58914
58930
58938
58958
58971
58978
58994
59063
59100
59125
59140
59156
59163
59200
59205
59212
59253
59294
59302
59338
59511
59532
59581
59585
59592
59663
59699
59708
59746
59924
59950
59952
59989
60096
60158
60188
60225
60268
60285
60293
60386
60386
60462
60590
60745
60824
-1
