28551
28721
28727
28969
29043
29093
29126
29131
29177
29278
29294
29300
29303
29353
29369
29396
29422
29444
29444
29452
29472
29475
29481
29484
29524
29619
29666
29697
29718
29792
29832
29837
29915
29930
29935
29952
29959
29998
30000
30013
30029
30070
30083
30103
30127
30146
30192
30204
30267
30269
30353
30361
30368
30387
30421
30426
30437
30485
30508
30517
30521
30534
30573
30581
30603
30610
30623
30658
30660
30697
30733
30735
30758
30769
30779
30827
30847
30861
30879
30884
30897
30917
30924
30930
30943
30978
30984
30989
31000
31001
31008
31010
31022
31032
31041
31046
31052
31058
31064
31077
31089
31101
31106
31111
31112
31118
31125
31171
31192
31208
31225
31249
31263
31448
31542
31548
31562
31691
31693
31716
31768
31768
31772
31872
31908
31912
31916
31947
31991
31994
32009
32087
32123
32125
32152
32161
32191
32263
32351
32364
32456
32484
32602
32682
32688
32694
32723
32732
32768
32843
32869
33005
33042
33060
33075
33076
33109
33128
33130
33140
33149
33159
33204
33205
33231
33239
33265
33276
33288
33294
33294
33320
33338
33378
33390
33391
33394
33395
33424
33424
33455
33483
33483
33544
33555
33569
33589
33611
33623
33629
33642
33649
33654
33671
33677
33700
33712
33745
33757
33796
33833
33845
33855
33864
33874
33879
33959
33980
33996
33998
34002
34015
34039
34054
34071
34124
34135
34139
34177
34206
34230
34234
34257
34268
34270
34298
34318
34327
34329
34340
34341
34356
34369
34381
34384
34384
34389
34390
34407
34420
34434
34475
34521
34550
34573
34592
34600
34611
34617
34621
34625
34627
34653
34701
34750
34764
34768
34795
34808
34813
34819
34826
34832
34860
34879
34950
34966
34981
35009
35067
35099
35101
35114
35232
35244
35305
35326
35329
35370
35375
35385
35403
35410
35432
35455
35501
35510
35525
35542
35567
35576
35597
35602
35637
35659
35692
35695
35717
35728
35746
35746
35752
35762
35793
35807
35840
35851
35892
35896
35991
36024
36067
36075
36084
36087
36092
36111
36111
36113
36114
36117
36131
36133
36143
36151
36153
36182
36193
36193
36217
36242
36245
36266
36306
36325
36410
36456
36456
36506
36613
36717
36777
36809
36810
36863
36959
36960
36961
36975
37036
37053
37099
37151
37188
37226
37263
37266
37270
37274
37338
37410
37433
37442
37472
37480
37520
37537
37544
37556
37606
37608
37656
37667
37741
37747
37781
37817
37824
37846
37859
37859
37895
37898
37916
37935
37944
37951
37965
37972
37992
38001
38039
38079
38116
38135
38151
38153
38156
38164
38168
38175
38207
38218
38299
38317
38336
38343
38385
38482
38497
38562
38628
38677
38681
38703
38707
38717
38724
38883
38883
38902
38906
38908
38963
38966
38975
38992
39034
39064
39081
39121
39124
39124
39161
39168
39173
39176
39205
39219
39263
39289
39291
39302
39351
39355
39355
39377
39394
39397
39424
39434
39442
39468
39489
39533
39553
39606
39626
39632
39666
39690
39692
39732
39765
39802
39802
39806
39870
39873
39896
39903
39910
39933
39934
39944
39999
40019
40035
40055
40070
40090
40114
40151
40154
40158
40230
40272
40294
40317
40366
40373
40425
40448
40477
40497
40518
40536
40545
40553
40607
40624
40629
40669
40715
40718
40726
40754
40798
40801
40826
40837
40877
40924
40933
40960
41053
41055
41057
41069
41100
41115
41135
41140
41156
41158
41165
41244
41254
41263
41266
41278
41322
41387
41433
41467
41468
41522
41531
41535
41592
41600
41634
41670
41680
41719
41719
41738
41745
41749
41808
41826
41834
41885
41910
41919
41929
41944
41950
42012
42046
42047
42048
42075
42131
42148
42198
42208
42226
42229
42230
42234
42269
42273
42302
42308
42326
42333
42348
42375
42387
42552
42574
42574
42610
42676
42701
42708
42708
42787
42833
42841
42882
42887
42898
42912
42938
42953
42981
42989
43002
43032
43037
43049
43061
43081
43083
43087
43136
43145
43160
43194
43197
43207
43230
43312
43317
43324
43330
43367
43375
43399
43422
43425
43438
43455
43478
43508
43548
43586
43591
43594
43648
43666
43688
43706
43739
43791
43803
43809
43810
43823
43863
43870
43878
43888
43931
43970
44001
44038
44084
44109
44112
44139
44152
44153
44187
44196
44216
44231
44275
44297
44311
44321
44356
44424
44431
44438
44461
44477
44485
44505
44509
44525
44534
44603
44701
44743
44765
44789
44918
44933
44961
44966
44989
45007
45013
45042
45048
45052
45076
45121
45168
45182
45218
45229
45241
45269
45292
45306
45329
45369
45397
45431
45454
45483
45484
45545
45570
45573
45584
45644
45648
45649
45656
45684
45712
45716
45730
45737
45744
45790
45857
45873
45898
45914
45944
45960
45989
46014
46043
46061
46066
46148
46149
46152
46176
46201
46214
46216
46235
46236
46284
46358
46382
46386
46422
46428
46440
46448
46457
46512
46564
46566
46605
46610
46633
46639
46658
46677
46696
46709
46734
46741
46748
46750
46800
46828
46862
46889
46899
46938
47029
47046
47075
47099
47102
47132
47157
47176
47179
47213
47233
47266
47274
47293
47296
47321
47375
47377
47393
47408
47423
47447
47475
47479
47535
47566
47570
47581
47586
47602
47608
47611
47612
47624
47689
47717
47744
47747
47754
47776
47826
47835
47881
47906
47927
47928
47945
47958
47964
47970
47981
48003
48004
48036
48050
48073
48092
48116
48126
48175
48181
48203
48215
48220
48229
48256
48264
48266
48299
48305
48318
48351
48356
48362
48371
48374
48392
48409
48415
48423
48450
48459
48463
48488
48499
48506
48539
48541
48554
48563
48579
48587
48625
48659
48663
48674
48676
48694
48756
48756
48768
48782
48811
48821
48892
48936
48962
48994
49002
49075
49138
49148
49164
49212
49221
49231
49251
49297
49304
49307
49334
49375
49401
49422
49439
49463
49470
49481
49532
49582
49607
49655
49717
49779
49819
49859
49877
49880
49887
49898
49939
49958
49963
49963
49986
49991
50027
50050
50119
50145
50161
50193
50202
50216
50280
50304
50343
50352
50352
50352
50376
50377
50384
50397
50427
50428
50436
50445
50448
50453
50460
50472
50473
50490
50567
50580
50584
50603
50607
50610
50625
50627
50642
50643
50655
50663
50670
50675
50682
50690
50699
50710
50724
50727
50732
50740
50796
50801
50868
50917
50949
50966
50977
51017
51118
51136
51143
51157
51165
51177
51190
51228
51264
51282
51282
51313
51323
51376
51384
51398
51400
51411
51428
51460
51462
51471
51485
51504
51513
51532
51607
51614
51678
51680
51732
51760
51788
51794
51842
51856
51862
51866
51882
51891
51899
51941
51948
51985
51992
52029
52054
52086
52134
52161
52185
52214
52226
52363
52466
52493
52556
52639
52645
52749
52756
52783
52788
52797
52824
52846
52867
52891
52924
52952
52960
52975
52985
53051
53115
53147
53171
53184
53203
53258
53282
53356
53361
53418
53437
53494
53499
53506
53534
53611
53690
53701
53722
53745
53839
53930
53962
53972
53982
53995
53999
54016
54037
54101
54113
54127
54197
54219
54223
54237
54241
54251
54282
54286
54286
54313
54326
54385
54403
54409
54434
54481
54493
54512
54537
54611
54631
54635
54669
54674
54702
54740
54786
54821
54830
54867
54884
54901
54913
54929
54935
54938
55002
55016
55047
55049
55056
55099
55157
55173
55186
55192
55193
55206
55245
55285
55292
55298
55310
55337
55359
55364
55404
55474
55496
55505
55580
55620
55658
55674
55674
55685
55691
55736
55744
55770
55773
55781
55796
55808
55813
55859
55878
55951
55952
55959
55981
56031
56032
56036
56042
56043
56078
56124
56138
56144
56152
56165
56168
56180
56189
56211
56245
56258
56265
56309
56325
56329
56366
56398
56403
56406
56438
56438
56504
56529
56563
56571
56571
56582
56587
56604
56624
56644
56680
56747
56757
56759
56774
56795
56882
56890
56894
56921
56950
56968
57036
57048
57055
57074
57077
57162
57190
57194
57240
57250
57263
57280
57327
57409
57424
57431
57450
57498
57633
57643
57673
57718
57771
57865
57922
57953
57956
58031
58082
58102
58142
58154
58231
58325
58369
58389
58401
58404
58433
58504
58508
58556
58589
58624
58711
58715
58759
58764
58773
58784
58856
58914
58933
58971
59090
59102
59107
59161
59163
59212
59220
59262
59297
59389
59505
59506
59547
59598
59628
59655
59681
59730
59732
59775
59776
59835
59874
59883
59944
60040
60097
60203
60266
60308
-1
