28241
28435
28445
28492
28625
28702
28706
28772
28791
28802
28985
28993
28999
29009
29012
29018
29022
29026
29049
29066
29084
29087
29089
29096
29115
29119
29125
29129
29132
29132
29153
29153
29157
29170
29175
29190
29196
29197
29207
29209
29222
29224
29224
29227
29265
29266
29289
29293
29298
29306
29308
29312
29315
29322
29333
29337
29339
29351
29360
29362
29372
29377
29386
29388
29407
29430
29463
29475
29479
29480
29483
29484
29485
29492
29499
29531
29533
29534
29540
29547
29565
29572
29577
29580
29585
29612
29612
29618
29623
29643
29650
29653
29654
29674
29683
29696
29730
29732
29765
29766
29774
29810
29824
29830
29847
29857
29870
29895
29903
29908
29913
29921
29944
29964
29967
29980
29985
29997
30014
30014
30015
30024
30057
30080
30083
30090
30096
30111
30113
30131
30138
30141
30153
30206
30228
30234
30235
30245
30261
30273
30276
30290
30297
30298
30328
30348
30356
30388
30397
30403
30425
30429
30435
30451
30473
30479
30503
30527
30534
30534
30538
30556
30580
30586
30603
30612
30632
30642
30658
30659
30665
30667
30678
30679
30682
30692
30700
30712
30736
30744
30811
30811
30819
30819
30828
30842
30843
30847
30872
30879
30892
30900
30913
30923
30937
30950
30952
30954
30960
30966
30966
30992
31007
31011
31021
31028
31043
31074
31077
31079
31082
31091
31104
31108
31141
31146
31148
31152
31161
31173
31181
31200
31211
31226
31232
31243
31256
31258
31279
31280
31280
31282
31286
31291
31292
31325
31328
31335
31362
31395
31396
31417
31423
31428
31433
31434
31453
31475
31477
31479
31495
31501
31506
31513
31535
31558
31574
31575
31579
31579
31583
31591
31603
31612
31613
31615
31616
31623
31630
31633
31644
31646
31646
31647
31648
31652
31669
31671
31675
31681
31682
31685
31712
31729
31732
31732
31747
31750
31758
31763
31778
31780
31784
31788
31797
31809
31813
31816
31833
31836
31847
31855
31856
31877
31881
31921
31929
31929
31930
31937
31969
31970
31982
31988
31995
31996
32016
32020
32024
32025
32046
32048
32058
32064
32065
32067
32071
32071
32073
32077
32077
32078
32081
32103
32112
32121
32133
32137
32137
32151
32154
32160
32165
32167
32172
32176
32176
32177
32177
32181
32238
32242
32246
32252
32257
32261
32264
32279
32291
32291
32302
32324
32349
32349
32355
32359
32364
32379
32389
32395
32395
32405
32410
32411
32420
32421
32428
32442
32451
32457
32465
32469
32470
32472
32483
32494
32514
32515
32527
32527
32530
32539
32544
32550
32570
32584
32585
32597
32605
32611
32617
32645
32651
32662
32666
32674
32686
32691
32702
32703
32703
32704
32709
32724
32730
32734
32739
32751
32760
32761
32762
32763
32770
32777
32796
32821
32835
32846
32847
32859
32859
32874
32878
32882
32888
32900
32923
32927
32935
32940
32950
32956
32966
32968
32973
32987
32991
33014
33035
33040
33041
33069
33071
33073
33084
33091
33097
33109
33109
33113
33134
33136
33140
33159
33175
33183
33187
33189
33194
33200
33207
33260
33283
33289
33302
33317
33323
33323
33326
33329
33341
33345
33348
33351
33357
33370
33376
33376
33396
33401
33406
33409
33422
33422
33443
33445
33451
33454
33455
33456
33459
33495
33498
33506
33511
33533
33534
33538
33553
33568
33572
33578
33583
33591
33596
33602
33610
33619
33627
33644
33656
33669
33673
33685
33689
33697
33709
33714
33719
33735
33740
33749
33764
33764
33772
33800
33803
33808
33821
33824
33837
33860
33897
33914
33924
33924
33930
33944
33949
33966
33981
33995
33998
34015
34017
34021
34032
34040
34046
34072
34096
34102
34103
34103
34124
34139
34159
34160
34182
34182
34202
34242
34254
34268
34276
34285
34302
34308
34324
34337
34339
34340
34355
34356
34369
34369
34370
34371
34376
34401
34408
34422
34430
34438
34438
34451
34470
34471
34494
34498
34500
34501
34512
34544
34554
34568
34574
34576
34579
34588
34598
34609
34625
34641
34654
34666
34668
34681
34695
34713
34716
34726
34732
34749
34751
34766
34766
34767
34776
34800
34816
34823
34834
34835
34837
34842
34858
34867
34886
34900
34906
34932
34933
34936
34941
34947
34947
34949
34955
34956
34975
34998
35002
35021
35035
35048
35049
35050
35052
35061
35087
35102
35106
35126
35134
35137
35142
35157
35164
35167
35182
35183
35186
35233
35236
35239
35250
35258
35267
35268
35273
35285
35305
35313
35313
35317
35330
35344
35346
35347
35348
35350
35354
35356
35360
35363
35364
35368
35378
35402
35404
35406
35407
35414
35426
35430
35444
35447
35449
35455
35478
35481
35482
35487
35491
35495
35505
35509
35516
35519
35520
35527
35538
35540
35546
35582
35596
35603
35618
35621
35636
35650
35651
35659
35672
35685
35694
35701
35707
35708
35734
35746
35774
35781
35793
35793
35803
35810
35810
35812
35823
35830
35836
35849
35860
35864
35870
35875
35877
35886
35892
35902
35912
35923
35928
35938
35950
35962
35966
35971
35971
35985
35993
35994
35997
36016
36019
36024
36024
36034
36041
36047
36083
36085
36090
36091
36105
36106
36122
36122
36127
36130
36132
36133
36136
36140
36155
36157
36177
36201
36205
36220
36223
36227
36237
36263
36286
36296
36301
36308
36312
36314
36322
36338
36347
36350
36408
36419
36431
36439
36449
36453
36457
36470
36471
36482
36495
36514
36522
36527
36544
36551
36554
36559
36565
36569
36585
36588
36620
36621
36639
36639
36647
36649
36649
36654
36685
36712
36715
36723
36738
36738
36742
36758
36759
36760
36761
36763
36775
36787
36790
36792
36805
36808
36811
36814
36833
36848
36857
36858
36870
36870
36882
36909
36914
36919
36925
36925
36931
36943
37005
37010
37010
37026
37042
37044
37059
37062
37065
37066
37071
37087
37111
37120
37121
37128
37134
37153
37156
37172
37194
37196
37199
37218
37238
37247
37256
37265
37273
37277
37282
37285
37296
37310
37314
37318
37332
37352
37372
37392
37404
37416
37432
37442
37465
37465
37466
37475
37485
37487
37491
37499
37501
37510
37533
37554
37570
37571
37573
37573
37592
37605
37614
37620
37628
37634
37650
37654
37658
37666
37671
37674
37691
37695
37719
37724
37725
37729
37735
37741
37742
37747
37762
37763
37794
37808
37813
37814
37826
37847
37853
37857
37860
37863
37871
37877
37893
37895
37901
37902
37916
37923
37927
37947
37953
37965
37975
37975
38015
38025
38045
38052
38061
38065
38079
38119
38137
38144
38144
38157
38166
38189
38193
38198
38200
38201
38208
38213
38225
38232
38242
38244
38244
38247
38272
38291
38313
38315
38319
38322
38335
38353
38358
38374
38383
38414
38417
38421
38436
38457
38486
38497
38510
38523
38538
38541
38549
38566
38569
38573
38577
38594
38605
38608
38609
38611
38614
38624
38627
38637
38651
38663
38666
38698
38728
38729
38744
38745
38747
38751
38757
38770
38772
38775
38795
38803
38814
38826
38827
38853
38878
38881
38886
38891
38903
38913
38913
38914
38932
38932
38944
38945
38956
38959
38962
38962
38963
38965
38970
38981
38994
38996
39018
39020
39021
39022
39027
39027
39058
39078
39112
39113
39115
39126
39132
39132
39135
39146
39151
39159
39160
39172
39173
39190
39196
39202
39218
39230
39235
39236
39237
39242
39264
39266
39280
39291
39306
39306
39333
39339
39340
39350
39353
39376
39377
39384
39389
39390
39396
39400
39407
39431
39433
39442
39449
39462
39465
39482
39494
39500
39515
39523
39536
39538
39562
39570
39576
39583
39584
39585
39593
39596
39605
39617
39619
39643
39645
39651
39655
39659
39676
39692
39695
39710
39728
39738
39747
39753
39758
39760
39761
39807
39810
39819
39820
39826
39859
39871
39871
39877
39881
39888
39903
39910
39928
39932
39934
39935
39954
39962
39968
39970
40013
40047
40056
40063
40074
40086
40095
40116
40118
40137
40143
40154
40170
40172
40202
40224
40238
40245
40254
40258
40264
40278
40287
40299
40326
40333
40337
40342
40348
40388
40388
40405
40417
40425
40431
40435
40446
40463
40476
40477
40478
40481
40481
40491
40515
40531
40563
40572
40584
40584
40589
40608
40648
40653
40654
40691
40699
40701
40704
40710
40718
40727
40742
40757
40766
40771
40783
40805
40807
40814
40820
40823
40829
40870
40870
40876
40884
40904
40921
40953
40970
40971
41001
41034
41048
41051
41059
41062
41072
41078
41086
41089
41090
41103
41104
41116
41119
41127
41138
41145
41150
41152
41180
41189
41191
41197
41198
41205
41230
41243
41245
41255
41265
41270
41291
41294
41302
41316
41316
41322
41322
41327
41336
41338
41339
41339
41352
41355
41374
41380
41391
41399
41411
41411
41436
41437
41439
41452
41452
41457
41461
41463
41471
41484
41493
41515
41525
41539
41554
41555
41567
41567
41569
41583
41598
41613
41627
41642
41643
41655
41665
41668
41673
41678
41690
41704
41718
41720
41727
41731
41740
41744
41745
41747
41752
41770
41785
41791
41795
41808
41819
41830
41833
41844
41848
41897
41905
41919
41928
41935
41937
41943
41944
41955
41995
42007
42042
42048
42059
42067
42072
42077
42089
42091
42107
42110
42112
42125
42136
42138
42151
42163
42164
42190
42191
42252
42258
42276
42287
42302
42302
42304
42325
42331
42340
42345
42345
42349
42370
42373
42380
42381
42392
42395
42399
42403
42404
42411
42418
42426
42443
42444
42454
42461
42471
42474
42487
42502
42502
42503
42510
42518
42519
42520
42529
42539
42547
42559
42570
42570
42581
42587
42602
42614
42624
42625
42630
42631
42632
42638
42661
42687
42694
42696
42703
42711
42717
42719
42726
42739
42744
42746
42760
42778
42781
42791
42807
42812
42841
42845
42846
42848
42849
42855
42866
42884
42893
42894
42914
42921
42929
42935
42937
42940
42943
42954
42968
42975
42980
42989
42991
42996
43005
43028
43034
43039
43044
43051
43052
43052
43055
43056
43062
43081
43090
43090
43098
43101
43116
43122
43139
43149
43186
43188
43191
43196
43206
43210
43221
43230
43232
43234
43237
43238
43256
43256
43260
43270
43270
43285
43303
43332
43343
43344
43344
43352
43394
43400
43434
43494
43519
43520
43541
43548
43553
43569
43580
43587
43594
43600
43616
43629
43634
43635
43639
43640
43641
43653
43669
43671
43671
43687
43711
43721
43730
43737
43743
43757
43765
43766
43778
43778
43781
43787
43815
43820
43837
43839
43841
43844
43856
43866
43875
43878
43882
43896
43897
43903
43942
43951
43952
43962
43962
43977
43978
43978
43980
43980
43984
43988
43993
44005
44007
44008
44011
44013
44020
44021
44035
44035
44037
44050
44053
44054
44057
44061
44064
44071
44095
44098
44102
44105
44108
44110
44119
44124
44124
44128
44136
44138
44141
44149
44152
44160
44167
44182
44184
44191
44197
44198
44203
44216
44219
44225
44237
44257
44262
44276
44284
44297
44303
44304
44322
44340
44346
44361
44378
44381
44415
44431
44436
44452
44459
44483
44487
44493
44494
44508
44515
44525
44530
44532
44538
44541
44549
44551
44558
44575
44581
44594
44609
44612
44657
44680
44691
44694
44700
44709
44714
44719
44753
44754
44764
44781
44792
44806
44809
44819
44825
44842
44853
44855
44871
44877
44879
44892
44907
44908
44912
44923
44927
44938
44954
44959
44966
44987
45010
45011
45014
45030
45047
45078
45090
45092
45101
45110
45112
45114
45131
45156
45160
45162
45168
45186
45220
45227
45234
45236
45248
45249
45257
45267
45275
45276
45277
45281
45283
45302
45305
45308
45308
45319
45326
45347
45351
45355
45356
45367
45376
45391
45405
45406
45407
45417
45430
45431
45458
45458
45469
45472
45485
45486
45498
45501
45504
45505
45505
45511
45513
45543
45545
45553
45562
45562
45576
45578
45597
45621
45626
45629
45633
45662
45669
45671
45674
45676
45703
45704
45704
45707
45732
45733
45733
45734
45736
45741
45745
45751
45752
45754
45759
45765
45776
45781
45784
45805
45825
45830
45863
45869
45900
45954
45958
45969
45974
45988
45995
46023
46031
46034
46037
46045
46045
46047
46049
46054
46061
46064
46084
46086
46088
46089
46096
46097
46110
46114
46138
46145
46146
46149
46151
46161
46169
46179
46181
46196
46197
46227
46231
46231
46241
46249
46249
46251
46259
46261
46266
46268
46292
46305
46322
46349
46366
46390
46393
46421
46421
46428
46436
46447
46450
46454
46465
46469
46483
46489
46494
46530
46533
46537
46539
46545
46553
46559
46584
46589
46594
46606
46615
46619
46632
46673
46681
46689
46693
46706
46710
46711
46726
46727
46730
46736
46754
46762
46762
46776
46779
46793
46811
46812
46824
46825
46825
46831
46838
46849
46889
46892
46904
46911
46916
46919
46927
46934
46946
46953
46954
46959
46962
46980
46984
46985
46998
47016
47022
47022
47028
47033
47042
47046
47068
47097
47108
47116
47122
47160
47161
47162
47169
47194
47201
47202
47211
47221
47223
47243
47248
47262
47274
47290
47291
47292
47298
47307
47340
47361
47366
47380
47384
47396
47404
47414
47417
47435
47443
47443
47457
47460
47462
47471
47502
47507
47507
47510
47520
47523
47526
47530
47533
47535
47538
47544
47552
47555
47564
47573
47578
47579
47580
47583
47600
47606
47607
47622
47626
47641
47645
47667
47679
47701
47723
47725
47738
47741
47746
47748
47752
47762
47777
47779
47782
47790
47811
47818
47825
47830
47837
47845
47850
47867
47877
47877
47883
47884
47910
47918
47924
47925
47948
47951
47954
47970
47973
47993
47994
48014
48024
48032
48036
48044
48046
48058
48068
48071
48074
48093
48105
48107
48112
48114
48115
48117
48117
48121
48126
48134
48138
48140
48156
48163
48183
48188
48194
48198
48216
48224
48230
48230
48233
48244
48250
48251
48251
48252
48272
48280
48298
48302
48313
48326
48337
48345
48359
48366
48378
48389
48390
48392
48403
48406
48410
48412
48437
48442
48447
48470
48496
48508
48538
48548
48558
48558
48570
48571
48571
48581
48589
48616
48628
48652
48657
48659
48661
48663
48669
48669
48688
48697
48706
48717
48724
48741
48753
48757
48768
48768
48775
48786
48787
48801
48818
48821
48826
48828
48849
48855
48856
48869
48891
48901
48929
48955
48972
48981
48988
48995
49011
49013
49019
49026
49026
49028
49029
49063
49065
49083
49095
49099
49122
49155
49161
49186
49188
49189
49195
49211
49216
49240
49242
49242
49247
49266
49273
49279
49299
49308
49338
49358
49362
49372
49376
49390
49397
49413
49423
49426
49438
49452
49457
49463
49465
49477
49491
49496
49499
49505
49532
49541
49553
49555
49565
49570
49578
49582
49610
49637
49640
49640
49641
49645
49668
49692
49695
49720
49730
49738
49738
49741
49741
49742
49748
49762
49774
49801
49816
49819
49833
49858
49861
49875
49876
49880
49904
49905
49907
49910
49918
49930
49946
49953
49959
49974
49979
49989
50005
50008
50027
50032
50041
50041
50053
50066
50073
50075
50083
50087
50098
50105
50112
50122
50131
50138
50141
50142
50146
50149
50162
50171
50183
50209
50217
50217
50219
50229
50232
50236
50252
50253
50268
50272
50280
50283
50291
50308
50312
50326
50342
50359
50365
50383
50386
50397
50436
50439
50440
50447
50462
50475
50482
50509
50518
50518
50520
50526
50533
50535
50553
50558
50568
50586
50598
50604
50612
50628
50633
50650
50650
50651
50689
50690
50695
50701
50709
50716
50721
50723
50751
50762
50767
50772
50778
50781
50787
50797
50797
50810
50837
50848
50856
50856
50857
50874
50888
50894
50895
50910
50913
50926
50933
50941
50948
50956
50969
50971
50981
50989
50998
51012
51016
51024
51034
51035
51038
51046
51053
51070
51073
51077
51082
51083
51094
51097
51142
51145
51165
51172
51174
51178
51201
51217
51217
51220
51227
51268
51283
51294
51300
51322
51328
51330
51337
51343
51343
51344
51350
51365
51387
51410
51417
51434
51436
51449
51482
51490
51494
51499
51506
51515
51517
51535
51563
51580
51587
51589
51593
51595
51611
51620
51621
51649
51663
51670
51685
51697
51700
51711
51716
51739
51742
51757
51763
51795
51799
51806
51810
51825
51843
51860
51872
51888
51901
51919
51920
51925
51942
51947
51947
51954
51965
51986
51988
52003
52016
52018
52021
52027
52031
52034
52035
52052
52074
52076
52087
52088
52097
52135
52136
52153
52176
52176
52184
52193
52198
52219
52256
52276
52283
52295
52300
52305
52309
52327
52348
52364
52365
52376
52407
52428
52432
52432
52433
52437
52438
52458
52472
52479
52487
52547
52577
52585
52594
52594
52597
52617
52629
52640
52676
52676
52686
52693
52697
52709
52717
52719
52742
52742
52744
52744
52756
52765
52773
52801
52802
52815
52816
52828
52832
52838
52857
52870
52905
52905
52929
52939
52946
52947
52985
52986
52993
52996
53050
53058
53077
53081
53081
53086
53096
53132
53147
53171
53177
53183
53185
53191
53192
53214
53218
53226
53260
53277
53279
53281
53283
53283
53293
53293
53302
53302
53310
53312
53312
53320
53337
53343
53353
53354
53374
53378
53384
53386
53393
53397
53425
53426
53440
53452
53463
53479
53485
53519
53525
53529
53542
53547
53551
53552
53559
53569
53573
53574
53599
53625
53635
53676
53687
53689
53700
53711
53738
53746
53760
53778
53779
53793
53798
53799
53814
53818
53818
53823
53865
53873
53876
53877
53888
53904
53908
53908
53920
53922
53934
53942
53953
53962
53972
53977
53979
53985
54057
54068
54076
54077
54079
54080
54087
54092
54098
54101
54107
54110
54111
54120
54131
54138
54149
54158
54165
54205
54226
54229
54237
54260
54272
54291
54303
54305
54309
54313
54316
54323
54323
54331
54364
54373
54388
54388
54409
54425
54446
54449
54451
54458
54458
54469
54482
54485
54503
54508
54518
54519
54521
54524
54543
54543
54550
54584
54584
54608
54614
54615
54621
54642
54646
54659
54671
54673
54676
54713
54720
54741
54741
54744
54747
54752
54754
54757
54769
54785
54802
54816
54827
54855
54855
54860
54863
54864
54864
54869
54899
54911
54919
54926
54928
54941
54968
54969
54970
54995
54998
55001
55008
55023
55024
55032
55044
55049
55058
55058
55058
55070
55072
55079
55089
55092
55105
55130
55130
55130
55130
55130
55130
55130
55130
55130
55139
55143
55145
55184
55212
55212
55212
55249
55262
55277
55279
55286
55294
55298
55319
55321
55327
55330
55355
55355
55369
55373
55380
55386
55391
55397
55457
55460
55463
55463
55466
55481
55489
55517
55523
55525
55527
55556
55603
55618
55620
55662
55666
55684
55695
55700
55717
55744
55744
55748
55757
55762
55763
55775
55776
55777
55783
55787
55798
55805
55847
55856
55858
55872
55874
55882
55892
55902
55919
55935
55953
55959
55961
55966
55970
55973
55986
55992
56005
56014
56019
56023
56029
56038
56047
56047
56052
56053
56056
56070
56083
56113
56124
56128
56130
56130
56143
56151
56158
56172
56172
56174
56176
56191
56202
56212
56216
56217
56225
56234
56239
56257
56259
56269
56278
56278
56285
56295
56330
56353
56358
56362
56367
56400
56401
56404
56405
56405
56415
56415
56417
56423
56435
56447
56448
56449
56451
56457
56470
56472
56476
56486
56496
56499
56500
56504
56508
56509
56524
56534
56540
56552
56560
56571
56572
56583
56585
56590
56592
56604
56607
56624
56629
56630
56647
56647
56657
56661
56684
56690
56693
56708
56723
56723
56729
56734
56735
56743
56755
56765
56766
56768
56796
56798
56804
56804
56819
56839
56851
56875
56876
56882
56892
56895
56905
56911
56913
56917
56918
56937
56938
56950
56970
56972
56976
56990
57003
57011
57015
57018
57033
57040
57045
57071
57071
57080
57082
57097
57119
57121
57124
57145
57147
57154
57155
57164
57165
57166
57176
57204
57204
57211
57236
57236
57239
57255
57258
57258
57259
57262
57269
57273
57290
57291
57295
57295
57346
57347
57359
57361
57362
57365
57368
57384
57388
57389
57390
57397
57408
57415
57423
57424
57445
57451
57457
57486
57511
57513
57516
57516
57531
57537
57551
57560
57563
57563
57585
57586
57590
57591
57603
57605
57609
57620
57625
57627
57640
57644
57645
57645
57651
57666
57670
57683
57687
57709
57711
57721
57734
57735
57754
57754
57757
57780
57789
57794
57822
57836
57836
57841
57843
57845
57895
57903
57904
57905
57921
57923
57933
57934
57958
57959
57977
57992
58002
58003
58021
58029
58047
58048
58054
58062
58069
58089
58095
58095
58099
58107
58120
58120
58124
58124
58147
58196
58200
58201
58204
58206
58210
58230
58242
58273
58275
58289
58292
58293
58326
58339
58353
58357
58365
58372
58388
58403
58412
58412
58416
58461
58472
58481
58493
58493
58495
58502
58513
58515
58521
58553
58562
58562
58562
58572
58588
58593
58598
58615
58615
58629
58635
58636
58647
58652
58657
58659
58669
58675
58709
58712
58716
58719
58729
58736
58749
58762
58765
58772
58774
58795
58795
58804
58806
58809
58811
58824
58826
58828
58835
58849
58859
58872
58872
58887
58889
58896
58899
58899
58914
58917
58930
58944
58955
58960
58960
58962
58962
58963
58973
58973
58973
58990
58994
58996
59004
59016
59018
59024
59043
59049
59052
59055
59088
59100
59122
59139
59140
59173
59185
59264
59269
59291
59295
59339
59405
59416
59457
59458
59478
59502
59507
59512
59532
59537
59553
59565
59574
59584
59607
59623
59726
59758
59767
59770
59789
59791
59809
59811
59837
59840
59855
59878
59924
59944
59945
59946
59982
59987
59988
59993
60006
60017
60023
60037
60048
60062
60097
60099
60103
60110
60115
60145
60171
60197
60206
60208
60242
60262
60270
60271
60377
60403
60413
60418
60448
60486
60499
60506
60523
60530
60582
60593
60619
60647
60815
60833
60963
61713
61889
62046
62278
62287
62354
-1
