28283
28299
28306
28313
28488
28558
28565
28604
28677
28692
28696
28930
29007
29013
29020
29046
29056
29063
29087
29090
29092
29095
29096
29103
29104
29136
29156
29178
29181
29190
29196
29216
29224
29230
29247
29251
29253
29255
29255
29271
29277
29293
29307
29307
29325
29336
29337
29348
29355
29356
29370
29374
29376
29383
29388
29394
29398
29404
29415
29420
29443
29446
29447
29454
29457
29473
29475
29478
29488
29490
29491
29498
29502
29512
29518
29528
29540
29542
29542
29544
29547
29556
29569
29577
29596
29597
29601
29606
29623
29626
29633
29642
29644
29648
29661
29669
29682
29689
29697
29697
29698
29701
29714
29718
29730
29733
29736
29765
29778
29791
29795
29811
29816
29816
29818
29837
29841
29851
29889
29890
29892
29903
29916
29917
29919
29944
29944
29950
29953
29968
29971
29971
29976
29983
29985
29990
30016
30020
30024
30031
30035
30035
30044
30049
30049
30070
30084
30088
30089
30093
30101
30124
30128
30132
30145
30152
30162
30167
30174
30178
30179
30185
30211
30218
30218
30236
30251
30251
30253
30257
30274
30280
30297
30299
30300
30306
30310
30311
30323
30334
30345
30345
30348
30355
30357
30369
30371
30379
30381
30393
30399
30404
30415
30416
30419
30426
30431
30436
30440
30447
30448
30459
30461
30462
30466
30481
30482
30483
30494
30497
30497
30506
30520
30523
30526
30529
30535
30547
30548
30560
30561
30569
30569
30575
30586
30602
30610
30613
30613
30631
30642
30643
30647
30663
30686
30722
30723
30748
30748
30761
30766
30768
30772
30777
30790
30793
30806
30810
30811
30812
30824
30832
30835
30849
30849
30852
30856
30867
30882
30891
30893
30898
30898
30899
30899
30907
30907
30920
30923
30927
30928
30941
30942
30948
30954
30957
30959
30974
30975
30985
30986
30993
30995
31003
31007
31010
31013
31023
31026
31030
31037
31039
31044
31047
31052
31052
31053
31060
31091
31098
31100
31106
31108
31115
31119
31128
31131
31138
31138
31145
31147
31152
31157
31157
31160
31163
31170
31173
31175
31176
31176
31186
31192
31195
31198
31201
31209
31212
31213
31225
31230
31234
31240
31241
31246
31246
31253
31259
31265
31270
31270
31279
31281
31282
31282
31284
31290
31295
31298
31299
31302
31305
31313
31315
31321
31330
31337
31340
31342
31347
31348
31350
31359
31379
31402
31404
31405
31406
31408
31410
31417
31447
31449
31455
31456
31469
31483
31496
31497
31513
31522
31530
31539
31541
31545
31545
31546
31547
31547
31551
31561
31567
31572
31576
31578
31579
31586
31588
31590
31592
31594
31601
31609
31620
31621
31623
31624
31631
31633
31636
31645
31646
31650
31655
31657
31660
31667
31670
31675
31677
31687
31690
31693
31707
31710
31715
31717
31717
31720
31725
31726
31728
31729
31731
31733
31739
31742
31744
31749
31751
31758
31761
31768
31769
31770
31771
31772
31775
31776
31787
31797
31808
31808
31822
31823
31823
31827
31828
31830
31832
31832
31844
31846
31846
31847
31847
31851
31858
31859
31868
31871
31871
31874
31875
31876
31881
31881
31886
31886
31895
31903
31904
31904
31909
31910
31911
31911
31937
31948
31954
31959
31975
31977
31985
31994
31996
32000
32002
32006
32006
32008
32010
32011
32016
32016
32017
32021
32037
32038
32048
32049
32052
32061
32067
32068
32068
32074
32076
32088
32091
32091
32106
32108
32109
32111
32111
32113
32115
32118
32128
32131
32132
32133
32141
32141
32142
32147
32161
32163
32165
32168
32168
32182
32196
32198
32200
32202
32204
32206
32209
32214
32221
32230
32231
32232
32234
32244
32246
32249
32250
32256
32260
32282
32286
32291
32312
32322
32325
32331
32334
32345
32348
32359
32360
32365
32365
32365
32370
32371
32379
32385
32392
32397
32402
32403
32407
32415
32421
32423
32434
32440
32441
32444
32449
32455
32456
32464
32476
32489
32489
32496
32508
32511
32517
32524
32528
32534
32537
32539
32543
32553
32554
32554
32555
32556
32562
32578
32579
32589
32598
32602
32603
32605
32607
32609
32612
32619
32623
32624
32637
32639
32642
32649
32649
32650
32652
32653
32659
32671
32672
32673
32680
32684
32685
32686
32691
32694
32699
32700
32701
32702
32705
32707
32714
32718
32718
32722
32722
32722
32724
32724
32746
32747
32749
32750
32759
32762
32764
32767
32775
32778
32779
32794
32806
32808
32811
32812
32815
32815
32820
32820
32834
32835
32836
32852
32855
32856
32864
32867
32882
32885
32887
32887
32897
32898
32903
32905
32910
32924
32933
32937
32938
32938
32942
32945
32953
32962
32965
32979
32989
32993
32998
33011
33015
33019
33026
33027
33029
33031
33038
33043
33044
33059
33062
33072
33073
33074
33076
33082
33089
33091
33102
33105
33111
33112
33113
33114
33114
33117
33130
33132
33135
33138
33142
33145
33147
33152
33156
33157
33165
33169
33186
33199
33200
33216
33217
33228
33231
33231
33235
33243
33247
33248
33257
33258
33262
33268
33279
33279
33288
33288
33296
33302
33302
33308
33310
33311
33313
33320
33321
33323
33329
33331
33335
33335
33340
33346
33349
33355
33381
33383
33387
33387
33393
33394
33408
33412
33418
33421
33422
33425
33428
33429
33446
33448
33457
33462
33463
33463
33472
33473
33475
33476
33486
33496
33500
33501
33501
33506
33506
33527
33528
33529
33534
33541
33550
33559
33562
33567
33567
33576
33577
33579
33586
33587
33588
33599
33599
33604
33608
33609
33626
33632
33635
33637
33640
33643
33647
33648
33652
33657
33666
33668
33684
33685
33687
33687
33691
33692
33699
33701
33716
33720
33723
33729
33731
33735
33736
33738
33741
33753
33760
33761
33778
33778
33780
33783
33790
33792
33799
33805
33816
33820
33824
33827
33829
33833
33834
33836
33844
33846
33853
33855
33856
33856
33864
33866
33867
33870
33872
33877
33879
33879
33885
33889
33893
33913
33915
33918
33920
33933
33943
33943
33948
33949
33950
33959
33962
33965
33980
33981
33981
33983
33987
33989
33989
33991
33993
33999
34014
34016
34020
34020
34022
34028
34028
34031
34044
34051
34067
34068
34071
34091
34096
34099
34099
34106
34107
34113
34114
34115
34117
34120
34129
34133
34138
34138
34139
34139
34150
34161
34164
34166
34169
34173
34176
34177
34187
34189
34195
34196
34201
34207
34214
34218
34222
34228
34228
34230
34232
34246
34246
34247
34255
34258
34258
34262
34267
34275
34289
34291
34291
34304
34307
34307
34331
34338
34340
34340
34344
34344
34346
34347
34354
34367
34377
34379
34384
34385
34391
34397
34403
34423
34423
34433
34447
34451
34457
34463
34470
34470
34472
34474
34488
34488
34489
34495
34496
34503
34518
34523
34523
34524
34527
34529
34531
34535
34539
34547
34555
34565
34567
34579
34580
34580
34584
34587
34590
34590
34596
34596
34612
34614
34615
34618
34619
34627
34630
34636
34638
34639
34640
34647
34648
34649
34650
34651
34676
34679
34680
34685
34687
34689
34696
34723
34723
34737
34741
34756
34762
34766
34777
34778
34794
34799
34802
34803
34805
34808
34817
34821
34823
34827
34834
34836
34843
34851
34856
34862
34865
34887
34889
34893
34893
34911
34912
34913
34914
34915
34919
34935
34935
34936
34937
34957
34960
34961
34979
34982
34983
34990
34991
34991
34992
34995
35002
35013
35016
35020
35021
35028
35028
35030
35030
35034
35034
35036
35037
35042
35052
35052
35057
35059
35064
35068
35075
35080
35081
35084
35090
35091
35096
35110
35122
35130
35134
35141
35152
35156
35157
35157
35161
35162
35165
35165
35170
35180
35182
35184
35190
35193
35196
35201
35208
35210
35218
35219
35221
35224
35244
35255
35258
35263
35264
35274
35281
35284
35287
35293
35298
35305
35309
35310
35314
35320
35322
35327
35336
35336
35343
35347
35349
35350
35361
35368
35370
35374
35381
35386
35388
35394
35400
35401
35406
35417
35419
35431
35434
35435
35436
35443
35443
35445
35453
35462
35471
35474
35478
35480
35491
35493
35495
35501
35510
35513
35516
35518
35519
35520
35528
35531
35564
35569
35569
35572
35578
35585
35603
35613
35625
35626
35626
35629
35650
35652
35652
35653
35668
35670
35673
35689
35689
35697
35706
35711
35715
35717
35724
35738
35762
35772
35783
35791
35798
35810
35813
35829
35832
35834
35837
35841
35856
35858
35859
35862
35862
35864
35868
35869
35873
35873
35879
35880
35882
35882
35884
35893
35897
35908
35915
35921
35922
35926
35933
35939
35941
35942
35942
35955
35956
35958
35959
35981
35987
35993
36000
36003
36010
36020
36025
36037
36037
36038
36050
36054
36062
36070
36070
36078
36079
36079
36085
36086
36088
36090
36093
36101
36109
36120
36122
36131
36133
36134
36139
36140
36141
36144
36144
36152
36154
36161
36166
36170
36178
36179
36196
36197
36198
36201
36201
36205
36214
36224
36225
36231
36231
36232
36233
36233
36252
36256
36263
36265
36266
36272
36275
36288
36293
36294
36296
36296
36304
36311
36316
36326
36326
36332
36353
36353
36359
36359
36361
36362
36364
36364
36364
36368
36369
36382
36392
36408
36409
36413
36415
36415
36420
36431
36433
36436
36440
36464
36465
36467
36470
36470
36476
36489
36490
36497
36498
36500
36500
36503
36503
36505
36535
36541
36545
36549
36557
36561
36562
36572
36577
36585
36586
36589
36597
36599
36609
36609
36618
36622
36625
36630
36630
36632
36638
36639
36640
36646
36655
36664
36665
36667
36668
36669
36675
36676
36681
36684
36685
36685
36689
36696
36705
36709
36713
36723
36726
36727
36742
36745
36751
36755
36758
36759
36762
36767
36784
36787
36796
36797
36797
36816
36820
36825
36833
36834
36835
36842
36848
36853
36854
36859
36861
36869
36871
36885
36889
36893
36893
36895
36919
36919
36937
36938
36939
36960
36963
36970
36972
36974
36975
36981
36983
36984
36988
36992
36999
37000
37006
37012
37012
37013
37036
37039
37042
37042
37043
37055
37056
37058
37061
37068
37071
37080
37092
37098
37102
37104
37109
37117
37120
37125
37127
37128
37141
37145
37157
37162
37172
37172
37200
37201
37202
37209
37227
37228
37240
37242
37245
37258
37262
37264
37276
37279
37280
37297
37299
37300
37301
37309
37314
37335
37338
37340
37351
37363
37376
37378
37387
37388
37389
37391
37398
37402
37403
37406
37411
37415
37425
37428
37428
37433
37438
37466
37478
37480
37495
37495
37499
37504
37504
37510
37512
37513
37515
37524
37527
37528
37529
37533
37549
37550
37559
37562
37568
37571
37593
37599
37599
37601
37607
37614
37620
37627
37631
37633
37640
37644
37651
37652
37660
37665
37677
37680
37681
37681
37689
37693
37701
37702
37714
37720
37725
37732
37740
37748
37753
37754
37758
37759
37763
37766
37769
37774
37780
37793
37797
37803
37814
37817
37818
37838
37841
37848
37853
37869
37881
37887
37889
37890
37894
37905
37907
37923
37929
37930
37932
37933
37933
37938
37943
37944
37949
37952
37955
37972
37976
37983
37985
37999
38001
38005
38006
38007
38011
38025
38026
38031
38038
38047
38062
38068
38084
38093
38096
38097
38099
38117
38119
38124
38142
38147
38154
38155
38156
38160
38162
38167
38181
38181
38188
38192
38201
38203
38214
38228
38230
38238
38249
38274
38277
38277
38282
38290
38294
38295
38297
38312
38313
38317
38327
38334
38335
38336
38350
38363
38367
38369
38373
38375
38375
38377
38390
38391
38392
38399
38402
38403
38403
38407
38408
38422
38422
38430
38431
38449
38453
38456
38460
38460
38462
38466
38472
38475
38476
38486
38498
38502
38506
38512
38517
38526
38526
38531
38535
38540
38543
38556
38560
38570
38580
38582
38583
38588
38589
38601
38604
38604
38613
38619
38620
38623
38624
38630
38638
38651
38656
38659
38665
38666
38667
38668
38673
38674
38677
38687
38687
38693
38696
38703
38709
38714
38715
38719
38734
38734
38736
38737
38739
38739
38742
38743
38746
38751
38755
38760
38769
38783
38784
38795
38795
38796
38801
38802
38807
38819
38823
38837
38840
38843
38846
38858
38870
38872
38877
38881
38898
38899
38900
38905
38906
38908
38914
38925
38932
38934
38941
38942
38952
38961
38964
38973
38978
38986
38987
38990
38990
38991
38997
39000
39006
39030
39035
39042
39048
39058
39063
39069
39078
39080
39086
39101
39104
39105
39109
39112
39126
39127
39129
39134
39139
39141
39154
39158
39163
39167
39168
39176
39179
39185
39199
39202
39206
39210
39214
39216
39223
39227
39228
39230
39239
39254
39255
39258
39262
39275
39275
39275
39278
39281
39285
39297
39302
39307
39310
39312
39315
39339
39346
39348
39355
39359
39369
39391
39395
39396
39401
39405
39407
39410
39429
39431
39432
39436
39442
39443
39444
39450
39463
39465
39471
39477
39486
39492
39494
39494
39496
39502
39505
39515
39525
39530
39538
39540
39541
39546
39552
39560
39566
39578
39592
39598
39601
39604
39605
39607
39629
39636
39637
39642
39644
39647
39669
39700
39701
39703
39704
39705
39707
39707
39724
39734
39752
39753
39757
39762
39766
39803
39806
39806
39807
39818
39819
39835
39840
39843
39867
39867
39885
39891
39891
39899
39900
39903
39906
39923
39936
39953
39961
39977
39981
39982
39989
40000
40004
40005
40006
40007
40010
40014
40018
40043
40044
40066
40081
40091
40091
40093
40100
40115
40115
40117
40118
40145
40187
40192
40192
40193
40195
40197
40200
40212
40215
40221
40224
40232
40236
40245
40259
40264
40278
40283
40295
40299
40326
40348
40350
40355
40367
40373
40379
40381
40385
40385
40391
40401
40404
40412
40414
40414
40416
40422
40431
40435
40450
40458
40462
40465
40475
40490
40490
40503
40506
40507
40512
40514
40518
40522
40527
40530
40533
40547
40550
40564
40572
40577
40578
40589
40591
40595
40601
40625
40636
40645
40648
40659
40670
40673
40680
40689
40699
40700
40702
40703
40703
40708
40712
40713
40718
40725
40735
40735
40737
40739
40740
40742
40744
40749
40758
40766
40768
40782
40783
40787
40788
40790
40799
40801
40802
40813
40816
40816
40830
40832
40832
40832
40841
40842
40847
40848
40849
40861
40864
40870
40875
40878
40883
40885
40897
40902
40906
40912
40917
40919
40933
40933
40944
40953
40954
40959
40962
40967
40972
40976
40980
40980
41015
41025
41027
41032
41038
41038
41043
41046
41056
41058
41062
41065
41074
41081
41101
41112
41119
41120
41125
41126
41135
41139
41147
41147
41152
41157
41159
41159
41165
41168
41172
41176
41176
41186
41186
41200
41201
41202
41202
41207
41208
41209
41213
41218
41221
41232
41241
41242
41263
41265
41265
41269
41306
41307
41308
41323
41326
41341
41356
41358
41364
41365
41376
41385
41389
41391
41392
41392
41393
41398
41402
41402
41405
41409
41426
41438
41441
41446
41447
41455
41458
41465
41470
41475
41481
41483
41486
41503
41505
41510
41516
41534
41553
41558
41563
41565
41571
41573
41573
41582
41590
41591
41605
41613
41615
41617
41619
41624
41632
41633
41633
41670
41671
41680
41684
41695
41702
41710
41711
41724
41727
41733
41746
41765
41774
41786
41786
41786
41790
41790
41794
41812
41817
41817
41821
41824
41824
41825
41836
41841
41842
41859
41878
41878
41880
41892
41905
41907
41910
41910
41911
41927
41927
41928
41947
41950
41958
41968
41976
41978
41983
41985
42002
42002
42011
42012
42015
42020
42039
42043
42051
42055
42056
42059
42063
42065
42075
42076
42082
42085
42086
42088
42091
42093
42105
42111
42111
42127
42128
42128
42133
42134
42135
42142
42153
42154
42165
42170
42170
42174
42178
42186
42214
42215
42217
42218
42220
42221
42222
42227
42234
42236
42242
42246
42253
42270
42272
42282
42283
42285
42286
42288
42293
42302
42307
42308
42316
42316
42318
42322
42322
42330
42334
42342
42342
42346
42348
42352
42357
42357
42357
42394
42395
42403
42403
42404
42406
42412
42412
42416
42420
42428
42429
42440
42442
42445
42455
42455
42457
42457
42460
42464
42472
42474
42492
42500
42506
42511
42511
42522
42524
42527
42532
42534
42542
42550
42559
42567
42574
42576
42620
42620
42629
42642
42656
42659
42665
42668
42676
42705
42707
42709
42713
42716
42721
42728
42735
42741
42744
42747
42748
42762
42763
42769
42772
42778
42780
42781
42786
42792
42803
42803
42807
42807
42808
42819
42820
42822
42832
42836
42837
42837
42846
42848
42857
42884
42886
42887
42887
42890
42902
42908
42929
42935
42935
42937
42943
42943
42944
42964
42976
42976
42994
42997
43002
43012
43015
43018
43020
43022
43031
43033
43038
43042
43043
43052
43061
43063
43069
43081
43088
43093
43099
43104
43115
43135
43152
43153
43160
43164
43184
43185
43189
43190
43197
43202
43217
43222
43222
43228
43228
43230
43243
43267
43274
43276
43286
43291
43296
43303
43304
43315
43329
43337
43340
43343
43358
43362
43364
43370
43430
43431
43432
43433
43434
43435
43441
43443
43447
43471
43484
43493
43495
43525
43526
43530
43536
43539
43541
43546
43551
43567
43568
43569
43581
43590
43599
43611
43619
43621
43624
43627
43638
43653
43655
43659
43661
43663
43665
43665
43667
43673
43682
43685
43685
43686
43709
43712
43722
43723
43726
43739
43746
43750
43757
43767
43775
43780
43793
43796
43802
43814
43816
43819
43820
43833
43840
43843
43844
43844
43857
43860
43863
43870
43878
43888
43891
43891
43892
43904
43912
43913
43913
43915
43919
43925
43928
43938
43943
43956
43962
43984
43985
43993
43997
43997
44001
44030
44034
44035
44057
44058
44073
44090
44091
44094
44100
44104
44106
44108
44111
44111
44124
44141
44141
44146
44151
44158
44159
44166
44179
44182
44210
44212
44212
44213
44214
44238
44241
44248
44264
44281
44295
44308
44331
44338
44349
44364
44370
44372
44380
44383
44386
44388
44390
44393
44407
44425
44433
44440
44475
44476
44480
44482
44498
44503
44515
44517
44526
44534
44538
44543
44546
44552
44574
44582
44582
44582
44592
44599
44605
44611
44613
44615
44623
44641
44645
44656
44662
44662
44663
44697
44706
44711
44712
44718
44740
44751
44756
44756
44759
44777
44786
44797
44803
44813
44816
44819
44824
44835
44857
44857
44881
44891
44896
44900
44903
44904
44906
44918
44924
44924
44929
44943
44945
44950
44952
44954
44955
44958
44970
44980
44988
44995
44995
45003
45020
45026
45027
45029
45056
45061
45072
45079
45085
45087
45104
45109
45110
45140
45153
45155
45157
45187
45220
45236
45243
45263
45274
45274
45291
45291
45293
45297
45299
45315
45318
45322
45326
45334
45340
45364
45367
45374
45376
45391
45392
45400
45402
45407
45412
45418
45430
45436
45448
45452
45454
45456
45492
45500
45502
45510
45520
45525
45527
45528
45528
45529
45536
45538
45549
45555
45559
45565
45566
45572
45574
45574
45586
45587
45588
45601
45616
45623
45646
45650
45663
45667
45688
45692
45692
45693
45694
45697
45699
45702
45705
45712
45713
45722
45731
45734
45738
45741
45741
45742
45747
45747
45752
45769
45778
45800
45800
45804
45812
45813
45826
45828
45832
45834
45853
45860
45866
45883
45889
45896
45898
45899
45910
45912
45918
45933
45935
45939
45941
45955
45959
45969
45978
45979
45979
45996
45997
46018
46022
46022
46031
46032
46033
46047
46051
46073
46080
46082
46093
46098
46104
46126
46134
46136
46138
46146
46146
46153
46164
46164
46169
46199
46209
46216
46218
46222
46230
46233
46235
46251
46252
46254
46259
46260
46264
46278
46297
46304
46307
46321
46346
46347
46348
46378
46389
46393
46398
46429
46438
46443
46452
46464
46466
46482
46484
46487
46491
46497
46502
46509
46515
46517
46520
46529
46531
46536
46543
46547
46550
46552
46554
46557
46559
46567
46575
46579
46585
46596
46603
46611
46627
46628
46632
46633
46633
46640
46663
46665
46684
46691
46700
46708
46708
46717
46723
46731
46731
46733
46743
46744
46746
46747
46748
46751
46757
46764
46765
46771
46772
46776
46787
46790
46793
46795
46816
46825
46830
46842
46847
46854
46855
46870
46880
46888
46894
46897
46900
46904
46912
46933
46941
46951
46951
46953
46961
46980
46982
46989
46994
47008
47011
47013
47016
47025
47039
47041
47048
47082
47090
47093
47099
47108
47112
47115
47115
47141
47144
47149
47169
47169
47176
47195
47200
47201
47201
47208
47213
47218
47233
47235
47241
47242
47243
47246
47267
47301
47303
47327
47334
47344
47345
47355
47357
47359
47368
47386
47388
47431
47436
47440
47454
47459
47469
47474
47476
47483
47485
47488
47509
47513
47518
47525
47534
47546
47561
47571
47576
47579
47586
47587
47593
47599
47605
47613
47620
47622
47628
47629
47645
47653
47661
47672
47678
47683
47688
47699
47705
47709
47712
47719
47725
47726
47732
47738
47743
47766
47771
47772
47773
47783
47788
47791
47792
47794
47802
47808
47812
47815
47817
47819
47824
47825
47830
47832
47833
47834
47842
47860
47877
47879
47887
47887
47890
47894
47903
47914
47917
47920
47944
47945
47946
47947
47951
47973
47978
47981
48002
48004
48013
48017
48021
48022
48025
48029
48040
48045
48053
48067
48077
48078
48091
48111
48121
48125
48125
48129
48139
48143
48150
48154
48165
48179
48203
48224
48230
48239
48242
48244
48253
48262
48277
48278
48292
48294
48297
48307
48307
48309
48312
48324
48330
48346
48356
48359
48364
48367
48372
48377
48381
48382
48418
48420
48430
48432
48432
48437
48441
48459
48460
48469
48474
48475
48476
48478
48491
48499
48499
48517
48521
48535
48538
48544
48545
48558
48561
48561
48563
48569
48571
48575
48579
48596
48596
48599
48601
48602
48617
48621
48625
48630
48634
48637
48650
48651
48652
48656
48658
48658
48663
48663
48670
48681
48687
48690
48690
48700
48705
48710
48723
48728
48742
48751
48757
48759
48764
48770
48779
48783
48792
48792
48800
48801
48805
48810
48810
48826
48833
48837
48842
48843
48845
48858
48864
48869
48883
48884
48885
48896
48902
48908
48912
48918
48920
48923
48931
48936
48945
48955
48966
48976
48983
48987
48989
48989
48990
48993
48996
49002
49016
49016
49021
49026
49029
49033
49035
49046
49047
49060
49064
49069
49069
49071
49071
49085
49089
49098
49098
49099
49100
49102
49109
49111
49119
49131
49138
49139
49150
49174
49177
49186
49194
49195
49196
49200
49206
49210
49213
49236
49244
49244
49247
49249
49251
49252
49264
49268
49273
49276
49279
49284
49290
49291
49293
49306
49317
49321
49327
49331
49342
49347
49352
49362
49362
49364
49365
49367
49376
49386
49387
49416
49446
49446
49448
49455
49460
49463
49463
49470
49471
49471
49473
49476
49480
49498
49500
49509
49511
49523
49525
49526
49527
49531
49538
49541
49545
49555
49555
49559
49559
49561
49574
49586
49589
49602
49604
49615
49619
49620
49628
49652
49652
49655
49658
49659
49659
49663
49666
49675
49676
49687
49702
49709
49716
49724
49736
49740
49743
49745
49761
49762
49764
49765
49771
49783
49787
49791
49792
49797
49799
49810
49812
49813
49815
49820
49834
49848
49849
49871
49874
49888
49889
49890
49899
49901
49904
49907
49942
49946
49947
49949
49953
49960
49965
49966
49982
49992
49994
49994
49999
50000
50011
50025
50026
50026
50037
50040
50044
50052
50055
50060
50065
50077
50079
50087
50097
50134
50141
50142
50152
50157
50158
50159
50162
50167
50174
50180
50184
50185
50186
50186
50191
50194
50199
50212
50214
50216
50221
50225
50225
50235
50236
50243
50248
50268
50271
50291
50301
50307
50308
50309
50331
50346
50355
50361
50364
50377
50381
50382
50390
50410
50419
50430
50437
50445
50451
50460
50461
50464
50465
50482
50484
50486
50488
50493
50499
50509
50520
50547
50554
50560
50570
50574
50574
50577
50583
50584
50603
50606
50607
50616
50626
50636
50641
50645
50645
50659
50663
50668
50679
50684
50685
50738
50739
50741
50752
50767
50768
50770
50774
50777
50785
50788
50790
50796
50805
50808
50809
50810
50825
50832
50834
50836
50836
50851
50855
50860
50864
50865
50874
50875
50878
50884
50886
50886
50891
50895
50900
50901
50906
50937
50937
50945
50945
50951
50955
50960
50964
50970
50973
50978
50978
50979
50991
50999
51004
51011
51012
51012
51012
51024
51025
51044
51045
51048
51062
51064
51070
51086
51087
51088
51098
51098
51098
51114
51120
51126
51126
51127
51127
51138
51139
51140
51148
51150
51153
51159
51171
51171
51178
51192
51192
51197
51198
51206
51212
51219
51220
51227
51227
51237
51248
51249
51250
51251
51257
51261
51264
51273
51281
51283
51288
51292
51294
51311
51311
51314
51328
51334
51340
51341
51342
51358
51370
51375
51376
51379
51389
51390
51394
51398
51406
51412
51412
51416
51423
51428
51432
51436
51440
51448
51449
51450
51454
51454
51462
51466
51472
51481
51481
51501
51505
51512
51513
51526
51533
51541
51546
51549
51550
51552
51554
51556
51557
51560
51565
51586
51589
51593
51597
51598
51606
51607
51618
51634
51635
51638
51645
51647
51659
51659
51661
51673
51674
51680
51682
51691
51694
51719
51719
51731
51735
51738
51739
51742
51744
51747
51751
51755
51763
51791
51794
51795
51798
51803
51805
51806
51820
51828
51828
51834
51835
51838
51840
51848
51854
51855
51868
51879
51883
51894
51896
51897
51904
51931
51933
51942
51946
51947
51948
51953
51963
51968
51972
51972
51976
52002
52003
52018
52023
52025
52040
52048
52061
52061
52062
52065
52073
52083
52087
52091
52091
52113
52113
52129
52129
52133
52134
52141
52147
52162
52173
52185
52189
52203
52206
52214
52217
52218
52219
52223
52224
52227
52228
52229
52232
52233
52237
52240
52259
52264
52279
52283
52288
52291
52292
52294
52296
52305
52307
52309
52311
52314
52317
52323
52325
52329
52334
52334
52335
52341
52342
52358
52360
52363
52369
52388
52395
52399
52417
52417
52417
52420
52434
52457
52461
52465
52480
52488
52500
52501
52507
52510
52518
52528
52539
52539
52540
52548
52559
52567
52586
52592
52603
52604
52616
52622
52622
52625
52635
52642
52646
52650
52652
52655
52661
52663
52663
52665
52674
52676
52691
52692
52706
52714
52720
52733
52735
52737
52739
52740
52743
52755
52758
52772
52774
52775
52779
52783
52795
52796
52797
52833
52835
52845
52847
52848
52855
52859
52864
52864
52871
52878
52882
52892
52895
52896
52897
52898
52915
52917
52919
52919
52921
52922
52928
52930
52948
52948
52972
52982
52985
52990
52992
52999
52999
53001
53003
53015
53021
53022
53032
53034
53037
53056
53063
53065
53068
53071
53075
53078
53082
53083
53094
53095
53097
53109
53112
53124
53127
53127
53143
53166
53173
53183
53187
53202
53203
53204
53218
53239
53239
53239
53241
53246
53251
53257
53259
53267
53282
53285
53292
53302
53306
53317
53322
53323
53332
53344
53351
53353
53363
53365
53372
53381
53384
53384
53387
53394
53398
53401
53404
53414
53417
53418
53422
53423
53425
53433
53439
53439
53448
53458
53479
53493
53496
53496
53511
53528
53533
53558
53564
53564
53566
53570
53582
53586
53587
53602
53607
53619
53628
53629
53630
53638
53641
53646
53646
53655
53661
53673
53673
53683
53705
53714
53719
53724
53727
53729
53732
53746
53747
53749
53771
53776
53777
53786
53822
53830
53840
53840
53849
53852
53856
53860
53865
53865
53868
53876
53889
53902
53902
53902
53908
53919
53931
53939
53942
53945
53949
53952
53955
53965
53974
53978
53981
54000
54017
54025
54033
54035
54036
54045
54046
54055
54062
54067
54076
54085
54087
54098
54101
54107
54122
54132
54135
54138
54141
54143
54146
54148
54151
54162
54164
54166
54170
54182
54195
54203
54205
54206
54207
54213
54220
54225
54228
54231
54234
54236
54238
54244
54252
54263
54272
54276
54297
54303
54303
54305
54307
54319
54329
54331
54338
54347
54351
54351
54364
54372
54373
54376
54380
54404
54407
54407
54412
54414
54418
54426
54434
54438
54452
54455
54463
54471
54473
54478
54482
54483
54486
54486
54486
54496
54501
54501
54507
54507
54514
54514
54519
54525
54525
54528
54541
54541
54541
54545
54545
54550
54553
54555
54565
54568
54569
54573
54579
54579
54582
54587
54589
54595
54601
54604
54605
54605
54610
54612
54612
54617
54627
54629
54639
54639
54644
54649
54657
54667
54677
54698
54715
54721
54721
54724
54728
54731
54733
54738
54739
54739
54746
54747
54756
54762
54767
54776
54778
54780
54783
54784
54793
54794
54801
54811
54811
54813
54815
54831
54846
54846
54852
54853
54858
54860
54870
54878
54878
54885
54887
54902
54905
54906
54915
54918
54927
54931
54937
54938
54944
54949
54957
54965
54966
54971
54971
54973
54973
54983
54985
54995
55011
55018
55018
55028
55029
55032
55049
55057
55066
55066
55074
55078
55081
55090
55098
55101
55113
55125
55127
55144
55145
55146
55150
55155
55165
55178
55182
55185
55192
55199
55207
55215
55219
55222
55226
55234
55234
55235
55239
55245
55272
55285
55285
55290
55292
55302
55309
55328
55330
55332
55335
55344
55354
55357
55366
55371
55380
55385
55389
55390
55392
55403
55409
55421
55436
55453
55463
55467
55467
55468
55474
55496
55496
55497
55504
55510
55518
55520
55538
55551
55561
55580
55582
55583
55586
55594
55598
55602
55609
55625
55626
55627
55631
55632
55634
55664
55677
55681
55682
55683
55683
55696
55697
55697
55699
55708
55720
55729
55758
55763
55764
55767
55777
55777
55788
55800
55808
55809
55811
55830
55849
55854
55865
55866
55871
55873
55876
55876
55878
55895
55916
55916
55917
55920
55927
55930
55937
55946
55946
55949
55962
55973
55983
55985
55985
55986
55991
55995
55996
56000
56007
56007
56011
56024
56024
56032
56032
56035
56038
56049
56065
56069
56073
56098
56104
56117
56117
56118
56119
56120
56141
56144
56153
56155
56159
56159
56166
56166
56169
56177
56179
56182
56190
56213
56222
56224
56233
56253
56257
56260
56269
56272
56276
56280
56292
56310
56315
56331
56337
56344
56351
56360
56362
56372
56373
56387
56389
56391
56395
56398
56398
56405
56409
56410
56419
56426
56433
56434
56441
56451
56459
56463
56472
56472
56475
56479
56501
56505
56506
56507
56507
56508
56508
56510
56512
56512
56515
56521
56528
56530
56531
56532
56539
56539
56542
56546
56559
56560
56570
56573
56575
56587
56598
56611
56612
56622
56630
56634
56635
56640
56644
56657
56669
56680
56685
56687
56694
56697
56698
56706
56706
56710
56719
56719
56720
56721
56723
56726
56728
56731
56740
56746
56769
56771
56772
56776
56787
56789
56790
56798
56801
56813
56825
56828
56831
56835
56848
56854
56855
56857
56874
56877
56880
56895
56901
56902
56905
56906
56911
56919
56955
56962
56963
56966
56970
56984
56987
56991
56995
56998
56998
57000
57007
57013
57020
57034
57040
57054
57056
57062
57063
57066
57068
57073
57082
57083
57085
57093
57095
57098
57099
57105
57111
57121
57124
57135
57138
57139
57143
57159
57167
57167
57179
57181
57181
57199
57199
57202
57217
57219
57225
57230
57230
57241
57242
57243
57256
57263
57269
57280
57292
57292
57300
57305
57311
57314
57317
57323
57337
57343
57343
57359
57361
57364
57376
57382
57383
57389
57393
57396
57398
57407
57423
57424
57424
57425
57425
57436
57439
57440
57450
57462
57478
57478
57513
57520
57520
57525
57530
57532
57542
57547
57548
57551
57553
57556
57556
57557
57560
57572
57582
57587
57590
57597
57608
57612
57616
57623
57629
57629
57630
57635
57636
57638
57643
57657
57661
57671
57680
57680
57685
57722
57734
57746
57748
57766
57773
57775
57775
57782
57785
57790
57793
57802
57809
57814
57823
57824
57826
57834
57857
57869
57874
57876
57880
57891
57892
57896
57898
57906
57909
57909
57910
57922
57923
57935
57938
57943
57948
57949
57955
57968
57977
57978
57979
57988
57999
58004
58008
58017
58017
58021
58022
58027
58030
58030
58031
58037
58053
58055
58056
58076
58076
58087
58091
58091
58094
58095
58100
58105
58111
58130
58130
58132
58145
58154
58166
58168
58173
58173
58174
58174
58216
58223
58230
58236
58265
58276
58278
58283
58286
58287
58287
58287
58302
58307
58331
58335
58343
58343
58368
58372
58379
58416
58432
58439
58447
58449
58452
58464
58471
58479
58482
58484
58488
58492
58514
58527
58530
58533
58537
58556
58571
58581
58581
58589
58592
58598
58604
58605
58609
58619
58628
58634
58636
58692
58696
58710
58720
58721
58732
58735
58739
58747
58748
58750
58771
58774
58787
58794
58835
58844
58858
58869
58882
58885
58908
58919
58922
58924
58929
58929
58936
58942
58960
58965
58969
58971
58974
58977
58982
58989
58994
58995
58997
58999
59003
59005
59009
59012
59016
59017
59019
59022
59023
59028
59029
59031
59033
59038
59042
59045
59046
59051
59058
59058
59061
59062
59062
59072
59083
59083
59095
59096
59102
59107
59108
59115
59115
59117
59118
59118
59118
59120
59128
59133
59134
59152
59152
59155
59156
59160
59161
59167
59172
59184
59204
59206
59209
59209
59223
59245
59261
59265
59269
59292
59298
59305
59328
59337
59345
59347
59351
59357
59388
59389
59416
59417
59420
59423
59433
59440
59443
59464
59469
59470
59486
59496
59501
59506
59509
59513
59514
59518
59521
59537
59545
59548
59548
59577
59583
59604
59631
59659
59661
59681
59698
59699
59714
59718
59729
59736
59748
59760
59774
59780
59782
59801
59814
59855
59859
59860
59863
59867
59873
59873
59885
59910
59913
59955
59973
59981
59986
60003
60023
60037
60037
60041
60073
60077
60128
60134
60162
60199
60238
60238
60267
60268
60272
60304
60373
60398
60405
60449
60461
60491
60624
60671
60691
60696
60726
60793
60801
60802
60981
60996
61191
-1
