28278
28328
28487
28501
28577
28579
28670
28718
28756
28783
28855
28865
28950
28995
29012
29025
29029
29033
29039
29044
29044
29046
29050
29056
29060
29076
29091
29093
29094
29095
29096
29101
29104
29105
29109
29117
29117
29118
29126
29134
29143
29144
29144
29156
29164
29170
29181
29186
29187
29187
29189
29191
29200
29205
29207
29211
29218
29232
29232
29233
29244
29247
29254
29255
29265
29267
29276
29278
29286
29293
29295
29304
29304
29305
29308
29308
29311
29319
29321
29323
29326
29326
29330
29334
29342
29345
29377
29391
29399
29402
29406
29417
29424
29437
29437
29439
29440
29441
29443
29448
29451
29466
29470
29472
29478
29494
29501
29502
29504
29509
29510
29522
29522
29531
29533
29547
29551
29577
29590
29595
29598
29598
29600
29600
29611
29612
29619
29619
29622
29626
29628
29631
29633
29634
29638
29641
29644
29650
29651
29661
29664
29678
29680
29683
29688
29693
29717
29726
29726
29726
29728
29730
29734
29748
29749
29757
29767
29768
29777
29799
29800
29801
29801
29806
29807
29809
29810
29811
29820
29825
29832
29834
29840
29841
29847
29854
29857
29863
29866
29867
29889
29901
29902
29915
29918
29930
29933
29933
29934
29935
29948
29951
29956
29972
29974
29977
29981
29982
29989
30007
30010
30011
30013
30016
30023
30025
30026
30031
30035
30037
30061
30079
30086
30097
30099
30106
30115
30118
30124
30126
30136
30138
30139
30151
30159
30167
30168
30175
30176
30189
30193
30197
30205
30205
30211
30213
30225
30237
30238
30238
30240
30241
30247
30248
30250
30265
30268
30268
30290
30291
30292
30293
30316
30318
30321
30323
30327
30333
30358
30359
30361
30377
30384
30388
30395
30401
30403
30405
30406
30410
30420
30420
30422
30425
30431
30434
30448
30450
30457
30458
30469
30469
30469
30471
30482
30493
30494
30496
30500
30505
30506
30509
30509
30513
30514
30529
30532
30533
30536
30544
30562
30568
30572
30576
30596
30597
30608
30617
30636
30640
30644
30649
30659
30665
30681
30688
30693
30694
30701
30703
30708
30716
30717
30720
30728
30735
30751
30752
30753
30754
30775
30775
30780
30781
30785
30789
30790
30797
30798
30799
30803
30805
30811
30813
30817
30821
30824
30824
30825
30838
30842
30846
30855
30880
30881
30889
30889
30890
30890
30893
30894
30897
30907
30911
30912
30914
30916
30932
30951
30960
30961
30967
30973
30977
30984
30997
31003
31005
31005
31022
31038
31039
31044
31044
31057
31057
31074
31076
31090
31093
31098
31099
31102
31103
31115
31118
31125
31137
31139
31153
31158
31158
31158
31163
31171
31176
31178
31183
31194
31198
31201
31202
31203
31206
31207
31210
31214
31214
31222
31223
31228
31229
31237
31241
31242
31242
31252
31253
31255
31274
31276
31279
31279
31280
31288
31303
31305
31307
31308
31313
31313
31314
31315
31319
31324
31326
31337
31344
31346
31354
31355
31358
31361
31363
31369
31374
31378
31382
31382
31388
31392
31396
31401
31406
31407
31413
31414
31416
31418
31421
31422
31426
31429
31431
31435
31438
31450
31456
31459
31468
31468
31474
31479
31479
31481
31483
31484
31486
31492
31493
31502
31502
31504
31511
31515
31515
31516
31528
31532
31538
31554
31557
31566
31568
31574
31575
31576
31577
31583
31589
31590
31596
31596
31598
31599
31599
31615
31615
31615
31620
31621
31627
31632
31635
31635
31637
31643
31646
31654
31656
31668
31676
31679
31695
31701
31703
31706
31720
31724
31729
31734
31738
31740
31741
31742
31747
31750
31753
31763
31767
31773
31773
31780
31782
31793
31800
31813
31816
31827
31828
31831
31834
31838
31850
31854
31854
31859
31866
31866
31868
31881
31891
31895
31900
31901
31906
31913
31914
31921
31926
31927
31939
31942
31944
31946
31949
31952
31958
31966
31967
31967
31975
31975
31984
31985
31988
31989
31995
31996
31997
32000
32002
32010
32011
32018
32025
32027
32030
32033
32040
32042
32049
32053
32058
32061
32062
32074
32078
32087
32101
32103
32105
32110
32114
32117
32120
32128
32129
32129
32131
32133
32135
32148
32149
32172
32177
32180
32203
32224
32225
32228
32231
32239
32243
32244
32244
32245
32250
32266
32267
32268
32270
32275
32279
32288
32293
32299
32307
32307
32312
32328
32331
32332
32333
32335
32342
32345
32351
32353
32355
32357
32359
32360
32372
32377
32391
32393
32394
32407
32411
32415
32416
32419
32420
32423
32426
32430
32445
32454
32455
32455
32459
32468
32485
32488
32495
32497
32497
32504
32511
32515
32523
32524
32527
32527
32536
32537
32539
32570
32578
32578
32582
32582
32583
32583
32589
32593
32593
32605
32613
32622
32625
32633
32636
32639
32647
32654
32655
32672
32676
32684
32689
32690
32696
32710
32710
32713
32722
32727
32731
32737
32741
32745
32751
32754
32766
32769
32774
32775
32776
32777
32787
32793
32795
32803
32807
32815
32822
32830
32835
32838
32841
32841
32845
32846
32846
32847
32853
32862
32863
32872
32889
32889
32898
32898
32901
32926
32928
32930
32939
32939
32941
32947
32948
32953
32959
32966
32966
32967
32977
33001
33003
33006
33009
33010
33012
33028
33031
33039
33045
33046
33057
33057
33062
33071
33078
33083
33086
33087
33090
33092
33116
33129
33135
33135
33140
33148
33150
33154
33157
33170
33173
33174
33176
33188
33190
33195
33197
33205
33207
33211
33212
33213
33216
33217
33218
33220
33226
33228
33240
33242
33244
33249
33260
33263
33291
33291
33294
33297
33298
33298
33303
33307
33308
33311
33313
33320
33354
33359
33364
33364
33367
33369
33374
33376
33377
33380
33384
33387
33390
33391
33395
33395
33400
33401
33404
33417
33418
33427
33427
33436
33437
33448
33448
33450
33457
33458
33462
33468
33470
33474
33481
33485
33487
33487
33497
33505
33509
33527
33531
33534
33536
33547
33575
33580
33589
33599
33603
33604
33608
33615
33624
33625
33635
33638
33644
33648
33648
33650
33666
33674
33689
33695
33701
33706
33721
33722
33726
33727
33738
33738
33748
33764
33765
33765
33769
33773
33775
33776
33777
33787
33801
33819
33824
33827
33834
33844
33852
33854
33880
33881
33893
33901
33903
33903
33919
33930
33932
33934
33934
33935
33942
33945
33949
33950
33950
33951
33960
33964
33967
33976
33984
33994
34008
34014
34021
34024
34027
34031
34031
34035
34048
34066
34069
34069
34072
34076
34092
34094
34097
34100
34117
34118
34127
34127
34130
34132
34135
34156
34158
34160
34161
34162
34173
34176
34190
34193
34198
34199
34202
34219
34221
34232
34232
34240
34241
34245
34246
34254
34259
34261
34261
34263
34265
34274
34280
34288
34295
34300
34301
34317
34329
34336
34351
34351
34353
34363
34365
34367
34374
34381
34387
34396
34399
34412
34427
34427
34429
34437
34438
34444
34450
34471
34471
34476
34481
34488
34490
34492
34495
34503
34503
34509
34511
34521
34533
34536
34537
34559
34561
34564
34572
34591
34601
34606
34613
34626
34631
34632
34637
34655
34660
34663
34667
34672
34673
34676
34688
34692
34703
34708
34720
34733
34744
34758
34758
34758
34775
34779
34779
34783
34787
34790
34794
34797
34809
34812
34818
34827
34828
34840
34861
34879
34889
34896
34897
34899
34905
34906
34908
34909
34910
34913
34917
34930
34938
34942
34944
34955
34984
34990
34992
34996
34996
34998
35011
35012
35033
35033
35037
35038
35047
35057
35062
35073
35077
35083
35087
35118
35141
35141
35154
35182
35182
35185
35185
35187
35195
35210
35212
35212
35215
35219
35223
35223
35235
35236
35239
35243
35244
35247
35260
35264
35265
35274
35276
35279
35281
35282
35283
35293
35317
35321
35326
35327
35340
35345
35355
35360
35365
35370
35371
35377
35382
35385
35400
35405
35405
35413
35414
35424
35425
35425
35435
35439
35453
35453
35464
35468
35476
35478
35483
35484
35487
35492
35498
35502
35506
35508
35517
35523
35528
35531
35547
35556
35559
35562
35563
35573
35582
35589
35596
35608
35616
35620
35620
35627
35628
35629
35630
35632
35632
35638
35639
35642
35658
35665
35680
35681
35686
35691
35692
35711
35713
35714
35720
35720
35727
35733
35737
35737
35739
35740
35758
35767
35768
35774
35774
35775
35776
35782
35786
35787
35793
35804
35807
35810
35810
35811
35812
35821
35831
35838
35840
35855
35857
35857
35882
35884
35896
35897
35909
35915
35915
35926
35926
35955
35960
35968
35972
35973
35980
35993
35995
35996
36000
36001
36007
36018
36027
36029
36034
36036
36044
36055
36055
36059
36061
36071
36078
36091
36092
36103
36105
36120
36121
36123
36124
36125
36128
36130
36137
36140
36144
36162
36165
36165
36169
36174
36191
36195
36196
36198
36200
36203
36204
36207
36214
36216
36232
36233
36244
36245
36248
36257
36258
36260
36281
36289
36292
36305
36309
36313
36319
36323
36328
36336
36338
36357
36367
36376
36380
36380
36387
36387
36389
36407
36423
36428
36433
36438
36441
36447
36456
36466
36470
36476
36477
36481
36483
36485
36491
36496
36498
36508
36509
36535
36540
36568
36576
36581
36590
36593
36593
36593
36598
36599
36608
36611
36618
36623
36623
36628
36635
36636
36638
36643
36644
36655
36666
36670
36672
36673
36673
36685
36692
36693
36713
36713
36717
36718
36725
36726
36726
36732
36739
36750
36755
36762
36763
36767
36789
36793
36794
36814
36815
36823
36825
36830
36835
36835
36842
36848
36859
36865
36870
36877
36879
36882
36882
36892
36898
36899
36901
36908
36912
36914
36921
36924
36936
36943
36948
36952
36958
36961
36965
36971
36973
36979
36984
36985
36989
36995
37000
37003
37009
37021
37022
37022
37034
37042
37044
37051
37062
37064
37069
37080
37086
37093
37095
37098
37104
37109
37111
37111
37112
37119
37130
37140
37161
37165
37166
37179
37180
37182
37187
37201
37207
37212
37213
37225
37233
37235
37236
37245
37247
37247
37269
37278
37278
37280
37290
37290
37291
37292
37299
37304
37307
37314
37332
37332
37333
37335
37337
37344
37347
37350
37354
37358
37375
37379
37380
37387
37394
37399
37402
37403
37411
37413
37427
37432
37442
37460
37464
37470
37479
37480
37482
37484
37486
37496
37505
37512
37516
37519
37519
37520
37524
37530
37539
37540
37544
37552
37554
37555
37557
37562
37564
37565
37573
37576
37583
37609
37639
37643
37649
37651
37654
37660
37660
37668
37671
37681
37688
37690
37697
37702
37704
37714
37727
37727
37737
37756
37759
37761
37778
37784
37785
37795
37806
37807
37822
37839
37843
37843
37844
37849
37852
37853
37859
37863
37871
37873
37877
37879
37883
37890
37893
37905
37908
37918
37920
37942
37960
37963
37966
37973
37976
37976
37986
37990
37994
37994
38001
38016
38020
38024
38030
38031
38036
38039
38039
38056
38057
38061
38063
38082
38092
38096
38097
38098
38109
38109
38110
38119
38134
38139
38141
38141
38142
38154
38157
38158
38162
38182
38190
38192
38194
38198
38204
38205
38207
38210
38220
38221
38223
38224
38228
38241
38247
38256
38258
38259
38273
38290
38293
38306
38307
38307
38308
38323
38331
38331
38343
38348
38352
38358
38360
38360
38360
38361
38374
38375
38378
38382
38384
38392
38400
38410
38411
38419
38429
38452
38454
38454
38461
38468
38484
38490
38501
38502
38514
38521
38523
38537
38551
38552
38553
38554
38556
38556
38560
38562
38567
38579
38587
38588
38591
38594
38596
38600
38610
38621
38623
38631
38634
38653
38655
38658
38672
38675
38676
38676
38677
38684
38687
38687
38690
38699
38718
38718
38726
38727
38729
38730
38763
38764
38772
38795
38812
38812
38832
38838
38839
38841
38850
38872
38872
38873
38876
38878
38880
38885
38889
38903
38904
38905
38921
38922
38922
38931
38939
38940
38942
38950
38952
38953
38955
38956
38975
38986
38986
38990
38992
38996
39001
39006
39016
39018
39027
39033
39037
39037
39042
39043
39044
39048
39060
39066
39070
39096
39101
39119
39121
39126
39129
39131
39143
39144
39153
39154
39156
39159
39160
39178
39216
39216
39216
39230
39243
39243
39246
39248
39251
39253
39255
39259
39268
39272
39276
39296
39299
39310
39310
39314
39316
39317
39321
39351
39357
39369
39370
39374
39378
39387
39388
39402
39410
39413
39432
39442
39447
39450
39471
39472
39483
39492
39500
39502
39505
39510
39514
39521
39534
39534
39553
39558
39564
39567
39569
39569
39575
39595
39600
39603
39613
39614
39616
39624
39627
39636
39639
39645
39647
39660
39668
39669
39679
39680
39701
39703
39704
39720
39722
39727
39742
39751
39754
39762
39770
39770
39777
39777
39782
39799
39826
39827
39828
39832
39840
39840
39848
39852
39859
39872
39875
39883
39890
39901
39902
39902
39908
39917
39951
39956
39958
39959
39965
39978
39985
39986
39987
39995
40004
40011
40032
40043
40051
40056
40060
40062
40062
40070
40074
40083
40084
40093
40109
40110
40113
40123
40127
40130
40135
40144
40144
40147
40149
40149
40151
40151
40181
40183
40196
40201
40204
40210
40221
40230
40244
40257
40266
40283
40300
40302
40321
40321
40321
40327
40335
40338
40342
40342
40353
40358
40362
40362
40373
40391
40393
40397
40405
40424
40425
40437
40449
40455
40468
40474
40500
40506
40514
40518
40518
40523
40532
40536
40537
40549
40553
40563
40603
40608
40613
40617
40618
40622
40623
40623
40627
40627
40630
40639
40654
40662
40667
40667
40679
40687
40690
40690
40694
40697
40702
40719
40719
40720
40726
40734
40739
40740
40752
40752
40763
40784
40785
40795
40803
40804
40812
40815
40816
40834
40845
40866
40889
40893
40898
40898
40907
40908
40918
40921
40935
40938
40938
40938
40941
40943
40959
40963
40979
40979
40985
40989
41002
41010
41010
41022
41027
41038
41060
41062
41063
41074
41077
41081
41083
41084
41092
41101
41102
41105
41105
41107
41109
41117
41125
41137
41145
41148
41153
41156
41161
41174
41178
41180
41182
41196
41198
41199
41200
41201
41208
41222
41222
41244
41246
41249
41264
41265
41266
41268
41278
41279
41283
41286
41293
41294
41299
41303
41320
41335
41336
41339
41342
41342
41348
41353
41366
41371
41385
41414
41416
41416
41418
41422
41422
41424
41431
41432
41434
41435
41441
41442
41444
41451
41469
41479
41483
41492
41494
41505
41513
41541
41542
41546
41549
41555
41561
41569
41570
41575
41575
41586
41588
41593
41597
41608
41616
41618
41630
41634
41643
41644
41647
41648
41648
41654
41663
41673
41673
41676
41684
41684
41685
41685
41704
41720
41721
41727
41729
41753
41754
41754
41760
41767
41787
41794
41799
41804
41813
41817
41827
41831
41833
41834
41836
41876
41879
41881
41881
41882
41887
41889
41905
41910
41927
41928
41931
41937
41938
41945
41960
41960
41961
41966
41969
41969
41974
41988
42003
42009
42015
42025
42027
42035
42036
42036
42043
42055
42056
42060
42061
42066
42071
42085
42092
42108
42111
42113
42125
42143
42143
42145
42148
42153
42165
42172
42176
42180
42214
42219
42221
42223
42225
42242
42249
42251
42255
42255
42262
42266
42270
42271
42273
42274
42288
42289
42291
42298
42301
42308
42308
42316
42320
42327
42330
42333
42353
42355
42355
42358
42365
42371
42376
42376
42378
42384
42391
42392
42395
42396
42404
42410
42420
42424
42425
42428
42434
42436
42441
42456
42457
42458
42459
42467
42470
42472
42475
42475
42476
42482
42488
42504
42505
42513
42517
42529
42536
42537
42543
42545
42551
42558
42569
42573
42576
42578
42580
42586
42591
42594
42602
42606
42608
42610
42614
42620
42627
42637
42642
42653
42655
42656
42658
42662
42662
42665
42667
42671
42684
42685
42688
42690
42695
42696
42702
42705
42707
42714
42716
42720
42729
42734
42736
42752
42766
42774
42779
42780
42787
42813
42823
42831
42833
42844
42847
42853
42863
42865
42866
42871
42875
42878
42896
42901
42909
42911
42918
42944
42949
42957
42961
42965
42969
42975
42980
42985
42987
42997
43000
43003
43023
43027
43031
43040
43042
43053
43055
43057
43058
43061
43068
43072
43072
43085
43093
43095
43104
43122
43134
43135
43142
43142
43144
43158
43169
43170
43175
43180
43190
43197
43198
43200
43200
43204
43209
43225
43226
43227
43231
43235
43244
43265
43273
43279
43280
43291
43314
43314
43323
43324
43325
43351
43363
43375
43379
43383
43390
43403
43408
43438
43447
43453
43460
43465
43478
43480
43486
43501
43510
43510
43521
43521
43541
43541
43549
43558
43558
43568
43568
43570
43572
43572
43578
43586
43593
43602
43604
43615
43625
43649
43658
43661
43662
43665
43669
43676
43683
43693
43702
43703
43711
43716
43717
43723
43736
43739
43747
43752
43761
43763
43766
43766
43769
43775
43787
43799
43809
43810
43811
43813
43819
43824
43832
43836
43852
43858
43859
43865
43877
43878
43920
43926
43928
43930
43935
43942
43951
43964
43969
43969
43972
43981
43985
43985
43988
43990
43991
43997
44005
44008
44011
44015
44033
44034
44040
44043
44045
44070
44079
44083
44088
44093
44095
44111
44119
44126
44142
44156
44158
44160
44173
44177
44207
44226
44231
44233
44244
44250
44256
44258
44279
44283
44283
44300
44310
44316
44335
44349
44350
44362
44366
44377
44391
44398
44405
44409
44415
44419
44440
44452
44461
44462
44466
44470
44473
44477
44481
44482
44493
44497
44499
44501
44506
44514
44517
44520
44523
44524
44530
44531
44547
44555
44562
44564
44573
44574
44575
44589
44594
44594
44595
44598
44599
44603
44611
44612
44615
44617
44621
44626
44627
44637
44639
44654
44673
44706
44708
44714
44716
44746
44759
44762
44775
44801
44812
44813
44823
44828
44830
44831
44831
44849
44853
44861
44862
44863
44872
44877
44878
44894
44905
44917
44918
44922
44929
44930
44935
44937
44937
44941
44945
44945
44948
44950
44980
44980
44984
44987
45009
45011
45015
45022
45024
45030
45035
45041
45041
45043
45053
45056
45056
45077
45084
45085
45088
45090
45092
45099
45106
45113
45138
45140
45148
45152
45171
45172
45179
45181
45186
45191
45198
45200
45204
45204
45209
45214
45232
45233
45244
45247
45258
45261
45265
45266
45267
45277
45299
45310
45327
45328
45332
45347
45367
45375
45379
45406
45406
45407
45415
45420
45430
45430
45434
45438
45448
45453
45461
45463
45472
45476
45483
45485
45485
45492
45500
45504
45508
45521
45522
45534
45540
45541
45544
45551
45554
45559
45569
45571
45582
45588
45601
45603
45607
45615
45636
45658
45658
45662
45667
45673
45677
45690
45701
45707
45711
45717
45721
45733
45738
45746
45753
45758
45762
45769
45780
45782
45784
45789
45791
45794
45803
45808
45815
45820
45834
45839
45842
45850
45853
45854
45859
45871
45872
45873
45875
45876
45884
45887
45887
45892
45896
45898
45901
45902
45913
45915
45917
45925
45934
45937
45939
45942
45952
45958
45959
45962
45980
45981
45995
46004
46012
46027
46031
46036
46042
46054
46057
46063
46071
46086
46094
46103
46107
46112
46113
46123
46123
46126
46126
46130
46130
46132
46138
46138
46141
46167
46167
46185
46189
46189
46198
46205
46213
46213
46226
46237
46238
46239
46249
46250
46260
46278
46281
46288
46288
46298
46300
46301
46314
46320
46322
46326
46330
46340
46340
46342
46354
46356
46366
46370
46370
46385
46385
46393
46397
46399
46402
46413
46415
46416
46424
46431
46438
46449
46458
46464
46466
46467
46471
46480
46487
46499
46509
46513
46514
46542
46564
46565
46573
46578
46580
46581
46582
46583
46587
46600
46606
46622
46628
46629
46635
46650
46653
46668
46684
46693
46698
46720
46721
46727
46728
46734
46737
46737
46749
46755
46757
46768
46769
46773
46780
46788
46798
46811
46814
46828
46834
46847
46851
46854
46857
46859
46865
46868
46872
46879
46887
46888
46906
46911
46916
46921
46923
46940
46962
46963
46968
46993
46993
46994
46997
47008
47014
47022
47024
47028
47036
47070
47072
47081
47089
47093
47093
47095
47106
47122
47126
47128
47131
47131
47132
47137
47147
47161
47165
47170
47173
47176
47178
47185
47191
47191
47192
47196
47197
47202
47204
47212
47214
47215
47219
47227
47229
47231
47243
47249
47249
47253
47261
47269
47271
47275
47277
47288
47290
47301
47303
47318
47324
47324
47327
47339
47340
47341
47368
47369
47370
47374
47377
47380
47382
47385
47386
47391
47393
47407
47414
47418
47427
47439
47448
47448
47454
47472
47474
47476
47482
47483
47489
47490
47504
47506
47516
47516
47516
47521
47522
47527
47532
47533
47542
47549
47550
47565
47582
47585
47611
47612
47615
47617
47619
47625
47631
47643
47643
47644
47647
47649
47649
47653
47667
47673
47674
47674
47676
47676
47677
47687
47688
47709
47715
47715
47719
47730
47732
47736
47750
47751
47751
47756
47761
47761
47767
47770
47771
47776
47780
47788
47790
47794
47796
47833
47836
47838
47838
47843
47849
47852
47853
47857
47859
47865
47866
47868
47873
47879
47884
47899
47909
47909
47916
47918
47919
47921
47924
47926
47931
47932
47943
47945
47946
47950
47950
47976
47990
47999
48001
48005
48009
48014
48021
48022
48023
48027
48036
48036
48038
48040
48045
48064
48091
48100
48100
48101
48105
48105
48113
48125
48127
48128
48140
48147
48147
48154
48156
48170
48175
48181
48187
48189
48190
48197
48200
48202
48229
48233
48233
48236
48242
48247
48248
48248
48263
48274
48278
48286
48299
48301
48304
48311
48318
48319
48320
48327
48329
48336
48344
48349
48358
48361
48365
48375
48376
48379
48395
48397
48429
48432
48432
48433
48437
48444
48461
48466
48468
48473
48475
48478
48483
48485
48502
48512
48513
48524
48530
48539
48539
48539
48545
48548
48553
48558
48559
48561
48565
48585
48585
48592
48593
48598
48600
48606
48606
48611
48613
48627
48632
48634
48636
48639
48639
48644
48664
48665
48680
48683
48691
48699
48701
48702
48703
48705
48710
48721
48733
48736
48752
48768
48771
48776
48787
48792
48794
48813
48828
48832
48836
48845
48850
48855
48856
48857
48861
48864
48866
48875
48875
48891
48891
48892
48893
48895
48899
48900
48920
48929
48929
48937
48937
48951
48953
48961
48966
48968
48976
48994
49000
49008
49009
49017
49020
49022
49031
49047
49050
49056
49065
49075
49078
49079
49083
49095
49121
49125
49130
49132
49134
49135
49145
49148
49153
49155
49156
49157
49162
49167
49170
49181
49195
49198
49206
49211
49222
49223
49226
49251
49254
49256
49257
49263
49265
49268
49277
49284
49288
49299
49303
49326
49333
49338
49352
49357
49363
49365
49367
49376
49381
49381
49403
49406
49422
49425
49431
49435
49436
49439
49439
49444
49449
49451
49452
49473
49480
49486
49486
49488
49504
49509
49513
49521
49529
49529
49538
49540
49542
49545
49545
49552
49565
49570
49578
49581
49590
49591
49608
49622
49622
49637
49651
49651
49660
49660
49666
49667
49675
49696
49701
49717
49720
49725
49744
49756
49771
49774
49777
49782
49793
49794
49796
49798
49807
49809
49816
49824
49830
49834
49836
49842
49858
49858
49861
49862
49868
49878
49889
49889
49913
49913
49918
49918
49919
49933
49941
49950
49965
49980
49987
49990
49991
49999
50011
50013
50014
50015
50017
50019
50023
50026
50032
50037
50038
50055
50056
50063
50068
50073
50093
50096
50100
50109
50119
50121
50130
50137
50160
50161
50163
50167
50170
50181
50198
50224
50224
50227
50233
50235
50237
50238
50239
50242
50257
50257
50258
50263
50271
50274
50288
50296
50298
50306
50310
50311
50327
50338
50344
50354
50380
50391
50395
50400
50402
50413
50417
50418
50421
50423
50423
50425
50426
50443
50455
50463
50466
50468
50468
50490
50490
50491
50514
50517
50520
50521
50524
50526
50526
50536
50539
50543
50545
50549
50550
50568
50569
50573
50586
50593
50597
50597
50603
50605
50607
50610
50612
50614
50634
50636
50645
50646
50653
50659
50664
50670
50671
50685
50690
50690
50696
50703
50708
50708
50712
50714
50723
50723
50728
50733
50735
50740
50741
50746
50751
50756
50760
50762
50767
50775
50776
50780
50780
50785
50789
50796
50797
50801
50803
50805
50813
50833
50844
50857
50863
50867
50876
50878
50886
50891
50898
50899
50901
50911
50911
50920
50928
50935
50947
50947
50948
50951
50953
50963
50970
50973
50974
50990
50990
51002
51003
51004
51006
51015
51016
51022
51040
51041
51042
51054
51057
51061
51063
51070
51073
51079
51094
51109
51113
51114
51114
51115
51116
51120
51127
51128
51132
51142
51149
51149
51158
51159
51160
51163
51180
51180
51187
51192
51205
51217
51220
51222
51241
51250
51252
51255
51266
51287
51289
51289
51295
51302
51304
51305
51313
51315
51321
51325
51326
51326
51328
51329
51349
51368
51377
51378
51378
51383
51384
51388
51388
51389
51399
51406
51422
51438
51441
51447
51452
51461
51472
51474
51479
51483
51517
51537
51539
51546
51567
51568
51570
51589
51593
51602
51603
51611
51613
51614
51618
51620
51620
51624
51632
51633
51643
51651
51657
51657
51679
51688
51696
51696
51713
51738
51743
51743
51747
51760
51762
51763
51767
51771
51775
51780
51781
51789
51801
51803
51816
51816
51817
51825
51830
51832
51843
51847
51860
51860
51862
51871
51875
51901
51903
51904
51907
51908
51918
51924
51932
51933
51937
51953
51953
51958
51962
51965
51965
51972
51973
51984
51984
51986
51986
51991
52004
52026
52028
52033
52033
52036
52040
52040
52042
52047
52047
52049
52052
52057
52058
52060
52062
52064
52067
52072
52072
52082
52094
52099
52100
52103
52106
52111
52122
52125
52133
52136
52142
52156
52162
52163
52165
52169
52171
52185
52188
52194
52198
52214
52217
52218
52222
52223
52231
52235
52247
52255
52258
52264
52269
52271
52285
52286
52293
52308
52308
52315
52346
52350
52375
52381
52382
52398
52406
52409
52424
52429
52451
52457
52464
52481
52489
52490
52507
52515
52515
52522
52528
52534
52542
52547
52549
52551
52553
52557
52580
52581
52603
52603
52604
52607
52609
52621
52624
52626
52632
52642
52647
52648
52659
52662
52667
52672
52673
52688
52693
52710
52723
52729
52730
52737
52745
52755
52767
52776
52784
52790
52794
52798
52800
52820
52820
52825
52846
52848
52849
52850
52850
52851
52855
52861
52874
52876
52882
52884
52885
52892
52900
52902
52906
52919
52921
52924
52931
52935
52962
52986
52987
52991
52991
52995
52999
53003
53004
53016
53018
53021
53023
53027
53028
53029
53035
53036
53041
53052
53052
53058
53061
53062
53073
53079
53083
53089
53092
53096
53096
53100
53101
53102
53104
53105
53117
53127
53129
53130
53137
53138
53143
53146
53148
53150
53152
53159
53160
53165
53177
53182
53185
53186
53188
53190
53197
53206
53211
53213
53218
53225
53250
53268
53268
53274
53281
53313
53315
53317
53325
53329
53338
53339
53352
53357
53367
53376
53376
53394
53405
53411
53415
53428
53432
53435
53441
53447
53450
53466
53468
53478
53479
53482
53493
53497
53497
53497
53497
53504
53510
53516
53518
53525
53526
53537
53549
53549
53561
53563
53577
53578
53581
53583
53586
53590
53593
53596
53603
53603
53605
53612
53613
53625
53627
53632
53641
53644
53650
53655
53656
53658
53661
53672
53687
53687
53694
53707
53715
53727
53729
53738
53738
53739
53748
53753
53759
53765
53768
53768
53772
53774
53780
53782
53793
53800
53802
53803
53809
53818
53818
53820
53827
53837
53838
53838
53839
53846
53848
53848
53853
53858
53860
53865
53875
53888
53891
53896
53907
53910
53917
53922
53940
53953
53953
53956
53964
53972
53972
53982
53983
53995
53995
54006
54008
54013
54030
54039
54040
54046
54066
54073
54075
54085
54087
54114
54123
54134
54140
54141
54150
54161
54166
54176
54176
54177
54180
54180
54188
54192
54195
54199
54202
54220
54222
54226
54265
54274
54284
54284
54295
54299
54304
54314
54316
54318
54327
54336
54341
54344
54345
54349
54358
54364
54364
54365
54373
54373
54375
54378
54383
54387
54396
54402
54409
54413
54423
54430
54449
54450
54455
54458
54479
54480
54482
54482
54495
54497
54500
54506
54515
54516
54522
54542
54545
54561
54561
54563
54567
54568
54579
54589
54591
54598
54605
54605
54610
54619
54632
54656
54656
54663
54664
54669
54675
54679
54687
54698
54701
54707
54725
54728
54745
54760
54767
54767
54786
54791
54793
54802
54807
54807
54813
54814
54816
54826
54833
54843
54846
54853
54854
54859
54862
54884
54887
54900
54901
54901
54903
54918
54928
54931
54933
54946
54949
54950
54957
54962
54966
54975
54979
54986
54992
54994
54996
54996
55004
55006
55021
55021
55028
55038
55057
55069
55081
55084
55087
55088
55092
55092
55093
55095
55097
55102
55125
55129
55132
55136
55140
55142
55152
55157
55158
55163
55166
55177
55178
55178
55179
55203
55203
55207
55215
55222
55239
55246
55258
55263
55272
55278
55285
55288
55290
55292
55293
55294
55305
55309
55311
55325
55332
55355
55369
55374
55380
55385
55393
55394
55398
55401
55410
55414
55423
55451
55453
55461
55470
55480
55488
55496
55496
55500
55505
55517
55518
55525
55538
55539
55542
55551
55554
55558
55565
55573
55574
55582
55588
55607
55613
55613
55617
55619
55622
55628
55631
55635
55645
55670
55670
55680
55683
55683
55691
55698
55699
55699
55699
55701
55710
55714
55717
55717
55721
55721
55732
55736
55744
55749
55752
55756
55762
55764
55767
55768
55770
55776
55795
55804
55814
55829
55832
55837
55843
55846
55848
55850
55850
55856
55871
55891
55899
55899
55900
55901
55911
55922
55925
55926
55926
55928
55931
55931
55936
55950
55952
55963
55964
55976
55996
55999
56000
56001
56009
56022
56034
56041
56043
56044
56047
56057
56060
56080
56099
56100
56107
56108
56113
56115
56128
56133
56139
56140
56145
56147
56162
56167
56168
56172
56180
56188
56207
56210
56211
56224
56226
56228
56235
56240
56245
56246
56247
56248
56249
56253
56260
56296
56301
56302
56332
56335
56346
56353
56357
56357
56359
56360
56360
56364
56381
56390
56394
56401
56404
56418
56420
56426
56435
56446
56448
56462
56467
56473
56474
56476
56485
56489
56504
56517
56533
56534
56541
56542
56542
56547
56549
56553
56564
56572
56576
56581
56593
56595
56603
56604
56607
56611
56614
56640
56649
56657
56674
56677
56682
56692
56692
56698
56711
56720
56730
56730
56731
56738
56744
56750
56751
56775
56779
56783
56796
56803
56803
56804
56804
56814
56814
56822
56825
56825
56828
56836
56838
56855
56859
56866
56871
56875
56876
56876
56881
56885
56896
56917
56926
56928
56935
56937
56944
56947
56960
56963
56964
56966
56986
56991
56993
56993
57001
57001
57011
57014
57019
57021
57023
57028
57034
57048
57048
57055
57055
57056
57057
57064
57071
57076
57080
57087
57091
57093
57100
57104
57111
57111
57112
57113
57117
57117
57118
57123
57132
57133
57141
57152
57162
57163
57183
57185
57186
57195
57199
57199
57203
57203
57213
57218
57219
57220
57221
57222
57223
57224
57224
57225
57227
57231
57234
57245
57252
57260
57263
57277
57285
57289
57291
57292
57294
57298
57301
57305
57306
57308
57323
57323
57334
57338
57341
57346
57346
57354
57355
57355
57376
57393
57393
57404
57411
57412
57433
57439
57448
57449
57455
57461
57462
57472
57476
57476
57479
57482
57483
57485
57498
57498
57500
57509
57517
57518
57525
57528
57534
57537
57540
57546
57546
57548
57550
57553
57554
57566
57567
57568
57571
57583
57590
57594
57596
57597
57619
57622
57622
57628
57630
57633
57639
57647
57647
57652
57652
57670
57677
57688
57688
57692
57701
57705
57705
57722
57722
57724
57724
57726
57731
57731
57741
57753
57754
57758
57759
57768
57770
57773
57781
57791
57797
57798
57801
57810
57811
57813
57825
57825
57829
57831
57833
57833
57836
57839
57866
57868
57883
57885
57889
57890
57898
57901
57903
57905
57905
57915
57919
57919
57927
57927
57933
57934
57936
57957
57960
57968
57989
57998
58007
58012
58022
58029
58030
58031
58036
58036
58039
58039
58041
58045
58060
58062
58063
58087
58087
58088
58095
58106
58108
58113
58123
58130
58131
58133
58136
58139
58140
58141
58148
58158
58164
58180
58187
58202
58205
58207
58211
58212
58218
58222
58224
58242
58252
58256
58263
58273
58278
58282
58293
58304
58310
58311
58314
58317
58321
58331
58338
58339
58349
58349
58352
58353
58362
58365
58373
58395
58395
58397
58401
58403
58406
58418
58418
58419
58420
58421
58424
58428
58442
58454
58459
58465
58467
58480
58494
58502
58507
58507
58508
58524
58540
58540
58542
58543
58551
58553
58565
58567
58570
58601
58612
58612
58623
58624
58626
58630
58646
58649
58658
58658
58681
58682
58683
58685
58700
58716
58737
58748
58754
58756
58757
58758
58767
58772
58779
58782
58787
58800
58805
58809
58811
58822
58822
58824
58826
58838
58857
58861
58865
58870
58872
58876
58879
58881
58887
58908
58910
58924
58935
58975
58982
58983
58996
59009
59018
59026
59033
59033
59035
59056
59057
59058
59070
59071
59071
59076
59077
59096
59105
59109
59113
59119
59135
59143
59151
59165
59178
59198
59215
59234
59234
59235
59244
59256
59262
59287
59288
59313
59318
59356
59366
59368
59390
59407
59411
59451
59461
59473
59500
59511
59528
59541
59566
59571
59590
59593
59600
59612
59629
59633
59652
59672
59677
59697
59724
59747
59760
59768
59781
59787
59796
59799
59842
59843
59859
59862
59866
59867
59882
59918
59923
59929
59930
59985
59991
60014
60028
60031
60064
60075
60082
60085
60093
60099
60125
60130
60145
60195
60218
60240
60273
60307
60317
60350
60375
60394
60422
60432
60462
60517
60527
60541
60541
60545
60586
60591
60628
60668
60730
60731
60808
60837
60889
60960
61006
61006
61040
-1
