28193
28343
28420
28441
28463
28651
28654
28680
28723
28736
28754
28786
28799
28840
28849
28884
28910
28984
28989
29052
29057
29061
29061
29062
29062
29063
29070
29075
29081
29099
29106
29107
29108
29114
29125
29132
29136
29145
29169
29172
29174
29176
29181
29182
29187
29193
29206
29213
29215
29217
29221
29223
29223
29235
29237
29239
29239
29262
29268
29271
29273
29282
29294
29296
29297
29299
29313
29322
29324
29332
29333
29338
29351
29358
29361
29364
29368
29372
29374
29383
29392
29405
29409
29426
29428
29436
29437
29438
29442
29449
29452
29452
29462
29465
29465
29468
29471
29480
29481
29486
29491
29506
29509
29510
29519
29522
29533
29558
29559
29561
29561
29562
29563
29567
29570
29572
29580
29580
29597
29616
29628
29629
29636
29637
29652
29656
29665
29668
29670
29673
29673
29674
29680
29685
29688
29693
29706
29707
29713
29718
29724
29725
29732
29738
29741
29743
29745
29751
29752
29754
29767
29767
29772
29791
29800
29804
29804
29809
29814
29816
29824
29824
29836
29844
29849
29851
29855
29869
29871
29876
29884
29887
29890
29916
29936
29944
29965
29987
29997
30003
30007
30009
30017
30037
30054
30054
30062
30076
30077
30085
30086
30091
30106
30118
30120
30138
30141
30144
30144
30146
30158
30159
30166
30169
30173
30209
30216
30219
30220
30221
30233
30237
30242
30246
30246
30260
30264
30268
30272
30283
30292
30293
30299
30299
30303
30311
30319
30323
30325
30325
30329
30345
30349
30362
30376
30390
30410
30414
30418
30426
30428
30440
30440
30442
30460
30468
30480
30487
30490
30490
30496
30507
30513
30518
30525
30532
30544
30546
30553
30563
30567
30572
30575
30590
30592
30601
30602
30605
30606
30608
30614
30621
30623
30626
30627
30635
30665
30668
30670
30674
30674
30680
30684
30685
30689
30690
30694
30697
30702
30704
30712
30712
30720
30720
30736
30737
30744
30764
30765
30772
30784
30792
30795
30801
30806
30809
30813
30817
30817
30824
30835
30851
30851
30858
30864
30891
30895
30910
30910
30918
30934
30934
30941
30945
30954
30955
30956
30997
30997
31002
31008
31013
31034
31040
31041
31046
31049
31052
31054
31060
31062
31065
31067
31076
31081
31081
31087
31091
31097
31108
31113
31113
31121
31128
31134
31136
31137
31139
31139
31147
31149
31150
31155
31158
31166
31179
31180
31183
31184
31199
31199
31200
31201
31204
31210
31214
31233
31234
31248
31270
31276
31307
31307
31310
31312
31314
31315
31320
31325
31326
31329
31341
31342
31343
31345
31349
31357
31359
31361
31368
31372
31382
31401
31405
31411
31415
31416
31416
31419
31421
31421
31428
31441
31442
31463
31463
31464
31468
31479
31479
31494
31498
31507
31516
31516
31516
31522
31523
31531
31533
31538
31538
31539
31543
31544
31545
31548
31566
31566
31573
31576
31600
31601
31604
31618
31619
31626
31630
31633
31642
31645
31651
31652
31658
31674
31679
31683
31691
31692
31702
31702
31706
31715
31719
31725
31725
31727
31727
31733
31743
31757
31759
31762
31765
31765
31770
31780
31784
31787
31794
31796
31797
31797
31799
31807
31817
31826
31833
31836
31840
31841
31846
31847
31851
31863
31864
31865
31865
31866
31866
31875
31877
31877
31879
31882
31886
31894
31909
31917
31921
31922
31922
31923
31934
31935
31937
31939
31941
31943
31946
31960
31963
31963
31972
31973
31975
31978
31982
31986
31992
31995
31997
32004
32006
32010
32011
32021
32038
32042
32051
32059
32065
32069
32072
32086
32095
32103
32105
32108
32111
32112
32115
32121
32122
32123
32125
32135
32135
32151
32152
32166
32178
32185
32187
32189
32201
32202
32205
32237
32240
32243
32250
32254
32255
32263
32265
32268
32272
32273
32278
32279
32281
32281
32284
32289
32292
32296
32298
32298
32307
32308
32311
32312
32326
32327
32329
32340
32340
32345
32350
32351
32357
32358
32360
32369
32374
32376
32377
32383
32397
32399
32401
32402
32431
32436
32440
32445
32445
32449
32452
32455
32466
32471
32482
32487
32492
32493
32497
32500
32522
32524
32530
32531
32534
32535
32539
32541
32544
32545
32555
32559
32561
32564
32570
32570
32579
32586
32592
32599
32601
32602
32606
32606
32613
32614
32618
32619
32634
32636
32645
32647
32648
32652
32666
32669
32670
32671
32672
32677
32684
32691
32701
32703
32711
32714
32721
32726
32739
32740
32740
32742
32749
32750
32763
32765
32777
32779
32783
32787
32791
32799
32802
32806
32808
32812
32814
32816
32816
32834
32836
32841
32841
32850
32851
32853
32860
32865
32877
32890
32906
32906
32909
32916
32934
32942
32959
32959
32963
32972
32973
32979
32984
32990
32995
33001
33026
33032
33034
33038
33050
33057
33057
33061
33077
33086
33089
33090
33099
33107
33114
33119
33131
33133
33134
33139
33145
33149
33154
33160
33163
33164
33168
33177
33178
33180
33184
33185
33192
33215
33215
33217
33229
33230
33231
33236
33238
33239
33240
33252
33258
33263
33266
33273
33277
33285
33285
33297
33299
33301
33302
33309
33309
33312
33313
33314
33315
33322
33335
33344
33351
33351
33358
33359
33359
33364
33367
33369
33372
33374
33375
33377
33387
33389
33389
33395
33407
33416
33421
33441
33443
33454
33456
33466
33469
33474
33474
33480
33490
33494
33495
33502
33512
33513
33516
33517
33522
33524
33525
33527
33531
33538
33551
33557
33557
33570
33572
33580
33581
33587
33587
33599
33602
33606
33613
33619
33624
33631
33636
33638
33639
33641
33657
33662
33674
33679
33691
33694
33712
33726
33731
33735
33746
33747
33747
33748
33751
33754
33758
33760
33776
33784
33784
33787
33788
33800
33814
33818
33820
33821
33821
33827
33832
33833
33836
33838
33840
33846
33849
33852
33852
33882
33883
33884
33885
33896
33900
33901
33907
33915
33921
33922
33924
33930
33933
33933
33935
33951
33958
33968
33975
33977
33979
33983
33999
34010
34018
34019
34022
34026
34030
34047
34052
34052
34061
34062
34066
34069
34072
34076
34087
34088
34113
34113
34135
34138
34141
34144
34145
34159
34159
34162
34163
34179
34183
34187
34190
34195
34204
34206
34211
34226
34227
34229
34229
34233
34240
34246
34261
34264
34278
34279
34279
34285
34286
34295
34301
34320
34334
34337
34339
34339
34344
34348
34355
34355
34357
34359
34367
34368
34372
34380
34391
34405
34406
34415
34417
34417
34418
34427
34434
34452
34454
34460
34462
34464
34477
34483
34487
34488
34488
34493
34495
34500
34507
34532
34541
34544
34552
34557
34557
34560
34562
34565
34574
34575
34584
34586
34591
34594
34600
34604
34613
34615
34618
34627
34630
34632
34632
34632
34638
34646
34648
34650
34653
34656
34661
34663
34665
34670
34680
34692
34698
34700
34700
34702
34705
34732
34735
34749
34759
34762
34769
34772
34787
34793
34799
34803
34805
34807
34815
34816
34820
34822
34826
34826
34846
34849
34852
34855
34869
34871
34875
34876
34892
34906
34907
34914
34916
34940
34949
34953
34967
34969
34972
34987
34988
34998
34999
35000
35005
35006
35013
35013
35014
35017
35022
35022
35056
35058
35064
35089
35096
35100
35103
35106
35115
35117
35119
35120
35139
35142
35145
35146
35149
35150
35152
35159
35170
35176
35183
35186
35189
35190
35195
35198
35199
35200
35205
35212
35233
35234
35238
35240
35241
35241
35244
35257
35259
35266
35276
35276
35282
35289
35308
35316
35319
35320
35320
35331
35332
35338
35339
35343
35344
35346
35347
35347
35353
35356
35371
35372
35373
35379
35383
35391
35403
35411
35412
35413
35438
35453
35456
35458
35460
35463
35471
35474
35493
35496
35497
35497
35502
35506
35523
35524
35544
35550
35577
35581
35584
35585
35593
35598
35602
35604
35613
35620
35627
35633
35648
35649
35652
35657
35677
35678
35678
35681
35683
35685
35687
35689
35695
35695
35715
35717
35723
35729
35737
35738
35744
35745
35746
35749
35750
35758
35765
35772
35779
35780
35790
35796
35800
35803
35803
35807
35817
35841
35841
35842
35844
35845
35845
35855
35856
35857
35857
35859
35860
35867
35875
35877
35878
35879
35886
35898
35903
35913
35919
35924
35927
35928
35932
35932
35939
35947
35955
35960
35966
35967
35972
35973
35974
35978
35979
35989
35994
36001
36015
36043
36052
36053
36057
36057
36059
36066
36068
36072
36091
36111
36112
36120
36121
36122
36124
36132
36136
36141
36151
36155
36162
36163
36163
36164
36170
36172
36176
36187
36190
36190
36199
36202
36204
36205
36209
36214
36226
36230
36238
36247
36262
36270
36271
36272
36284
36290
36294
36296
36303
36306
36309
36310
36310
36317
36318
36324
36328
36335
36339
36341
36342
36353
36354
36358
36360
36364
36384
36384
36385
36388
36391
36403
36404
36423
36432
36435
36442
36442
36447
36449
36464
36471
36480
36486
36487
36502
36507
36507
36510
36524
36524
36527
36537
36546
36547
36550
36554
36571
36579
36579
36590
36594
36597
36597
36616
36620
36622
36629
36629
36636
36646
36646
36650
36653
36654
36670
36673
36682
36686
36694
36699
36705
36705
36707
36708
36710
36720
36728
36740
36747
36751
36752
36753
36755
36765
36770
36773
36775
36778
36779
36782
36791
36794
36800
36800
36800
36813
36817
36837
36838
36839
36845
36864
36867
36888
36889
36890
36891
36895
36896
36902
36906
36908
36909
36911
36912
36915
36918
36920
36924
36931
36947
36949
36961
36961
36962
36967
36968
36974
36987
36988
36989
36991
37000
37003
37005
37009
37028
37029
37029
37047
37047
37057
37066
37068
37073
37074
37075
37092
37094
37095
37103
37107
37108
37109
37129
37129
37131
37135
37136
37157
37160
37167
37171
37182
37192
37192
37196
37201
37203
37213
37222
37222
37224
37229
37238
37239
37239
37243
37243
37243
37244
37245
37259
37267
37270
37281
37291
37291
37302
37308
37318
37321
37327
37334
37344
37350
37350
37351
37383
37387
37394
37399
37405
37406
37415
37423
37431
37432
37437
37439
37441
37442
37444
37455
37455
37464
37465
37466
37473
37493
37508
37517
37518
37522
37532
37538
37544
37545
37545
37546
37548
37555
37555
37558
37560
37565
37594
37598
37602
37605
37606
37612
37630
37630
37640
37642
37642
37645
37647
37656
37665
37673
37675
37675
37686
37695
37697
37701
37708
37711
37712
37713
37714
37722
37747
37748
37751
37766
37770
37772
37779
37796
37797
37801
37807
37810
37811
37818
37822
37822
37829
37836
37847
37848
37856
37857
37858
37859
37860
37863
37873
37875
37890
37892
37897
37898
37902
37903
37904
37905
37905
37906
37906
37910
37919
37929
37930
37930
37943
37944
37962
37965
37974
38017
38017
38025
38030
38033
38037
38041
38042
38050
38057
38061
38083
38091
38094
38100
38102
38103
38122
38129
38130
38136
38141
38142
38148
38148
38157
38158
38160
38161
38164
38166
38168
38176
38176
38188
38194
38200
38201
38204
38216
38221
38230
38234
38238
38256
38256
38256
38259
38260
38265
38267
38275
38277
38279
38283
38289
38291
38292
38296
38299
38303
38307
38308
38308
38309
38313
38321
38326
38326
38330
38333
38337
38341
38353
38359
38370
38376
38377
38381
38383
38389
38392
38405
38407
38422
38422
38423
38425
38436
38437
38442
38443
38445
38452
38457
38461
38461
38462
38468
38479
38479
38481
38498
38502
38513
38528
38534
38545
38552
38561
38562
38572
38578
38588
38592
38593
38595
38602
38607
38614
38621
38624
38628
38632
38633
38634
38636
38638
38643
38646
38648
38651
38655
38655
38661
38662
38670
38678
38684
38690
38705
38713
38720
38720
38721
38726
38735
38741
38741
38745
38752
38765
38769
38775
38776
38786
38793
38797
38800
38800
38811
38811
38820
38828
38833
38839
38844
38850
38851
38865
38865
38874
38880
38883
38884
38887
38893
38897
38910
38910
38912
38912
38932
38935
38944
38957
38958
38966
38976
38982
38983
38998
39001
39002
39002
39005
39010
39012
39016
39024
39026
39051
39059
39061
39065
39085
39085
39086
39092
39093
39098
39102
39109
39109
39115
39117
39122
39122
39132
39133
39147
39156
39157
39167
39171
39173
39180
39181
39182
39188
39200
39201
39211
39214
39222
39225
39237
39237
39243
39247
39247
39248
39249
39255
39255
39262
39270
39277
39278
39283
39292
39293
39294
39296
39297
39306
39319
39321
39323
39336
39338
39345
39353
39354
39372
39374
39383
39402
39407
39414
39425
39427
39429
39431
39436
39443
39452
39466
39466
39472
39473
39477
39486
39488
39496
39504
39512
39518
39524
39524
39531
39539
39543
39555
39572
39578
39585
39588
39595
39598
39604
39620
39626
39631
39638
39639
39644
39646
39646
39654
39656
39661
39670
39680
39681
39688
39688
39701
39708
39708
39713
39714
39720
39729
39729
39729
39731
39739
39749
39753
39754
39760
39767
39768
39774
39781
39782
39784
39791
39792
39797
39805
39806
39814
39815
39840
39846
39856
39860
39862
39863
39870
39880
39890
39893
39896
39897
39900
39903
39903
39904
39906
39910
39910
39917
39920
39922
39928
39933
39936
39942
39948
39949
39950
39954
39955
39967
39969
39971
39981
39993
39997
40002
40008
40011
40012
40033
40037
40039
40042
40046
40047
40051
40057
40069
40072
40075
40091
40093
40102
40105
40107
40115
40115
40120
40122
40129
40130
40135
40137
40143
40179
40179
40180
40180
40192
40195
40204
40206
40209
40220
40223
40228
40235
40249
40258
40262
40287
40306
40308
40309
40316
40318
40325
40331
40339
40339
40341
40347
40354
40357
40358
40362
40386
40388
40395
40400
40402
40406
40408
40410
40416
40425
40428
40436
40443
40457
40462
40465
40477
40477
40486
40486
40490
40492
40496
40515
40530
40530
40530
40545
40553
40566
40568
40569
40574
40575
40579
40588
40600
40601
40613
40625
40636
40641
40646
40670
40671
40673
40675
40679
40679
40681
40683
40683
40689
40691
40691
40692
40696
40703
40711
40721
40723
40723
40725
40731
40731
40753
40761
40766
40767
40780
40800
40802
40802
40808
40811
40811
40826
40829
40830
40833
40834
40836
40840
40846
40855
40871
40877
40880
40880
40899
40902
40908
40908
40911
40919
40923
40925
40928
40935
40944
40944
40960
40968
40969
40970
40979
40979
40996
41012
41023
41024
41024
41026
41035
41036
41038
41047
41047
41058
41071
41078
41081
41085
41089
41090
41110
41115
41119
41141
41151
41162
41175
41180
41191
41208
41209
41219
41224
41229
41230
41234
41241
41242
41262
41267
41272
41279
41309
41323
41326
41328
41330
41351
41356
41360
41379
41380
41388
41388
41391
41402
41429
41431
41431
41438
41442
41448
41455
41461
41475
41475
41483
41486
41486
41488
41494
41497
41506
41508
41516
41518
41522
41522
41526
41528
41541
41549
41555
41556
41557
41566
41572
41577
41580
41581
41594
41597
41604
41607
41617
41619
41622
41637
41641
41642
41653
41662
41679
41680
41682
41683
41690
41692
41699
41700
41701
41703
41703
41705
41712
41718
41732
41732
41742
41750
41757
41771
41777
41783
41788
41789
41789
41794
41814
41816
41823
41847
41859
41863
41869
41870
41880
41880
41883
41888
41891
41895
41901
41924
41925
41926
41929
41933
41953
41959
41966
41968
41969
41972
41973
42002
42019
42033
42036
42039
42043
42044
42074
42082
42088
42093
42098
42103
42116
42130
42131
42149
42167
42177
42180
42185
42192
42196
42207
42212
42226
42234
42239
42239
42242
42243
42262
42265
42265
42267
42273
42281
42286
42291
42298
42302
42310
42311
42315
42316
42317
42318
42323
42331
42340
42347
42349
42357
42357
42364
42364
42383
42391
42393
42400
42409
42409
42411
42415
42418
42433
42438
42439
42445
42453
42455
42462
42472
42478
42479
42484
42495
42496
42502
42516
42528
42532
42536
42543
42545
42554
42555
42563
42570
42576
42582
42583
42585
42595
42608
42613
42613
42624
42625
42625
42638
42640
42644
42662
42668
42673
42703
42704
42723
42726
42737
42748
42751
42752
42773
42776
42776
42777
42778
42782
42789
42794
42798
42801
42806
42816
42822
42825
42827
42831
42837
42844
42844
42851
42859
42860
42864
42872
42906
42906
42917
42924
42928
42930
42933
42937
42939
42952
42952
42957
42965
42971
42973
42977
42984
42985
42988
43000
43005
43023
43025
43026
43027
43034
43038
43046
43049
43055
43068
43069
43093
43107
43114
43126
43133
43135
43142
43156
43157
43157
43167
43179
43186
43188
43193
43195
43197
43205
43205
43205
43207
43213
43214
43241
43242
43244
43246
43256
43258
43260
43260
43264
43269
43269
43277
43290
43292
43302
43304
43307
43317
43319
43340
43345
43347
43353
43354
43358
43365
43375
43375
43388
43390
43400
43422
43422
43436
43440
43445
43447
43449
43454
43456
43460
43478
43481
43491
43492
43493
43495
43496
43499
43520
43523
43525
43529
43558
43562
43562
43563
43579
43581
43597
43598
43598
43606
43610
43611
43612
43613
43629
43636
43636
43642
43644
43644
43653
43659
43660
43660
43683
43708
43721
43721
43728
43728
43729
43733
43735
43737
43738
43747
43750
43754
43759
43760
43768
43770
43771
43772
43772
43779
43789
43791
43794
43813
43817
43821
43828
43829
43841
43851
43863
43867
43871
43874
43883
43886
43893
43893
43893
43897
43898
43899
43903
43907
43910
43920
43923
43929
43929
43931
43946
43951
43956
43966
43968
43970
43974
43976
43997
44006
44008
44021
44022
44029
44029
44029
44037
44047
44048
44062
44067
44076
44080
44092
44093
44094
44096
44103
44106
44110
44118
44123
44126
44133
44138
44142
44147
44157
44170
44181
44185
44185
44199
44207
44225
44242
44242
44245
44265
44290
44298
44299
44305
44305
44315
44333
44343
44381
44392
44401
44404
44405
44409
44415
44416
44426
44428
44429
44447
44456
44463
44468
44474
44482
44483
44492
44498
44513
44519
44525
44537
44553
44554
44556
44563
44565
44578
44581
44590
44591
44598
44611
44614
44620
44625
44628
44631
44636
44648
44649
44655
44660
44670
44676
44680
44683
44689
44695
44699
44719
44725
44732
44734
44734
44739
44749
44756
44778
44779
44779
44792
44794
44795
44797
44800
44810
44814
44830
44833
44839
44842
44844
44845
44845
44850
44854
44860
44868
44881
44889
44895
44897
44898
44899
44903
44906
44906
44916
44921
44925
44929
44933
44937
44938
44940
44959
44959
44964
44968
44968
44971
44973
44978
44984
44985
44999
45017
45020
45021
45043
45044
45044
45051
45064
45072
45074
45086
45086
45090
45095
45098
45113
45118
45133
45133
45137
45145
45147
45152
45154
45155
45156
45161
45161
45165
45168
45170
45171
45174
45178
45192
45215
45219
45246
45260
45266
45274
45274
45274
45275
45295
45297
45313
45314
45316
45329
45346
45349
45350
45359
45365
45387
45409
45413
45417
45418
45425
45429
45429
45446
45461
45464
45466
45469
45471
45476
45480
45483
45501
45502
45504
45523
45530
45537
45541
45548
45554
45557
45557
45574
45575
45582
45584
45587
45598
45602
45604
45606
45613
45620
45631
45635
45638
45652
45655
45674
45674
45687
45698
45698
45699
45699
45703
45705
45709
45713
45716
45718
45730
45735
45752
45756
45759
45763
45771
45779
45793
45800
45811
45816
45818
45821
45822
45825
45831
45842
45853
45856
45861
45865
45877
45880
45883
45888
45892
45894
45897
45911
45915
45917
45922
45931
45936
45946
45950
45968
45970
45974
45976
45977
45978
45979
45980
45984
45990
45995
46011
46014
46019
46031
46036
46040
46041
46044
46060
46070
46074
46081
46092
46093
46115
46119
46120
46121
46130
46132
46134
46138
46139
46147
46147
46150
46157
46159
46165
46181
46185
46191
46197
46203
46208
46208
46226
46228
46234
46239
46242
46242
46247
46247
46261
46264
46269
46276
46292
46299
46307
46308
46311
46314
46320
46324
46328
46338
46348
46354
46371
46373
46380
46383
46391
46394
46409
46417
46419
46420
46428
46431
46432
46433
46434
46440
46448
46460
46463
46464
46464
46481
46498
46499
46506
46507
46510
46514
46519
46525
46526
46532
46537
46538
46539
46546
46549
46549
46559
46559
46563
46573
46581
46585
46588
46590
46606
46606
46609
46610
46613
46628
46634
46635
46644
46648
46654
46656
46661
46667
46669
46671
46677
46678
46679
46692
46702
46703
46730
46732
46733
46746
46747
46752
46760
46761
46764
46765
46776
46779
46783
46789
46795
46797
46802
46802
46808
46813
46824
46839
46839
46847
46855
46861
46863
46865
46866
46869
46880
46884
46891
46894
46899
46902
46908
46914
46916
46926
46938
46939
46939
46949
46953
46972
46973
46979
46982
46987
46987
46987
46998
47006
47020
47025
47028
47031
47053
47054
47054
47069
47076
47076
47080
47095
47106
47111
47122
47126
47128
47128
47131
47136
47137
47138
47171
47178
47192
47195
47197
47204
47220
47222
47227
47230
47233
47233
47236
47240
47242
47253
47258
47259
47284
47302
47303
47307
47307
47312
47314
47325
47334
47334
47336
47346
47351
47364
47365
47371
47384
47385
47386
47391
47393
47394
47396
47405
47413
47416
47416
47435
47440
47441
47442
47443
47443
47445
47448
47464
47465
47466
47469
47469
47479
47487
47488
47492
47493
47507
47510
47527
47531
47532
47538
47545
47545
47554
47565
47568
47573
47581
47586
47588
47589
47592
47594
47594
47597
47606
47607
47617
47625
47625
47637
47639
47644
47672
47683
47689
47691
47705
47706
47708
47720
47744
47747
47754
47765
47776
47776
47795
47800
47811
47816
47817
47832
47846
47864
47867
47867
47883
47885
47897
47900
47900
47906
47906
47908
47911
47912
47921
47935
47944
47947
47949
47963
47974
47983
47997
48000
48007
48020
48020
48044
48052
48065
48072
48083
48085
48090
48093
48102
48107
48109
48112
48115
48126
48129
48132
48144
48152
48163
48167
48168
48168
48171
48172
48173
48175
48184
48186
48189
48196
48197
48200
48200
48202
48207
48224
48227
48232
48233
48235
48236
48247
48248
48252
48256
48257
48262
48266
48272
48277
48280
48296
48304
48304
48306
48330
48352
48368
48369
48385
48403
48404
48406
48412
48414
48418
48427
48433
48436
48446
48458
48465
48466
48471
48497
48505
48514
48516
48528
48535
48538
48545
48547
48556
48557
48558
48568
48570
48571
48585
48594
48601
48615
48622
48629
48631
48635
48641
48656
48661
48667
48675
48686
48687
48688
48689
48692
48696
48701
48704
48718
48720
48723
48730
48737
48752
48764
48765
48774
48777
48777
48778
48797
48810
48811
48819
48822
48834
48835
48835
48836
48840
48847
48847
48851
48864
48870
48881
48888
48890
48902
48903
48908
48908
48934
48951
48961
48978
48988
48988
48992
49011
49019
49020
49021
49028
49031
49040
49042
49051
49056
49062
49073
49081
49090
49091
49094
49104
49105
49106
49107
49109
49113
49124
49128
49129
49135
49136
49142
49165
49167
49169
49171
49174
49184
49191
49193
49196
49199
49225
49227
49235
49242
49254
49257
49263
49265
49270
49279
49279
49287
49288
49290
49294
49305
49320
49328
49330
49340
49342
49343
49348
49351
49362
49364
49375
49395
49398
49400
49401
49404
49421
49428
49449
49449
49451
49456
49466
49470
49472
49473
49485
49497
49506
49510
49512
49513
49516
49517
49527
49528
49529
49537
49542
49549
49551
49553
49555
49564
49569
49572
49572
49609
49612
49613
49644
49649
49654
49654
49656
49660
49661
49661
49664
49670
49671
49675
49695
49709
49729
49750
49751
49770
49774
49778
49781
49783
49786
49788
49799
49802
49817
49822
49829
49838
49843
49844
49854
49859
49868
49869
49875
49883
49885
49892
49896
49899
49900
49901
49904
49913
49914
49915
49940
49951
49953
49964
49978
49983
49988
50001
50006
50016
50022
50023
50027
50031
50037
50043
50051
50052
50057
50063
50064
50076
50077
50078
50082
50085
50094
50107
50107
50115
50124
50126
50127
50127
50139
50145
50147
50151
50154
50171
50184
50193
50198
50199
50208
50214
50214
50217
50225
50226
50230
50231
50235
50246
50247
50253
50262
50262
50266
50273
50278
50278
50286
50296
50298
50310
50311
50313
50317
50317
50322
50323
50328
50343
50357
50363
50367
50367
50383
50390
50391
50400
50402
50406
50410
50427
50429
50431
50431
50445
50451
50478
50485
50499
50508
50511
50512
50529
50555
50566
50570
50572
50578
50617
50619
50625
50629
50652
50657
50660
50662
50675
50682
50695
50701
50702
50706
50725
50728
50729
50746
50747
50747
50748
50759
50760
50762
50776
50787
50796
50817
50818
50821
50828
50828
50828
50829
50846
50863
50874
50909
50911
50920
50928
50939
50947
50948
50950
50954
50960
50961
50971
50986
50987
50994
50996
51003
51018
51038
51039
51047
51048
51048
51053
51055
51067
51069
51076
51078
51088
51093
51099
51104
51106
51120
51127
51145
51146
51147
51156
51159
51164
51169
51172
51173
51177
51178
51182
51187
51198
51215
51218
51223
51223
51229
51230
51233
51235
51236
51238
51268
51274
51289
51293
51293
51296
51299
51303
51319
51331
51332
51333
51336
51341
51344
51349
51358
51361
51364
51374
51379
51383
51388
51397
51397
51401
51404
51406
51410
51420
51435
51438
51442
51443
51445
51456
51463
51463
51470
51474
51475
51514
51515
51517
51517
51520
51527
51532
51539
51549
51549
51552
51571
51575
51578
51580
51594
51594
51599
51613
51621
51633
51633
51634
51635
51645
51647
51652
51654
51671
51673
51675
51676
51681
51682
51696
51699
51705
51709
51711
51715
51722
51723
51723
51736
51747
51758
51759
51774
51777
51779
51782
51782
51785
51790
51791
51794
51799
51807
51822
51827
51833
51836
51844
51848
51857
51874
51877
51879
51883
51885
51888
51893
51900
51904
51917
51938
51941
51962
51968
51971
51978
51982
51986
51987
51991
51996
51996
52007
52010
52012
52039
52042
52055
52064
52072
52074
52078
52078
52079
52087
52088
52091
52096
52106
52118
52123
52132
52141
52144
52151
52152
52154
52155
52162
52173
52173
52175
52176
52191
52192
52193
52205
52207
52216
52216
52239
52242
52249
52291
52291
52298
52303
52306
52308
52314
52320
52330
52333
52341
52348
52350
52367
52382
52390
52392
52393
52404
52423
52423
52424
52425
52425
52426
52426
52433
52433
52460
52460
52471
52472
52481
52482
52502
52503
52512
52513
52520
52537
52537
52538
52541
52545
52552
52562
52563
52569
52570
52582
52583
52601
52604
52609
52613
52624
52634
52636
52638
52640
52647
52665
52666
52679
52696
52697
52700
52702
52703
52705
52710
52724
52727
52730
52734
52743
52743
52749
52768
52777
52782
52791
52792
52802
52804
52805
52807
52809
52812
52815
52821
52825
52828
52844
52844
52869
52876
52887
52893
52894
52895
52901
52902
52904
52906
52906
52908
52922
52940
52951
52956
52964
52969
52972
52974
52978
52987
52987
52987
53000
53005
53014
53033
53042
53043
53044
53052
53052
53053
53054
53058
53065
53066
53071
53074
53089
53094
53096
53105
53110
53111
53111
53112
53121
53123
53133
53138
53146
53155
53160
53160
53161
53162
53162
53166
53166
53175
53177
53183
53183
53185
53186
53187
53190
53191
53195
53196
53202
53202
53208
53211
53224
53227
53232
53249
53257
53264
53270
53270
53277
53297
53302
53304
53313
53317
53321
53330
53342
53342
53362
53368
53369
53370
53372
53383
53388
53391
53393
53406
53410
53416
53431
53431
53435
53441
53453
53465
53473
53476
53477
53478
53483
53493
53498
53501
53513
53513
53519
53531
53535
53536
53556
53558
53558
53560
53563
53563
53570
53572
53573
53580
53583
53591
53591
53594
53604
53607
53607
53623
53629
53633
53637
53640
53640
53652
53655
53658
53663
53675
53680
53681
53692
53700
53701
53721
53736
53746
53752
53756
53756
53765
53775
53776
53791
53792
53795
53822
53828
53837
53840
53846
53851
53852
53862
53872
53877
53879
53885
53889
53894
53902
53906
53907
53908
53909
53910
53928
53930
53930
53935
53939
53948
53956
53961
53968
53975
53986
53988
53999
54012
54015
54023
54027
54033
54047
54048
54063
54070
54076
54080
54102
54104
54110
54117
54117
54118
54127
54149
54159
54164
54174
54175
54189
54192
54194
54194
54194
54195
54198
54203
54212
54231
54246
54252
54256
54263
54266
54267
54281
54291
54294
54313
54321
54323
54323
54336
54340
54346
54350
54363
54388
54388
54392
54412
54434
54444
54448
54449
54463
54481
54488
54495
54496
54497
54510
54511
54519
54522
54526
54529
54536
54544
54547
54547
54548
54569
54600
54602
54604
54617
54633
54651
54654
54679
54681
54685
54694
54701
54701
54714
54715
54717
54718
54736
54738
54739
54742
54764
54774
54801
54802
54818
54830
54834
54835
54835
54839
54843
54846
54846
54864
54866
54882
54885
54899
54904
54912
54919
54922
54924
54933
54936
54939
54963
54969
54970
54985
54986
54992
54992
54996
55022
55048
55055
55057
55066
55066
55095
55097
55098
55099
55105
55108
55126
55126
55130
55130
55136
55138
55155
55160
55176
55176
55199
55199
55203
55203
55206
55210
55224
55226
55229
55231
55248
55261
55273
55274
55275
55276
55283
55295
55306
55315
55322
55323
55328
55340
55356
55362
55367
55367
55377
55378
55378
55386
55394
55395
55395
55397
55404
55407
55407
55416
55422
55433
55445
55446
55452
55468
55496
55509
55516
55533
55545
55548
55554
55559
55564
55586
55588
55593
55600
55602
55606
55608
55610
55612
55613
55613
55628
55629
55629
55629
55631
55638
55639
55641
55644
55653
55654
55662
55666
55671
55686
55692
55696
55709
55713
55718
55725
55732
55734
55737
55740
55740
55746
55759
55761
55764
55766
55770
55771
55796
55800
55811
55826
55839
55843
55862
55864
55867
55868
55872
55875
55893
55908
55909
55915
55923
55926
55930
55933
55936
55941
55948
55951
55969
55973
55980
55986
55990
55993
56005
56005
56007
56018
56023
56027
56031
56031
56035
56041
56049
56056
56057
56059
56059
56073
56075
56079
56080
56083
56089
56092
56097
56102
56103
56107
56107
56115
56115
56125
56125
56127
56131
56132
56137
56149
56153
56158
56165
56172
56173
56174
56175
56183
56186
56188
56196
56209
56211
56211
56216
56220
56224
56233
56234
56237
56239
56243
56249
56263
56270
56273
56274
56277
56281
56282
56300
56301
56303
56303
56306
56318
56321
56324
56325
56325
56334
56335
56349
56355
56367
56372
56382
56383
56394
56402
56408
56411
56412
56413
56413
56418
56435
56435
56452
56453
56456
56464
56464
56470
56478
56479
56479
56484
56491
56503
56506
56507
56511
56519
56520
56530
56534
56539
56549
56567
56571
56571
56580
56594
56602
56602
56611
56612
56612
56614
56616
56623
56627
56638
56646
56655
56660
56664
56664
56676
56679
56701
56702
56712
56717
56718
56723
56724
56730
56735
56746
56749
56758
56760
56764
56775
56786
56787
56787
56793
56796
56798
56805
56808
56809
56810
56824
56826
56833
56833
56843
56849
56850
56850
56851
56854
56858
56867
56867
56874
56890
56890
56894
56913
56924
56934
56941
56950
56951
56953
56955
56963
56964
56971
56975
56978
56984
56986
56988
56991
56991
56993
57007
57012
57013
57015
57027
57036
57054
57058
57060
57061
57072
57080
57083
57094
57095
57098
57104
57106
57108
57125
57126
57126
57130
57133
57136
57140
57146
57152
57154
57159
57164
57165
57167
57175
57184
57186
57190
57196
57198
57200
57200
57204
57205
57207
57208
57208
57208
57213
57214
57217
57228
57230
57238
57249
57252
57259
57273
57285
57293
57300
57307
57308
57312
57316
57323
57324
57333
57337
57362
57364
57367
57372
57380
57386
57387
57397
57398
57414
57415
57428
57442
57446
57448
57463
57469
57470
57480
57481
57482
57493
57499
57511
57527
57528
57541
57548
57572
57580
57580
57585
57592
57601
57602
57602
57612
57619
57631
57633
57633
57635
57653
57654
57656
57657
57659
57671
57673
57674
57681
57701
57705
57707
57721
57723
57732
57735
57757
57763
57764
57767
57768
57769
57779
57785
57796
57796
57805
57805
57812
57815
57820
57830
57834
57839
57839
57842
57848
57856
57887
57895
57897
57906
57913
57924
57929
57946
57949
57975
58002
58007
58026
58029
58033
58047
58066
58076
58077
58081
58089
58095
58106
58113
58118
58118
58123
58135
58135
58135
58136
58136
58138
58144
58145
58172
58177
58178
58194
58196
58197
58204
58211
58212
58229
58230
58233
58239
58255
58270
58277
58280
58281
58286
58288
58292
58292
58293
58314
58319
58323
58332
58337
58343
58358
58372
58376
58408
58416
58420
58424
58427
58431
58433
58434
58434
58438
58451
58454
58454
58461
58462
58469
58473
58477
58492
58500
58511
58514
58534
58537
58539
58539
58541
58550
58554
58555
58565
58567
58570
58576
58589
58590
58605
58614
58630
58643
58668
58668
58677
58679
58684
58686
58687
58697
58707
58720
58720
58727
58728
58738
58741
58741
58760
58769
58771
58773
58785
58809
58819
58829
58839
58840
58856
58858
58862
58870
58883
58898
58901
58906
58914
58917
58929
58929
58934
58942
58947
58948
58959
58968
58969
58969
58969
58998
59002
59004
59032
59039
59044
59046
59049
59053
59061
59066
59071
59073
59079
59083
59085
59089
59094
59096
59097
59100
59100
59101
59104
59109
59111
59112
59124
59130
59132
59135
59141
59144
59151
59159
59167
59175
59175
59177
59181
59201
59220
59225
59232
59233
59237
59239
59242
59247
59248
59251
59256
59259
59265
59265
59274
59283
59293
59298
59300
59301
59303
59307
59312
59346
59419
59429
59438
59460
59462
59485
59504
59508
59518
59545
59560
59575
59592
59605
59624
59625
59654
59682
59691
59695
59731
59768
59782
59786
59805
59813
59819
59829
59852
59863
59863
59887
59912
59921
59923
59924
59980
59992
59997
60011
60043
60052
60057
60059
60082
60102
60134
60136
60143
60149
60150
60160
60163
60176
60217
60221
60233
60235
60241
60242
60291
60341
60351
60356
60367
60368
60387
60450
60451
60492
60556
60640
60649
60660
60668
60674
60727
60746
60776
60784
60851
60892
60905
60911
60993
61045
61085
61094
61168
61194
61266
-1
