0 0
1 0
2 0
3 0
4 0
5 0
6 0
7 0
8 0
9 0
10 0
11 0
12 0
13 0
14 0
15 0
16 0
17 0
18 0
19 0
20 0
21 0
22 0
23 0
24 0
25 0
26 0
27 0
28 0
29 0
30 0
31 6
32 75
33 76
34 86
35 90
36 103
37 80
38 86
39 87
40 96
41 86
42 87
43 85
44 95
45 89
46 78
47 86
48 84
49 85
50 90
51 88
52 99
53 82
54 67
55 74
56 78
57 87
58 84
59 67
60 82
61 122
62 85
63 89
64 98
65 63
66 34
67 7
68 0
69 0
70 0
71 0
72 0
73 0
74 0
75 0
76 0
77 0
78 0
79 0
80 0
81 0
82 0
83 0
84 0
85 0
86 0
87 0
88 0
89 0
90 0
91 0
92 0
93 0
94 0
95 0
