0 0
1 0
2 0
3 0
4 0
5 0
6 0
7 0
8 0
9 0
10 0
11 0
12 0
13 0
14 0
15 0
16 0
17 0
18 0
19 0
20 0
21 0
22 0
23 0
24 0
25 0
26 0
27 0
28 0
29 0
30 0
31 0
32 0
33 0
34 0
35 0
36 0
37 0
38 0
39 0
40 0
41 0
42 0
43 0
44 0
45 0
46 0
47 0
48 0
49 0
50 0
51 0
52 0
53 0
54 0
55 0
56 0
57 0
58 0
59 0
60 0
61 0
62 0
63 0
64 0
65 0
66 0
67 0
68 0
69 0
70 0
71 0
72 0
73 0
74 0
75 0
76 0
77 0
78 0
79 0
80 0
81 0
82 0
83 0
84 0
85 0
86 0
87 0
88 0
89 0
90 0
91 0
92 0
93 0
94 3
95 3
96 8
97 34
98 32
99 27
100 26
101 22
102 29
103 28
104 28
105 30
106 28
107 32
108 39
109 27
110 37
111 28
112 19
113 32
114 29
115 25
116 31
117 26
118 28
119 32
120 30
121 37
122 28
123 27
124 26
125 33
126 29
127 31
128 27
129 30
130 27
131 27
132 33
133 34
134 28
135 30
136 28
137 30
138 21
139 28
140 29
141 26
142 33
143 27
144 26
145 27
146 31
147 34
148 26
149 24
150 25
151 36
152 29
153 20
154 28
155 40
156 37
157 29
158 33
159 24
160 24
161 34
162 21
163 20
164 25
165 28
166 24
167 22
168 23
169 26
170 28
171 30
172 30
173 27
174 33
175 24
176 27
177 20
178 20
179 26
180 29
181 26
182 27
183 33
184 35
185 54
186 30
187 27
188 27
189 29
190 29
191 30
192 30
193 40
194 28
195 26
196 22
197 14
198 14
199 13
200 6
201 5
202 1
203 0
204 0
205 0
206 0
207 0
208 0
209 0
210 0
211 0
212 0
213 0
214 0
215 0
216 0
217 0
218 0
219 0
220 0
221 0
222 0
223 0
224 0
225 0
226 0
227 0
228 0
229 0
230 0
231 0
232 0
233 0
234 0
235 0
236 0
237 0
238 0
239 0
240 0
241 0
242 0
243 0
244 0
245 0
246 0
247 0
248 0
249 0
250 0
251 0
252 0
253 0
254 0
255 0
256 0
257 0
258 0
259 0
260 0
261 0
262 0
263 0
264 0
265 0
266 0
267 0
268 0
269 0
270 0
271 0
272 0
273 0
274 0
275 0
276 0
277 0
278 0
279 0
280 0
281 0
282 0
283 0
284 0
285 0
286 0
287 0
