110
633
3278
6677
21696
23112
23557
23704
24311
25056
25087
25674
25949
25953
25978
26044
26064
26240
26326
26385
26475
26527
26708
26865
26888
26907
27012
27096
27244
27247
27414
27649
27719
27810
27893
27912
27917
28061
28069
28107
28256
28339
28365
28406
28432
28506
28509
28652
28941
28983
29070
29177
29205
29207
29217
29306
29310
29583
29608
29740
29823
29845
29846
29940
29961
29971
30080
30099
30158
30165
30170
30215
30218
30245
30277
30294
30402
30473
30474
30484
30655
30669
30703
30737
30769
30786
30796
30870
31002
31056
31089
31118
31137
31157
31161
31184
31353
31400
31487
31501
31511
31540
31561
31561
31583
31602
31631
31728
31737
31747
31801
31879
31935
31939
31946
31965
31990
32006
32051
32054
32092
32186
32200
32264
32279
32280
32291
32324
32385
32404
32444
32523
32542
32584
32601
32648
32655
32681
32682
32702
32785
32832
32854
32861
32873
32901
32914
32925
32933
32942
32963
32980
33019
33020
33083
33107
33247
33251
33300
33305
33361
33391
33523
33580
33597
33637
33660
33708
33722
33868
33878
33955
33974
34010
34078
34191
34262
34294
34299
34303
34336
34377
34383
34459
34475
34491
34539
34596
34624
34700
34717
34720
34733
34736
34776
34780
34801
34828
34830
34872
34901
34952
35003
35011
35055
35085
35094
35111
35141
35152
35200
35201
35221
35265
35277
35305
35314
35372
35383
35415
35438
35450
35464
35486
35514
35550
35569
35620
35632
35680
35717
35761
35795
35818
35861
35891
35912
35952
36045
36065
36068
36085
36182
36205
36207
36215
36220
36237
36255
36261
36300
36308
36316
36328
36343
36400
36410
36410
36418
36470
36497
36565
36566
36567
36578
36606
36611
36639
36641
36665
36678
36683
36694
36737
36746
36763
36769
36787
36801
36813
36910
36911
36957
36993
37022
37029
37030
37031
37052
37133
37261
37275
37286
37302
37346
37359
37409
37413
37418
37428
37470
37478
37557
37573
37588
37601
37607
37636
37653
37656
37683
37689
37695
37741
37752
37770
37789
37790
37854
37908
37934
37998
38030
38045
38070
38080
38111
38118
38165
38177
38206
38223
38255
38408
38461
38481
38486
38508
38511
38527
38529
38545
38559
38561
38602
38619
38622
38648
38758
38768
38782
38784
38799
38812
38898
38915
38916
38930
38941
38990
38996
39007
39011
39013
39017
39042
39088
39111
39132
39152
39154
39167
39195
39202
39219
39241
39313
39387
39473
39608
39618
39649
39723
39758
39831
39839
39888
39899
39908
39935
39955
39966
39967
40219
40240
40265
40291
40293
40321
40341
40354
40380
40414
40441
40506
40515
40540
40618
40627
40744
40747
40869
40876
40909
40926
40960
41004
41027
41040
41114
41132
41178
41198
41230
41254
41255
41279
41285
41297
41326
41336
41402
41505
41534
41564
41664
41668
41696
41719
41738
41768
41918
41940
42009
42012
42140
42141
42163
42203
42213
42215
42281
42286
42323
42326
42353
42380
42393
42393
42433
42456
42458
42461
42516
42519
42531
42541
42542
42578
42588
42599
42608
42621
42635
42668
42733
42755
42779
42813
42822
42833
42877
42887
42927
42936
42953
43009
43045
43081
43081
43083
43153
43166
43228
43228
43239
43309
43359
43375
43383
43391
43411
43445
43453
43492
43504
43507
43550
43625
43626
43661
43689
43692
43708
43721
43721
43733
43758
43807
43870
43875
43933
44017
44041
44071
44080
44179
44233
44237
44279
44365
44425
44482
44518
44604
44607
44613
44702
44751
44782
44816
44825
44836
44840
44866
44887
45028
45029
45051
45060
45069
45098
45100
45119
45144
45167
45184
45195
45284
45296
45300
45400
45425
45511
45549
45569
45697
45757
45775
45799
45816
45829
45844
45877
45970
46000
46109
46156
46169
46174
46184
46227
46245
46259
46308
46353
46371
46413
46486
46519
46519
46647
46676
46682
46702
46709
46710
46749
46815
46825
46938
46986
47071
47129
47166
47226
47237
47267
47290
47354
47392
47439
47452
47457
47477
47489
47502
47519
47534
47631
47631
47644
47657
47783
47834
47894
47896
47941
47983
47994
48022
48023
48037
48096
48101
48111
48124
48137
48211
48298
48299
48309
48314
48331
48344
48361
48386
48394
48445
48486
48525
48644
48725
48752
48759
48828
48866
48920
48945
48966
49041
49087
49092
49109
49140
49142
49145
49157
49233
49257
49307
49391
49407
49418
49561
49587
49601
49605
49627
49666
49677
49725
49738
49788
49841
49902
49961
49976
49985
50068
50098
50113
50125
50162
50187
50228
50229
50296
50316
50318
50353
50370
50396
50482
50592
50640
50712
50725
50740
50756
50762
50785
50798
50801
50803
50815
50827
50855
50876
50916
50933
50947
51041
51047
51062
51083
51111
51169
51186
51242
51247
51277
51307
51314
51321
51347
51376
51394
51469
51573
51628
51795
51801
51802
51813
51815
51829
51875
51888
51892
51937
51961
51996
52005
52011
52043
52087
52129
52148
52160
52167
52247
52325
52350
52373
52419
52446
52511
52515
52578
52582
52604
52643
52649
52649
52670
52767
52816
52818
52858
52859
52863
52872
52913
52942
53077
53100
53111
53220
53237
53239
53267
53288
53349
53353
53362
53421
53464
53488
53497
53538
53568
53580
53723
53769
53795
53880
53940
53978
54030
54106
54115
54237
54349
54359
54396
54432
54455
54505
54528
54541
54587
54616
54629
54640
54643
54695
54756
54808
54829
54909
54939
54993
55110
55124
55126
55214
55306
55327
55361
55387
55472
55474
55485
55527
55582
55669
55704
55734
55743
55762
55763
55775
55854
55882
55886
55887
55917
55942
55964
55978
56056
56090
56186
56226
56237
56247
56253
56324
56353
56363
56399
56412
56428
56429
56481
56520
56554
56598
56677
56687
56756
56757
56767
56824
56879
56882
56903
56915
56945
56949
57092
57112
57146
57146
57239
57272
57298
57312
57345
57345
57361
57364
57422
57468
57483
57519
57536
57616
57710
57722
57791
57793
57795
57808
57890
57962
57968
57978
57984
57991
58024
58074
58079
58080
58091
58110
58137
58151
58153
58165
58230
58273
58344
58358
58361
58469
58489
58494
58496
58515
58530
58532
58554
58554
58610
58648
58684
58702
58723
58738
58760
58789
58794
58832
58859
58964
58970
59022
59049
59149
59152
59157
59158
59167
59177
59183
59198
59232
59241
59246
59254
59281
59360
59378
59400
59404
59469
59475
59477
59487
59527
59700
59717
59718
59748
59816
59835
59901
59905
59963
59994
60009
60016
60052
60136
60149
60165
60339
60357
60440
60462
60537
60541
60550
60554
60555
60584
60587
60616
60629
60634
60648
60652
60653
60667
60673
60695
60723
60741
60750
60762
60776
60794
60822
60836
60849
60931
60945
61059
61107
61172
61212
61255
61262
61326
61366
61403
61451
61460
61479
61497
61546
61556
61565
61587
61616
61667
61671
61723
61724
61753
61810
61814
61837
61841
61869
61921
62082
62093
62155
62190
62258
62267
62285
62318
62325
62330
62342
62354
62375
62403
62403
62524
62601
62720
62794
62807
62856
62970
62988
63002
63018
63138
63217
63234
63325
63391
63424
63427
63450
63497
63517
63526
63631
63778
63779
63846
63856
63873
63901
63925
63944
64055
64118
64182
64185
64188
64295
64377
64522
64564
64646
64647
64673
64699
64711
64777
64793
64892
64927
64940
64963
65046
65054
65072
65086
65189
65234
65251
65269
65289
65324
65356
65371
65383
65397
65410
65434
65520
65537
65565
65567
65678
65740
65816
65901
65909
65926
65938
65968
65988
66190
66256
66275
66340
66381
66394
66404
66440
66441
66611
66703
66787
66853
66903
66925
66925
66932
67042
67093
67141
67147
67150
67254
67344
67357
67382
67567
67589
67623
67690
67748
67817
67897
67917
67993
68004
68008
68061
68132
68604
68641
68658
68693
68771
68842
68926
68958
68966
69030
69033
69093
69225
69289
69392
69424
69424
69461
69537
69626
69719
69725
69739
69838
69850
69884
69903
70022
70064
70094
70160
70192
70307
70363
70398
70400
70470
70535
70581
70633
70763
70905
71001
71011
71071
71106
71128
71217
71243
71252
71258
71337
71367
71523
71549
71591
71630
71648
71813
71873
71960
72019
72024
72096
72133
72136
72195
72210
72251
72397
72455
72512
72770
72818
72887
72928
72994
73008
73174
73283
73310
73318
73407
73413
73414
73485
73517
73526
73842
73850
73869
73903
73931
74007
74013
74125
74375
74390
74534
74591
74632
74645
74791
74922
74939
75077
75092
75102
75223
75426
75470
75532
75620
75704
75856
75878
75927
76004
76031
76226
76232
76270
76291
76382
76573
76582
76728
76740
76786
76814
76848
76926
77089
77166
77279
77328
77365
77565
77566
77820
77903
77987
78017
78050
78065
78103
78108
78187
78219
78291
78370
78414
78438
78564
78627
78671
78824
78839
78863
78872
78887
78923
79064
79164
79230
79407
79453
79500
79634
79662
79745
79748
79749
79760
79775
79783
79808
80043
80194
80397
80409
80432
80465
80492
80546
80570
80591
80628
80768
80874
80957
81065
81075
81330
81362
81413
81418
81420
81440
81495
81548
81648
81696
81797
81936
81955
81978
82141
82208
82234
82249
82293
82325
82329
82386
82421
82452
82498
82517
82561
82593
82635
82646
82665
82692
82701
82748
82752
82771
82781
82831
82908
82909
83010
83016
83135
83296
83320
83364
83369
83449
83642
83858
84018
84115
84223
84266
84313
84439
84585
84737
84973
84983
85171
85316
85393
85463
85472
85573
85694
85728
85799
85926
86051
86335
-1
