122
2125
2141
2304
2337
2419
3277
3335
3469
3573
3678
4622
5091
5159
5220
5399
5436
5614
5721
5930
5934
7790
11910
20061
21413
22215
22960
23015
23042
23119
23686
24737
25015
25086
25087
25116
25264
25298
25358
25484
25555
25769
25804
25921
26051
26154
26182
26216
26261
26548
26558
26615
26657
26687
26782
26794
26798
27005
27298
27407
27443
27449
27602
27618
27707
27821
27871
27983
28044
28090
28132
28147
28308
28404
28467
28471
28503
28536
28845
28867
28979
29100
29160
29198
29228
29238
29429
29463
29506
29572
29583
29633
29712
29772
29814
29830
29872
29879
29911
30087
30151
30185
30251
30298
30364
30406
30420
30518
30526
30578
30584
30611
30613
30688
30709
30732
30817
30876
30881
30908
30934
30944
30976
30991
31012
31032
31084
31095
31117
31137
31156
31181
31244
31251
31278
31315
31316
31370
31387
31419
31425
31440
31478
31536
31554
31636
31654
31669
31732
31882
31886
31891
31903
31932
32076
32083
32115
32158
32225
32262
32308
32342
32418
32433
32437
32456
32470
32596
32616
32639
32665
32680
32746
32861
32879
32936
32963
32966
32967
33048
33063
33099
33129
33149
33185
33208
33231
33256
33287
33331
33333
33335
33379
33455
33481
33657
33662
33690
33793
33861
33903
33989
33991
34089
34123
34137
34147
34206
34209
34213
34251
34255
34281
34284
34354
34368
34409
34453
34472
34485
34568
34579
34582
34590
34632
34656
34698
34821
34822
34830
34883
34921
34975
35052
35075
35106
35131
35163
35178
35257
35276
35286
35286
35302
35330
35342
35370
35374
35440
35540
35579
35619
35622
35653
35658
35665
35668
35682
35692
35769
35792
35793
35811
35828
35859
35927
35943
35973
35987
35997
36050
36146
36181
36184
36193
36226
36253
36256
36323
36350
36367
36371
36398
36406
36412
36463
36495
36526
36535
36537
36545
36549
36585
36592
36600
36618
36634
36704
36709
36721
36735
36778
36791
36811
36832
36842
36860
36886
36922
36927
36929
36954
36964
36974
36985
37010
37024
37026
37069
37085
37130
37132
37162
37216
37230
37231
37239
37316
37327
37362
37375
37385
37393
37437
37444
37456
37472
37490
37496
37537
37541
37550
37561
37606
37640
37663
37710
37729
37748
37768
37769
37787
37802
37819
37835
37839
37842
37847
37885
37926
37992
38006
38096
38152
38163
38163
38177
38192
38193
38221
38279
38339
38340
38355
38403
38433
38480
38498
38513
38518
38518
38538
38647
38663
38666
38739
38752
38839
38847
38875
38895
38898
38909
38934
38951
39011
39038
39039
39073
39075
39091
39093
39094
39118
39135
39156
39163
39217
39221
39288
39303
39392
39421
39513
39613
39616
39643
39657
39767
39903
39904
39910
39930
39983
39983
39987
39998
40012
40041
40087
40131
40134
40151
40151
40155
40233
40246
40349
40401
40415
40502
40516
40595
40619
40652
40667
40677
40682
40775
40788
40805
40863
40868
40885
40908
40912
40929
40938
40948
41037
41181
41186
41188
41236
41303
41308
41320
41339
41455
41459
41485
41518
41574
41599
41623
41624
41690
41691
41716
41725
41728
41742
41755
41799
41803
41806
41862
41892
41960
41973
41983
41985
41995
42070
42072
42075
42125
42163
42181
42194
42221
42276
42398
42434
42500
42582
42591
42612
42635
42674
42752
42758
42764
42797
42807
42819
42827
42910
42984
43050
43150
43182
43200
43202
43227
43235
43289
43311
43316
43423
43464
43466
43487
43496
43518
43533
43616
43684
43746
43755
43779
43803
43838
43852
43882
43892
43971
44011
44013
44013
44016
44095
44106
44155
44212
44218
44243
44245
44249
44281
44288
44302
44340
44364
44367
44378
44404
44441
44452
44485
44513
44559
44572
44612
44619
44684
44688
44713
44723
44727
44737
44826
44889
44910
44970
44973
45060
45105
45106
45135
45148
45167
45180
45201
45211
45218
45269
45328
45387
45435
45452
45478
45536
45554
45594
45673
45728
45749
45760
45770
45782
45787
45807
45833
45853
45954
45997
46002
46062
46113
46132
46173
46196
46198
46214
46310
46311
46335
46414
46515
46564
46572
46596
46624
46655
46745
46787
46801
46858
46954
47133
47235
47247
47248
47277
47305
47335
47374
47374
47409
47420
47435
47444
47514
47541
47542
47573
47576
47589
47593
47681
47707
47752
47796
47800
47875
47942
47981
48003
48036
48040
48096
48110
48169
48177
48260
48273
48355
48356
48478
48481
48534
48548
48579
48725
48727
48787
48819
48842
48889
48918
48962
48982
49027
49040
49050
49133
49205
49252
49263
49264
49286
49304
49338
49388
49423
49428
49429
49430
49469
49482
49501
49548
49588
49599
49673
49735
50015
50040
50152
50168
50210
50256
50258
50370
50492
50499
50524
50576
50598
50676
50773
50777
50807
50815
50816
50897
50969
51068
51093
51098
51103
51141
51205
51212
51232
51259
51283
51354
51386
51423
51459
51461
51473
51529
51583
51589
51611
51617
51626
51642
51659
51660
51689
51724
51752
51816
51831
51863
51881
51886
51890
51915
51930
52063
52107
52171
52188
52189
52260
52273
52299
52303
52314
52369
52383
52430
52492
52549
52553
52594
52707
52748
52788
52828
52942
52950
52975
52992
53024
53026
53063
53066
53077
53078
53157
53177
53258
53346
53347
53358
53360
53364
53455
53476
53982
54050
54147
54254
54561
54700
54725
54726
54733
54735
54742
54742
54746
54749
54750
54753
54761
54767
54772
54775
54777
54783
54789
54795
54798
54799
54815
54819
54823
54833
54849
54867
54872
54872
54873
54877
54884
54887
54888
54897
54902
54902
54945
54955
54959
54961
54969
54973
54988
54988
54995
55000
55024
55025
55033
55035
55041
55043
55046
55046
55047
55055
55065
55066
55071
55073
55079
55081
55083
55085
55085
55089
55094
55095
55099
55104
55111
55112
55112
55117
55119
55121
55124
55124
55130
55130
55130
55163
55165
55171
55174
55175
55176
55190
55192
55196
55202
55204
55204
55204
55206
55218
55221
55223
55236
55236
55238
55243
55244
55251
55254
55258
55260
55271
55273
55277
55278
55280
55289
55293
55294
55297
55299
55305
55311
55317
55325
55326
55328
55329
55330
55351
55357
55357
55377
55389
55393
55394
55394
55395
55400
55404
55404
55409
55411
55427
55430
55430
55430
55430
55432
55433
55435
55452
55453
55455
55457
55465
55466
55472
55472
55474
55479
55482
55489
55493
55495
55498
55501
55570
55576
55608
55608
55624
55641
55790
55798
55832
55847
55866
55868
55881
55914
56066
56073
56128
56133
56134
56142
56161
56186
56227
56241
56259
56269
56277
56356
56362
56374
56487
56507
56515
56637
56639
56701
56701
56707
56731
56736
56738
56787
56825
56838
56862
56875
56884
56919
57020
57068
57116
57129
57187
57249
57291
57355
57361
57407
57445
57497
57524
57590
57596
57656
57781
57852
57861
57896
57940
57999
58019
58056
58063
58127
58185
58190
58351
58362
58396
58408
58430
58479
58485
58522
58541
58548
58568
58569
58601
58655
58694
58714
58726
58745
58764
58814
58852
58873
58888
58934
58958
59014
59020
59041
59051
59071
59085
59096
59189
59194
59194
59276
59277
59309
59325
59362
59407
59436
59525
59536
59537
59542
59558
59580
59637
59639
59641
59645
59688
59726
59755
59782
59795
59818
59853
59923
59984
60057
60060
60094
60117
60142
60262
60282
60287
60317
60329
60372
60417
60425
60433
60603
60603
60668
60684
60770
60777
60834
60866
60871
60959
60985
61031
61042
61090
61095
61100
61201
61217
61237
61352
61375
61411
61413
61470
61481
61571
61705
61749
61859
61870
61882
61885
62162
62172
62209
62240
62247
62286
62444
62452
62463
62468
62565
62575
62598
62699
62722
62771
62842
62894
62956
63019
63021
63083
63087
63127
63182
63206
63293
63324
63421
63440
63536
63582
63652
63817
63819
63966
64007
64013
64148
64150
64158
64240
64349
64356
64389
64413
64439
64531
64536
64562
64596
64662
64673
64673
64674
64676
64692
64828
64846
65013
65113
65151
65185
65219
65354
65450
65478
65486
65534
65553
65572
65656
65657
65701
65705
65726
65787
65789
65924
65934
65998
66022
66030
66046
66142
66190
66207
66279
66317
66411
66422
66432
66500
66571
66603
66668
66686
66884
66886
66916
66946
67095
67095
67098
67193
67229
67260
67272
67330
67360
67458
67488
67552
67578
67735
67740
67835
67886
67961
68026
68144
68165
68196
68212
68235
68270
68334
68342
68387
68472
68550
68585
68724
68791
68915
68956
68987
69088
69096
69108
69189
69265
69269
69328
69332
69356
69362
69406
69417
69434
69532
69629
69644
69675
69695
69736
69904
69987
69987
70150
70168
70253
70369
70384
70418
70505
70521
70565
70601
70682
70686
70715
70727
70775
70823
70836
70908
70961
71038
71045
71096
71103
71158
71207
71229
71291
71385
71388
71409
71441
71527
71558
71618
71671
71675
71675
71682
71747
71780
71821
71891
71910
71914
71949
71952
71957
71993
72033
72348
72464
72574
72693
72778
73105
73197
73266
73274
73336
73337
73347
73397
73474
73500
73557
73568
73578
73648
73741
73854
73858
73938
73944
73961
74006
74012
74055
74192
74278
74347
74370
74419
74460
74500
74522
74574
74577
74751
74845
74955
75023
75026
75084
75336
75371
75461
75512
75616
75663
75808
75851
75929
75931
75954
76141
76168
76187
76247
76324
76529
76597
76633
76657
77138
77240
77312
77443
77475
77507
77513
77539
77589
77726
77859
77869
77891
78058
78162
78196
78247
78311
78316
78352
78374
78375
78395
78398
78604
78612
78664
78685
78708
78717
78773
78782
78811
78856
78858
78982
79112
79120
79256
79295
79341
79361
79399
79472
79529
79675
79756
79852
79871
79885
80030
80243
80280
80284
80301
80313
80347
80577
80666
80710
80724
80767
80874
80895
81295
81458
81532
81600
81674
81875
81920
82026
82087
82226
82269
82389
82413
82433
82438
82624
82635
82677
82694
82703
82774
82821
83020
83091
83235
83344
83370
83383
83395
83449
83458
83504
83510
83557
83627
83648
83691
83738
83860
83876
83894
83913
83935
83935
84499
84596
84602
84719
84834
84996
85038
85113
85147
85206
85272
85756
85816
85835
85935
86056
86102
86194
86215
86316
-1
