170
22567
23033
25204
25617
25939
26092
26549
26726
26734
26910
26997
27175
27214
27421
27489
27753
27931
28278
28310
28328
28409
28572
28637
28709
28746
28791
29118
29200
29439
29529
29555
29600
29647
29716
29844
29992
30006
30024
30140
30161
30167
30190
30676
30693
30794
30883
30914
30932
30936
30941
30944
30951
30957
30984
31006
31058
31080
31100
31140
31162
31192
31229
31287
31345
31346
31378
31401
31460
31470
31491
31567
31599
31604
31610
31614
31630
31655
31662
31678
31721
31726
31837
31840
31888
31930
31958
31965
31987
32010
32043
32067
32141
32156
32211
32269
32270
32270
32304
32391
32417
32456
32484
32501
32530
32559
32584
32593
32684
32717
32746
32758
32856
32876
32918
32919
32934
32971
32981
33014
33040
33058
33139
33176
33202
33254
33322
33335
33360
33362
33366
33420
33420
33452
33456
33488
33519
33549
33551
33554
33636
33728
33772
33817
33855
33878
33889
33911
33960
34065
34073
34084
34092
34108
34154
34225
34227
34259
34303
34311
34318
34322
34322
34326
34329
34333
34341
34342
34367
34383
34384
34419
34524
34554
34582
34637
34769
34780
34788
34796
34891
34941
34945
34996
35018
35055
35079
35145
35166
35194
35235
35290
35373
35428
35471
35541
35577
35603
35620
35631
35677
35693
35718
35777
35835
35874
35878
35913
35968
36002
36050
36122
36123
36202
36212
36219
36306
36329
36360
36417
36439
36481
36531
36555
36556
36701
36751
36755
36951
37048
37077
37139
37152
37250
37254
37392
37418
37453
37488
37545
37570
37582
37592
37597
37680
37687
37694
37696
37719
37784
37847
37884
37911
37931
38002
38025
38027
38079
38095
38132
38174
38243
38288
38389
38403
38416
38481
38501
38547
38569
38823
38835
38841
38978
39005
39064
39106
39142
39211
39289
39316
39347
39527
39549
39601
39625
39630
39642
39694
39715
39721
39735
39746
39840
39843
39919
39957
40022
40096
40128
40143
40254
40270
40366
40411
40427
40458
40517
40522
40528
40541
40560
40647
40665
40691
40720
40749
40803
40829
40878
40977
41003
41032
41091
41095
41119
41150
41166
41177
41202
41221
41256
41294
41331
41347
41362
41417
41432
41451
41470
41552
41672
41711
41829
41851
41934
41979
42059
42215
42253
42260
42281
42322
42397
42476
42541
42572
42600
42676
42718
42854
42880
42892
42917
42934
42979
42983
43059
43111
43417
43425
43457
43525
43551
43574
43641
43669
43810
43912
43929
43968
44143
44151
44219
44238
44257
44337
44380
44428
44484
44648
44649
44722
44904
44939
44984
45024
45090
45119
45121
45155
45209
45310
45329
45343
45386
45723
45732
45737
45752
45759
45873
45906
45911
45975
45994
46017
46036
46041
46059
46079
46101
46104
46320
46525
46531
46762
46784
46791
46838
47160
47183
47255
47272
47496
47665
47730
47749
47847
47916
47949
47982
48012
48032
48039
48077
48341
48446
48532
48666
48669
48701
48738
48739
48767
48798
48894
48930
49227
49356
49379
49421
49542
49557
49685
49703
49726
49800
49914
50141
50335
50429
50491
50555
50715
50795
50877
50894
50960
51127
51334
51813
51908
52070
52086
52347
52604
52879
52991
53093
53271
53930
53976
53994
54026
54465
57669
60294
60814
62633
-1
