2
31
2052
2219
2252
2383
2742
2915
2916
3056
3083
4618
4759
4806
8291
13497
13811
18633
22086
24078
24096
24167
24920
25482
25506
25592
25738
25762
25782
25962
26153
26247
26472
26498
26831
26856
27054
27071
27136
27137
27164
27281
27372
27430
27676
27713
27757
27827
27827
27886
27905
28092
28107
28196
28249
28262
28284
28413
28422
28458
28692
28753
28797
28956
28994
29152
29171
29270
29318
29358
29358
29378
29442
29473
29481
29513
29551
29589
29599
29695
29707
29711
29817
29833
29834
29922
29949
29979
30002
30007
30009
30030
30045
30110
30155
30164
30166
30168
30231
30314
30333
30377
30380
30400
30452
30513
30527
30552
30564
30566
30583
30588
30625
30660
30776
30838
30875
30885
30929
31031
31054
31065
31216
31257
31306
31333
31383
31389
31421
31484
31516
31528
31556
31561
31566
31571
31582
31639
31660
31736
31738
31808
31821
31892
31912
31946
31972
32016
32058
32079
32097
32136
32148
32181
32244
32283
32311
32329
32347
32493
32512
32527
32530
32572
32584
32590
32644
32758
32767
32800
32828
32830
32844
32945
33005
33024
33033
33081
33109
33115
33175
33194
33224
33249
33270
33321
33409
33485
33503
33552
33554
33575
33627
33668
33673
33714
33773
33823
33836
33891
33903
33911
33937
33946
33955
33968
34002
34023
34056
34137
34197
34205
34272
34286
34301
34307
34321
34416
34445
34496
34563
34565
34628
34632
34756
34819
34853
34862
34869
34874
34921
34965
34981
35004
35006
35006
35024
35033
35069
35080
35104
35129
35158
35199
35208
35221
35242
35266
35269
35366
35380
35534
35607
35622
35686
35721
35765
35805
35886
35953
35982
35983
36004
36020
36033
36043
36134
36176
36213
36234
36287
36294
36322
36502
36528
36590
36654
36665
36668
36692
36694
36723
36733
36741
36808
36808
36893
36914
36927
37018
37024
37147
37193
37244
37287
37293
37342
37424
37462
37598
37602
37642
37646
37650
37653
37671
37677
37686
37705
37706
37774
37823
37867
37875
37887
37891
38016
38054
38108
38245
38329
38396
38405
38449
38472
38521
38525
38581
38607
38631
38684
38685
38742
38743
38772
38774
38814
38863
38892
38924
39174
39217
39341
39362
39433
39461
39463
39517
39616
39632
39653
39658
39733
39769
39821
39960
39964
40046
40049
40050
40072
40085
40181
40190
40222
40272
40413
40430
40486
40541
40595
40597
40649
40687
40744
40775
40789
40839
41035
41037
41058
41107
41185
41213
41221
41226
41241
41245
41293
41324
41429
41432
41463
41480
41487
41502
41543
41650
41717
41718
41778
41783
41790
41876
42007
42015
42063
42072
42082
42121
42153
42181
42197
42271
42283
42289
42291
42317
42327
42484
42567
42575
42633
42644
42656
42731
42805
42918
42986
43000
43027
43133
43181
43185
43193
43250
43373
43374
43433
43547
43561
43725
43762
43867
43887
43903
43930
43980
43994
44095
44191
44224
44224
44256
44348
44468
44494
44596
44608
44629
44692
44717
44730
44783
44826
44875
45073
45080
45161
45252
45393
45396
45529
45601
45650
45658
45819
45857
45912
46098
46099
46177
46183
46207
46220
46271
46368
46410
46414
46640
46685
46723
46843
46858
46983
46986
47079
47135
47255
47340
47415
47445
47528
47533
47578
47736
47883
47909
48009
48015
48031
48130
48141
48293
48351
48371
48493
48535
48542
48734
48820
48867
48868
48879
48888
48902
48917
48924
48999
49008
49168
49177
49288
49347
49403
49411
49449
49510
49512
49534
49562
49626
49772
49787
49802
49818
49831
49848
49887
49893
49913
49921
49923
49990
50035
50053
50061
50101
50212
50244
50273
50314
50837
50848
51030
51202
51363
51363
51373
51412
51436
51493
51506
51634
51675
51694
51919
51920
52009
52160
52180
52542
52665
52990
52994
53036
53037
53339
53431
53470
53504
54219
54314
56319
57842
58235
61036
61109
62408
69828
-1
