104
105
781
1863
2095
2461
2915
3291
4148
5338
6020
10448
12470
21998
25135
25599
25653
25719
25828
25854
25888
25941
26239
26346
26387
26458
26483
26488
26743
26749
26986
27016
27140
27325
27365
27526
27526
27749
27800
27900
27923
27944
28109
28134
28157
28210
28237
28305
28331
28375
28694
28893
29039
29212
29280
29288
29342
29493
29509
29534
29538
29589
29667
29703
29712
29719
29772
29910
29968
29986
29993
30066
30172
30213
30266
30372
30380
30424
30475
30476
30533
30561
30578
30679
30680
30733
30741
30760
30790
30816
30817
30840
30936
30981
31007
31107
31117
31149
31155
31233
31272
31273
31280
31305
31310
31321
31326
31338
31396
31402
31441
31445
31450
31481
31498
31523
31548
31573
31589
31594
31603
31636
31665
31670
31677
31713
31735
31737
31741
31746
31757
31791
31850
31915
31964
31978
32186
32206
32237
32254
32263
32290
32299
32304
32308
32455
32536
32598
32635
32699
32700
32701
32752
32771
32795
32865
32867
32882
32954
32997
32998
33067
33126
33161
33189
33192
33250
33258
33309
33414
33452
33471
33478
33489
33510
33527
33536
33538
33585
33646
33656
33664
33667
33697
33774
33802
33846
33849
33862
33944
33946
33950
33998
34007
34105
34138
34152
34256
34260
34275
34277
34320
34425
34471
34487
34528
34559
34598
34614
34623
34630
34704
34752
34757
34783
34806
34819
34868
34873
34926
34942
35036
35051
35068
35090
35109
35115
35129
35145
35177
35207
35222
35228
35271
35311
35329
35340
35343
35428
35470
35504
35511
35554
35572
35689
35709
35731
35732
35738
35757
35807
35814
35817
35838
35853
35875
35932
35981
36001
36021
36039
36052
36158
36207
36241
36242
36249
36273
36290
36294
36311
36321
36350
36358
36362
36370
36387
36388
36404
36442
36479
36496
36537
36552
36572
36586
36588
36596
36613
36626
36632
36636
36644
36697
36710
36764
36779
36784
36804
36807
36833
36885
36903
36924
36948
36953
36966
37007
37042
37046
37055
37068
37084
37084
37098
37111
37151
37173
37177
37265
37293
37362
37363
37380
37398
37416
37452
37459
37556
37566
37600
37624
37649
37652
37654
37655
37670
37706
37744
37794
37807
37814
37831
37842
37908
37915
37944
37984
38027
38038
38091
38157
38162
38179
38183
38194
38212
38242
38261
38314
38372
38377
38389
38414
38432
38450
38464
38470
38502
38512
38523
38524
38595
38596
38605
38638
38651
38677
38696
38710
38714
38772
38779
38886
38895
38896
38912
38922
38968
38979
39011
39053
39070
39078
39082
39095
39098
39144
39212
39214
39215
39250
39273
39297
39312
39388
39394
39421
39440
39482
39541
39562
39577
39577
39598
39649
39684
39716
39717
39740
39747
39759
39775
39801
39802
39814
39816
39822
39914
39941
39972
39996
40027
40050
40081
40084
40100
40124
40138
40185
40197
40202
40228
40230
40323
40327
40339
40371
40383
40395
40457
40469
40532
40533
40573
40617
40628
40682
40705
40755
40776
40785
40797
40847
40850
40862
40864
40864
40884
40897
40904
40907
41033
41041
41075
41079
41096
41105
41109
41111
41123
41127
41148
41155
41179
41192
41218
41259
41279
41290
41352
41355
41386
41398
41475
41509
41537
41557
41558
41568
41592
41602
41606
41683
41711
41735
41770
41778
41787
41804
41823
41875
41879
41917
41921
41962
41997
42024
42035
42043
42043
42109
42203
42249
42264
42282
42296
42341
42350
42350
42382
42383
42427
42511
42536
42537
42594
42709
42741
42827
42922
42964
42974
43000
43017
43031
43043
43101
43216
43243
43244
43249
43249
43313
43326
43335
43404
43433
43448
43474
43509
43528
43553
43563
43567
43579
43607
43648
43656
43656
43718
43749
43766
43767
43788
43845
43926
43951
44054
44056
44105
44135
44144
44161
44177
44199
44234
44290
44369
44392
44397
44429
44435
44499
44540
44559
44568
44574
44577
44626
44628
44648
44666
44677
44707
44712
44731
44738
44810
44828
44894
44899
44912
44929
44929
45085
45192
45216
45228
45247
45249
45266
45268
45291
45300
45325
45367
45380
45419
45586
45661
45673
45728
45735
45757
45832
45910
45919
45934
45993
46106
46120
46201
46242
46261
46287
46333
46334
46337
46384
46401
46446
46482
46589
46600
46658
46680
46715
46747
46828
46906
46910
46918
46931
46994
47030
47042
47112
47117
47167
47260
47263
47267
47269
47277
47290
47299
47311
47403
47404
47409
47426
47441
47448
47460
47467
47478
47490
47496
47512
47536
47556
47579
47605
47610
47618
47626
47640
47646
47662
47695
47736
47755
47773
47785
47791
47798
47871
47884
47947
47963
47974
47992
48007
48079
48109
48117
48163
48169
48178
48185
48215
48215
48218
48250
48261
48262
48348
48355
48387
48417
48441
48468
48470
48489
48519
48564
48571
48610
48644
48653
48658
48707
48718
48802
48829
48834
48836
48848
48887
48919
48964
48966
49033
49047
49047
49104
49107
49123
49134
49158
49187
49212
49225
49254
49258
49294
49295
49331
49372
49390
49393
49412
49415
49438
49460
49471
49474
49480
49483
49501
49502
49531
49533
49544
49562
49600
49617
49641
49644
49654
49686
49687
49688
49705
49708
49732
49736
49737
49740
49744
49787
49793
49814
49829
49842
49844
49854
49855
49909
49934
49954
50072
50105
50122
50132
50135
50136
50169
50192
50195
50211
50217
50294
50309
50323
50325
50339
50344
50362
50369
50452
50473
50496
50498
50501
50509
50512
50522
50533
50540
50570
50611
50639
50682
50687
50692
50714
50752
50772
50779
50781
50785
50790
50878
50919
50987
51030
51035
51045
51070
51123
51131
51141
51162
51172
51177
51193
51197
51200
51209
51230
51275
51316
51343
51469
51477
51510
51513
51518
51530
51541
51543
51550
51565
51579
51635
51642
51664
51664
51680
51713
51732
51756
51761
51763
51801
51807
51857
51869
51898
51919
51944
51966
51996
52035
52036
52052
52062
52075
52087
52087
52104
52130
52134
52183
52203
52206
52235
52261
52309
52321
52357
52411
52441
52466
52469
52476
52481
52494
52517
52578
52623
52633
52639
52700
52743
52808
52841
52847
52913
52964
52980
52984
52988
53081
53116
53125
53130
53166
53209
53248
53255
53276
53283
53288
53310
53314
53326
53340
53369
53371
53381
53420
53436
53438
53449
53456
53468
53497
53497
53536
53554
53613
53634
53653
53717
53766
53768
53805
53826
53841
53892
53914
53964
53982
53983
54005
54017
54053
54058
54129
54174
54245
54252
54283
54347
54362
54365
54377
54395
54395
54426
54427
54443
54465
54540
54584
54587
54607
54615
54628
54654
54655
54734
54741
54754
54755
54797
54801
54809
54813
54827
54845
54880
54883
54898
54899
54903
54908
54919
54949
55006
55020
55049
55052
55082
55085
55158
55161
55195
55196
55247
55259
55262
55321
55396
55401
55403
55465
55492
55507
55535
55538
55550
55560
55579
55636
55636
55643
55680
55689
55690
55742
55792
55795
55811
55824
55846
55895
55901
55921
55926
55976
55980
55996
56011
56025
56027
56052
56065
56078
56148
56161
56196
56211
56224
56233
56242
56252
56267
56285
56303
56313
56342
56360
56362
56367
56402
56412
56430
56474
56476
56481
56486
56515
56538
56550
56556
56609
56617
56618
56640
56642
56659
56667
56722
56736
56747
56775
56794
56860
56891
56905
56956
56972
57004
57071
57113
57141
57145
57145
57162
57179
57208
57208
57245
57249
57292
57324
57359
57360
57386
57397
57416
57490
57523
57524
57540
57585
57616
57643
57649
57658
57659
57676
57685
57687
57700
57700
57717
57717
57721
57726
57752
57756
57784
57785
57810
57812
57824
57832
57833
57838
57840
57859
57860
57866
57866
57870
57879
57888
57895
57919
57922
57926
57931
57934
57935
57940
57963
57976
57991
58012
58014
58033
58037
58042
58046
58058
58064
58090
58100
58108
58123
58127
58131
58149
58163
58169
58171
58205
58216
58221
58232
58235
58240
58254
58264
58274
58276
58291
58295
58319
58328
58335
58356
58362
58391
58392
58414
58415
58428
58443
58467
58470
58498
58505
58512
58521
58522
58525
58528
58533
58538
58570
58572
58595
58613
58613
58627
58637
58643
58654
58705
58706
58712
58714
58732
58739
58744
58761
58766
58776
58791
58795
58797
58803
58820
58842
58847
58849
58866
58877
58882
58889
58893
58905
58934
58937
58957
58962
58962
58964
58986
59004
59028
59029
59062
59071
59076
59087
59087
59107
59118
59119
59129
59140
59155
59158
59159
59163
59183
59205
59215
59216
59239
59256
59262
59286
59307
59310
59328
59332
59338
59339
59364
59385
59387
59391
59392
59397
59398
59404
59410
59429
59435
59445
59471
59482
59497
59515
59516
59528
59529
59552
59574
59593
59597
59606
59625
59647
59648
59653
59679
59683
59704
59713
59724
59729
59735
59742
59745
59750
59754
59754
59758
59759
59768
59779
59784
59801
59801
59809
59817
59823
59824
59851
59851
59858
59867
59887
59919
59923
59925
59926
59937
59942
59950
59958
60007
60020
60024
60026
60028
60034
60041
60046
60069
60090
60099
60102
60115
60121
60124
60130
60188
60193
60225
60254
60307
60415
60461
60465
60466
60468
60475
60477
60490
60510
60518
60521
60549
60558
60590
60596
60635
60650
60665
60705
60707
60709
60728
60748
60773
60785
60825
60834
60843
60867
60909
60912
60927
60932
60941
60941
60950
60952
60971
60990
61010
61022
61023
61024
61036
61039
61039
61047
61079
61099
61107
61117
61123
61137
61140
61144
61166
61184
61187
61191
61217
61223
61237
61240
61253
61254
61279
61299
61302
61313
61353
61375
61378
61386
61419
61440
61447
61455
61469
61471
61487
61488
61500
61501
61579
61584
61622
61644
61655
61695
61697
61700
61719
61734
61744
61748
61768
61782
61837
61858
61903
61909
61936
61943
61954
61980
61994
62001
62002
62025
62083
62106
62117
62134
62145
62154
62157
62176
62191
62201
62202
62203
62212
62220
62221
62224
62257
62287
62293
62316
62383
62392
62403
62413
62414
62431
62456
62467
62476
62489
62494
62557
62563
62575
62584
62622
62636
62678
62713
62729
62761
62770
62797
62808
62817
62845
62855
62866
62876
62887
62902
62930
62957
62959
62980
62993
63003
63031
63073
63078
63116
63170
63196
63197
63224
63257
63283
63309
63320
63335
63349
63389
63414
63421
63423
63424
63425
63509
63523
63537
63582
63608
63634
63649
63678
63704
63705
63722
63748
63752
63754
63786
63819
63828
63842
63895
63926
63937
63953
63984
64034
64046
64090
64115
64119
64143
64159
64197
64225
64227
64241
64252
64261
64262
64263
64295
64343
64365
64406
64417
64445
64448
64480
64551
64599
64599
64688
64710
64731
64743
64777
64817
64848
64856
64862
64877
64981
64981
64996
65010
65034
65043
65055
65067
65098
65123
65126
65138
65145
65154
65168
65268
65309
65319
65342
65367
65382
65477
65493
65495
65504
65521
65524
65543
65584
65595
65602
65602
65641
65672
65705
65732
65739
65741
65746
65747
65803
65831
65848
65875
65886
65933
65935
65938
65946
65958
65984
66032
66052
66082
66089
66108
66117
66130
66187
66188
66238
66247
66250
66281
66288
66331
66379
66398
66549
66551
66602
66619
66631
66725
66758
66776
66817
66874
66909
66971
67020
67110
67166
67200
67248
67255
67314
67322
67369
67390
67411
67418
67439
67449
67482
67487
67624
67625
67679
67719
67852
67866
67899
67963
67995
68018
68187
68245
68285
68341
68344
68451
68473
68483
68497
68503
68516
68521
68620
68663
68708
68734
68782
68809
68822
68834
68857
69054
69064
69083
69107
69113
69177
69240
69295
69299
69304
69314
69419
69450
69486
69538
69596
69630
69828
69849
69926
69983
70060
70119
70146
70170
70221
70247
70340
70364
70403
70454
70455
70464
70496
70544
70549
70615
70732
70842
70882
70897
70968
71037
71083
71096
71172
71198
71344
71413
71432
71476
71608
71628
71684
71707
71734
71752
72038
72102
72102
72118
72233
72295
72361
72446
72518
72559
72588
72699
72772
72858
72882
73036
73139
73155
73463
73465
73521
73539
73663
73700
73724
73866
73931
74056
74094
74116
74121
74168
74242
74309
74313
74321
74338
74365
74508
74557
74613
74673
74704
74757
74757
74893
74906
74949
75001
75026
75026
75088
75105
75136
75217
75284
75334
75372
75439
75545
75551
75585
75739
76179
76209
76224
76249
76282
76299
76306
76326
76337
76476
76533
76707
76848
76931
77044
77068
77110
77144
77240
77445
77581
77618
77634
77697
77698
77704
77799
77906
77910
78033
78076
78150
78369
78391
78395
78446
78569
78581
78616
78622
78695
78697
78825
78870
78892
78966
79084
79137
79142
79317
79376
79494
80287
80658
81363
81379
81396
81602
81644
81717
82060
82122
82153
82180
82221
82456
82492
82501
82532
82614
82652
82945
83041
83143
83292
83349
83608
83650
83741
83865
83880
84181
84553
84583
84685
84816
84818
84969
84988
85030
85063
85091
85293
85301
-1
