2641
4226
4275
4431
6729
18583
22412
24394
25007
25168
25418
25569
25583
25720
25768
25805
25825
25841
25853
25933
26222
26282
26288
26429
26578
26725
26739
26928
27047
27177
27196
27216
27334
27372
27502
27618
27655
27874
27955
28084
28293
28337
28359
28383
28401
28500
28537
28590
28711
28784
28923
29023
29092
29163
29203
29294
29323
29345
29416
29482
29522
29557
29643
29668
29676
29688
29722
29761
29825
29826
29842
29859
29865
29903
30056
30061
30214
30215
30279
30291
30313
30366
30483
30694
30749
30761
30773
30786
30819
30844
30886
30925
30937
30949
30970
30972
30982
31024
31054
31055
31080
31153
31224
31288
31303
31308
31311
31313
31501
31533
31570
31608
31639
31650
31664
31699
31722
31744
31784
31788
31816
31828
31905
32029
32064
32083
32169
32183
32218
32226
32257
32355
32390
32411
32516
32587
32591
32599
32599
32645
32713
32792
32814
32891
32931
32937
32967
33002
33097
33109
33190
33211
33215
33230
33266
33276
33381
33403
33428
33483
33495
33531
33651
33668
33670
33733
33762
33772
33790
33811
33829
33857
33903
33947
34072
34096
34097
34119
34168
34266
34274
34329
34348
34365
34458
34477
34503
34525
34534
34535
34536
34568
34574
34612
34616
34658
34714
34714
34721
34724
34823
34852
34865
34868
34877
34886
34936
34944
34946
34955
34994
35018
35077
35079
35083
35094
35149
35162
35195
35250
35370
35371
35376
35399
35402
35437
35443
35483
35504
35507
35599
35606
35620
35630
35664
35670
35674
35705
35712
35717
35740
35807
35830
35840
35858
35862
35942
35953
35976
36037
36037
36051
36080
36102
36147
36154
36185
36266
36282
36320
36388
36390
36403
36502
36504
36547
36572
36668
36729
36730
36745
36754
36768
36770
36812
36813
36836
36839
36850
36866
36874
36878
36889
36983
37015
37029
37059
37082
37123
37147
37151
37204
37256
37261
37307
37317
37335
37354
37358
37359
37422
37433
37475
37509
37590
37631
37659
37670
37675
37697
37802
37839
37843
37850
37881
37895
37900
37914
37918
37921
37928
37931
37933
37966
37974
38145
38169
38194
38212
38222
38281
38302
38359
38379
38381
38383
38394
38420
38428
38464
38494
38663
38663
38666
38671
38672
38696
38721
38784
38788
38835
38861
38883
38921
38925
38926
38931
38989
39001
39004
39010
39049
39057
39060
39171
39192
39200
39211
39341
39390
39422
39424
39425
39439
39451
39581
39616
39633
39684
39742
39772
39779
39797
39821
39855
39868
39878
39889
39891
39912
39969
39977
39981
40009
40013
40024
40044
40050
40057
40119
40122
40144
40157
40304
40339
40342
40399
40626
40669
40723
40727
40729
40734
40745
40748
40758
40763
40813
40838
40851
40852
40862
40927
40972
40998
41055
41075
41148
41160
41175
41179
41193
41218
41275
41310
41347
41358
41380
41437
41442
41446
41513
41543
41583
41642
41747
41764
41819
41821
41856
41903
41914
41951
41987
41994
42008
42027
42029
42081
42096
42121
42200
42222
42235
42270
42296
42303
42312
42379
42383
42399
42455
42482
42535
42538
42559
42563
42579
42599
42675
42683
42711
42741
42949
42949
43002
43071
43094
43172
43178
43182
43273
43299
43353
43379
43408
43429
43472
43523
43572
43596
43601
43668
43687
43718
43735
43750
43752
43758
43879
43916
44043
44082
44133
44269
44311
44318
44339
44369
44371
44477
44481
44515
44546
44569
44580
44630
44673
44701
44755
44793
44837
44849
44862
44863
44878
44891
44898
44938
44966
44980
44982
45095
45126
45159
45172
45188
45197
45220
45236
45262
45282
45282
45300
45322
45332
45353
45393
45461
45487
45592
45707
45712
45735
45745
45770
45867
45895
45897
45908
45942
45974
45992
46047
46098
46206
46217
46252
46354
46408
46413
46416
46444
46492
46522
46561
46598
46599
46605
46659
46674
46685
46714
46763
46801
46818
46827
46843
46885
46917
46938
46958
47022
47027
47070
47098
47098
47227
47234
47252
47310
47314
47325
47362
47375
47542
47543
47559
47662
47665
47709
47768
47784
47806
47825
47837
47841
47893
47918
47960
47995
48001
48036
48088
48100
48125
48140
48178
48199
48225
48234
48250
48299
48304
48335
48385
48403
48434
48490
48586
48689
48707
48709
48761
48783
48820
48832
48878
48931
48978
48983
48992
48995
49014
49016
49051
49086
49152
49164
49242
49247
49286
49295
49319
49401
49407
49499
49596
49610
49621
49679
49709
49714
49717
49734
49761
49776
49803
49807
49813
49837
49844
49852
49881
49958
50034
50035
50061
50064
50080
50093
50109
50123
50169
50175
50211
50248
50276
50302
50340
50406
50410
50436
50442
50524
50526
50570
50595
50652
50747
50769
50804
50814
50828
50835
50865
50885
50889
50928
50983
50995
51013
51140
51204
51243
51250
51284
51351
51353
51429
51462
51489
51546
51604
51608
51621
51648
51656
51673
51709
51771
51782
51892
51897
51917
51931
51959
52008
52045
52111
52148
52175
52183
52197
52228
52295
52337
52344
52388
52433
52443
52473
52491
52492
52539
52542
52588
52589
52602
52616
52643
52671
52726
52751
52753
52781
52808
52812
52827
52828
52831
52850
52926
52927
52946
53008
53036
53077
53094
53102
53121
53166
53276
53294
53319
53327
53363
53373
53404
53435
53455
53546
53627
53637
53679
53752
53798
53894
53901
53909
53923
53930
54030
54038
54130
54134
54191
54254
54270
54282
54284
54285
54285
54324
54338
54344
54416
54454
54481
54487
54494
54553
54623
54632
54650
54666
54673
54682
54683
54776
54781
54787
54827
54872
54897
54898
54930
55017
55036
55042
55055
55059
55129
55250
55335
55363
55389
55415
55451
55476
55476
55484
55486
55498
55600
55644
55676
55678
55681
55705
55721
55731
55743
55744
55747
55754
55785
55787
55818
55841
55879
55934
55943
55975
55984
55996
56062
56089
56118
56150
56152
56156
56158
56221
56260
56296
56310
56315
56334
56347
56348
56351
56368
56378
56390
56487
56504
56582
56613
56633
56642
56642
56675
56803
56812
56853
56884
56906
56947
56975
56993
56995
57004
57012
57023
57079
57085
57142
57172
57184
57188
57205
57228
57236
57254
57275
57304
57308
57320
57323
57328
57337
57356
57395
57410
57411
57450
57489
57525
57582
57599
57612
57648
57688
57711
57713
57716
57719
57759
57762
57763
57764
57765
57800
57803
57808
57813
57826
57865
57923
57925
57942
57943
57943
57957
57978
58002
58007
58012
58044
58049
58054
58058
58059
58090
58099
58121
58154
58163
58164
58182
58192
58195
58267
58287
58296
58334
58348
58362
58372
58403
58413
58417
58430
58469
58587
58593
58602
58611
58618
58657
58665
58672
58685
58696
58730
58780
58803
58803
58819
58831
58883
58884
58907
58916
58917
58925
58925
58933
59011
59035
59036
59128
59136
59141
59151
59195
59212
59253
59254
59272
59294
59316
59335
59372
59431
59447
59461
59480
59492
59522
59529
59532
59557
59569
59581
59624
59650
59664
59692
59723
59823
59826
59843
59847
59848
59850
59885
59889
59949
59950
59963
59974
60009
60026
60034
60036
60046
60086
60130
60150
60162
60209
60255
60256
60275
60284
60285
60306
60326
60338
60343
60378
60388
60411
60417
60429
60453
60473
60518
60528
60540
60549
60557
60583
60606
60616
60624
60628
60652
60657
60662
60672
60792
60803
60804
60842
60921
60939
60980
60982
60988
60989
61019
61024
61055
61057
61133
61171
61171
61180
61203
61206
61211
61231
61237
61272
61273
61305
61307
61307
61315
61342
61345
61365
61371
61387
61404
61413
61443
61451
61478
61531
61550
61583
61591
61595
61642
61646
61668
61671
61694
61702
61726
61753
61764
61774
61812
61819
61821
61842
61852
61862
61875
61883
61887
61901
62007
62016
62017
62036
62060
62073
62075
62101
62124
62127
62157
62168
62214
62253
62280
62286
62298
62345
62374
62379
62391
62411
62429
62459
62490
62498
62569
62579
62587
62599
62605
62639
62648
62680
62700
62716
62725
62804
62805
62806
62820
62830
62877
62898
62932
62958
62996
63005
63010
63030
63045
63049
63092
63094
63107
63109
63174
63183
63185
63220
63250
63316
63329
63363
63428
63567
63570
63586
63595
63649
63651
63705
63727
63783
63798
63818
63826
63838
63867
63873
63937
63965
63983
64003
64017
64017
64150
64228
64287
64292
64343
64384
64433
64441
64490
64531
64654
64732
64735
64741
64962
65009
65011
65012
65034
65107
65127
65236
65241
65293
65297
65335
65340
65355
65421
65461
65495
65496
65500
65539
65627
65706
65720
65745
65769
65800
65839
65841
65872
65875
65894
65924
65941
65989
66017
66047
66053
66094
66100
66121
66126
66165
66197
66364
66463
66711
66778
66793
66839
66868
66896
66995
67069
67097
67105
67113
67122
67211
67231
67270
67297
67319
67536
67592
67643
67690
67726
67792
67899
67930
67954
67968
68018
68106
68129
68143
68227
68266
68274
68282
68429
68429
68454
68478
68500
68550
68646
68653
68701
68779
68779
68865
68894
68970
69035
69087
69211
69238
69260
69372
69473
69624
69663
69794
69804
69824
69872
69923
69983
70229
70242
70268
70334
70349
70396
70419
70428
70478
70499
70555
70620
70626
70654
70732
70737
70759
70813
70832
70849
71018
71020
71100
71145
71235
71276
71286
71333
71446
71469
71498
71593
71607
71657
71691
71694
71703
71833
71850
71850
71906
72097
72134
72382
72468
72470
72551
72565
72606
72656
72658
72798
72913
72920
72956
72965
73081
73143
73321
73339
73344
73624
73766
73852
73897
74054
74069
74114
74130
74139
74153
74187
74209
74235
74279
74280
74291
74349
74422
74595
74698
74854
74997
75122
75431
75478
75490
75491
75511
75611
75634
75725
75819
75857
75902
75999
76006
76064
76075
76455
76585
76591
76599
76653
76656
76810
76851
76855
76909
76956
76989
77044
77080
77101
77139
77473
77494
77501
77502
77511
77637
77977
77978
78054
78154
78311
78467
78499
78523
78542
78577
78744
78769
78819
79326
79543
80096
80284
80302
80454
80476
80517
80555
80735
80789
80835
80984
81274
81440
81464
81544
81552
81563
81581
81595
81713
81770
81858
81978
81991
82068
82072
82103
82181
82211
82445
82522
82638
82733
82852
82925
82950
83111
83127
83228
83233
83269
83450
83704
83874
83951
83987
84136
84170
84384
84413
84417
84466
84478
84572
84736
84763
84769
84776
84804
84807
84857
85128
85200
85296
85319
85594
86069
86074
86216
86273
-1
