11285
11489
11510
11521
12246
12534
13180
13456
15146
15148
15286
15344
15452
15522
16178
16224
17618
17754
18314
18469
19487
19691
19731
19894
20411
20581
20666
20698
20717
20823
21228
21350
21441
21908
22110
22165
22248
22322
22545
22625
22780
23136
23274
23284
23448
23449
23557
23565
23636
23710
23780
23969
24473
24880
25078
25130
25320
25332
25393
25517
25529
25532
25659
25675
25685
25733
25959
25962
26013
26028
26069
26334
26409
26437
26530
26687
26801
26817
26829
27012
27092
27239
27363
27373
27382
27389
27404
27661
27674
27744
27910
27936
27972
27975
27978
27986
28089
28130
28188
28227
28238
28241
28260
28300
28512
28534
28617
28630
28649
28729
28752
28753
28754
28862
28894
28950
28984
29029
29065
29093
29095
29120
29135
29171
29174
29205
29208
29221
29272
29381
29417
29462
29498
29697
29710
29736
29749
29760
29805
29859
29885
29889
29979
29980
29993
29999
30017
30027
30029
30031
30042
30056
30082
30109
30149
30176
30178
30206
30245
30278
30298
30309
30337
30348
30367
30379
30383
30412
30449
30458
30458
30473
30475
30476
30514
30517
30559
30559
30576
30604
30622
30668
30669
30690
30694
30696
30702
30752
30766
30770
30788
30789
30800
30817
30823
30833
30840
30914
30925
30984
30986
31006
31007
31018
31034
31034
31118
31133
31135
31147
31174
31179
31195
31209
31210
31212
31217
31234
31255
31310
31332
31336
31356
31383
31390
31396
31398
31401
31408
31415
31430
31471
31489
31517
31525
31537
31544
31553
31563
31570
31574
31582
31585
31591
31596
31609
31690
31704
31744
31750
31776
31779
31799
31804
31805
31838
31842
31845
31881
31906
31941
31978
31993
32003
32027
32075
32129
32146
32146
32161
32170
32176
32200
32218
32234
32258
32260
32285
32325
32329
32332
32361
32376
32404
32431
32433
32450
32476
32510
32528
32539
32554
32560
32583
32640
32654
32656
32661
32675
32680
32716
32805
32830
32842
32868
32890
32928
32933
32941
32951
33065
33126
33138
33143
33156
33219
33245
33268
33322
33332
33358
33377
33381
33393
33442
33454
33484
33487
33497
33499
33551
33561
33567
33579
33581
33598
33606
33618
33657
33678
33709
33716
33752
33775
33820
33857
33861
33877
33889
33934
34007
34029
34038
34061
34066
34087
34096
34240
34246
34254
34270
34417
34434
34455
34457
34475
34482
34490
34492
34578
34601
34604
34612
34613
34623
34629
34654
34671
34706
34775
34795
34826
34833
34868
34887
34893
34910
34914
34919
34940
34942
34951
35005
35016
35027
35027
35042
35045
35054
35108
35120
35124
35126
35137
35141
35141
35144
35150
35161
35175
35210
35414
35918
41833
41838
41873
41880
41916
41918
41953
41954
41963
41965
42020
42025
42049
42058
42069
42082
42107
42143
42162
42179
42211
42248
42264
42267
42270
42281
42299
42318
42331
42337
42362
42390
42427
42446
42469
42502
42503
42506
42517
42616
42623
42626
42634
42640
42661
42689
42729
42750
42791
42812
42815
42821
42833
42852
42898
42932
42976
42997
43040
43043
43089
43100
43120
43129
43132
43144
43183
43196
43227
43234
43269
43281
43333
43338
43359
43428
43489
43509
43525
43558
43569
43571
43575
43581
43603
43651
43678
43724
43744
43748
43844
43876
43878
43900
43934
43977
44099
44101
44107
44128
44146
44151
44208
44208
44210
44216
44231
44248
44271
44293
44331
44341
44436
44452
44464
44493
44577
44591
44599
44606
44645
44739
44739
44763
44785
44789
44790
44807
44808
44820
44823
44861
44887
44922
44951
44965
44997
45111
45179
45189
45210
45243
45258
45297
45362
45362
45395
45430
45498
45508
45548
45617
45624
45666
45771
45794
45799
45814
45823
45826
45834
45835
45846
45851
45884
45927
45930
45987
46040
46073
46078
46119
46132
46138
46168
46179
46192
46208
46216
46223
46301
46308
46315
46385
46463
46505
46575
46610
46650
46671
46691
46765
46768
46793
46871
46886
46892
46912
47042
47081
47131
47205
47275
47299
47299
47420
47430
47500
47505
47507
47538
47645
47650
47697
47710
47714
47727
47770
47836
47875
47877
47905
47925
47929
47942
48014
48044
48063
48071
48087
48160
48167
48180
48202
48208
48219
48237
48263
48279
48280
48284
48295
48318
48323
48326
48339
48353
48355
48376
48377
48470
48470
48604
48656
48657
48690
48733
48773
48778
48858
48871
48901
48955
49034
49046
49048
49054
49055
49076
49083
49089
49125
49133
49164
49210
49255
49286
49328
49351
49402
49451
49482
49525
49530
49576
49583
49629
49637
49660
49692
49759
49778
49782
49789
49908
49913
49923
50008
50023
50026
50052
50062
50070
50089
50092
50097
50165
50188
50225
50247
50252
50296
50304
50309
50329
50433
50476
50483
50551
50588
50590
50591
50603
50604
50619
50636
50647
50659
50671
50700
50714
50716
50740
50752
50759
50768
50769
50775
50779
50861
50970
50991
51000
51021
51023
51050
51052
51097
51118
51145
51197
51222
51241
51242
51242
51243
51299
51336
51339
51346
51363
51414
51416
51471
51489
51493
51517
51527
51581
51586
51620
51625
51663
51685
51715
51723
51724
51784
51841
51845
51851
51851
51874
51889
51894
51923
51925
51931
51948
51960
52011
52015
52092
52093
52096
52108
52114
52148
52152
52174
52176
52193
52223
52230
52247
52282
52293
52333
52343
52403
52427
52460
52494
52511
52545
52556
52579
52580
52598
52604
52606
52610
52627
52638
52649
52662
52686
52716
52717
52737
52749
52790
52791
52797
52800
52812
52815
52850
52926
52948
52958
52962
52977
52978
53008
53036
53046
53077
53078
53113
53173
53198
53203
53210
53230
53238
53278
53297
53318
53333
53336
53339
53347
53351
53368
53373
53407
53414
53471
53507
53551
53553
53558
53563
53564
53583
53634
53662
53694
53740
53749
53754
53756
53781
53827
53856
53857
53949
53969
53971
54034
54037
54061
54147
54152
54191
54204
54213
54231
54291
54306
54360
54369
54407
54421
54436
54479
54490
54569
54591
54671
54673
54714
54723
54754
54767
54768
54784
54802
54848
54882
54883
54890
54914
54940
54944
54976
54984
55006
55050
55053
55066
55072
55105
55114
55139
55153
55154
55174
55242
55251
55252
55255
55279
55293
55315
55339
55354
55377
55378
55475
55500
55517
55544
55575
55586
55631
55648
55648
55661
55668
55672
55687
55726
55728
55754
55813
55826
55835
55855
55859
55869
55940
55941
55954
55981
55984
55990
56003
56013
56074
56228
56241
56253
56254
56260
56264
56281
56288
56303
56314
56334
56388
56433
56459
56485
56486
56501
56531
56557
56561
56605
56612
56630
56632
56648
56652
56660
56662
56681
56691
56692
56709
56739
56740
56758
56761
56764
56770
56774
56779
56790
56824
56832
56862
56893
56907
56908
56915
56921
56934
56937
56991
57023
57045
57083
57096
57103
57122
57143
57207
57284
57290
57307
57311
57339
57380
57388
57411
57427
57430
57464
57478
57482
57513
57671
57725
57778
57780
57792
57849
57865
57892
57920
57964
57991
58030
58044
58259
58270
58287
58326
58333
58354
58358
58425
58438
58445
58448
58500
58510
58520
58530
58539
58553
58561
58562
58577
58610
58620
58673
58705
58716
58765
58824
58826
58852
58856
58857
58879
58885
58914
58959
58977
59031
59036
59057
59066
59073
59112
59127
59173
59221
59228
59281
59288
59301
59309
59333
59360
59402
59410
59472
59474
59484
59486
59487
59658
59668
59693
59699
59703
59817
59824
59837
59843
59869
59893
59931
59934
59974
59978
59989
60010
60049
60097
60126
60169
60184
60218
60247
60259
60278
60279
60284
60325
60363
60442
60453
60458
60490
60499
60509
60509
60528
60550
60595
60691
60711
60779
60834
60850
60857
60872
60885
60907
60952
61001
61002
61143
61148
61192
61418
61418
61419
61427
61484
61574
61590
61602
61683
61689
61700
61718
61721
61736
61806
61823
61907
61925
61936
61938
61977
61983
62078
62153
62160
62185
62191
62244
62249
62262
62295
62321
62387
62406
62415
62597
62609
62651
62675
62710
62740
62743
62787
62841
62917
62956
63076
63094
63121
63169
63205
63302
63317
63326
63409
63437
63467
63499
63520
63555
63591
63600
63607
63630
63646
63712
63766
63770
63790
63811
63821
63848
63892
63898
63899
63903
63974
64001
64015
64042
64072
64128
64143
64155
64164
64196
64269
64296
64334
64488
64524
64537
64562
64596
64597
64609
64633
64636
64775
64810
64855
64884
64949
64970
65049
65079
65130
65130
65138
65150
65168
65191
65192
65209
65214
65216
65218
65224
65227
65246
65278
65330
65367
65391
65395
65425
65427
65448
65525
65529
65550
65561
65569
65600
65634
65635
65662
65712
65736
65785
65858
65892
65921
65979
65997
66005
66009
66012
66016
66042
66099
66113
66147
66195
66203
66250
66299
66419
66427
66450
66468
66535
66592
66631
66633
66725
66730
66731
66763
66824
66828
66846
66848
66919
66945
67008
67129
67140
67142
67165
67216
67290
67301
67371
67400
67423
67523
67525
67540
67547
67560
67574
67602
67649
67663
67684
67740
67802
67807
67810
67896
67999
68024
68036
68049
68066
68102
68105
68116
68196
68230
68252
68258
68263
68297
68331
68390
68422
68426
68432
68452
68489
68556
68600
68617
68620
68631
68715
68796
68798
68815
68854
68870
68937
68940
69002
69017
69046
69097
69163
69170
69200
69233
69274
69295
69328
69393
69428
69433
69448
69451
69504
69554
69577
69617
69684
69689
69693
69721
69737
69747
69771
69781
69820
69858
69882
69920
69921
70020
70053
70109
70145
70196
70277
70339
70370
70389
70419
70446
70468
70476
70510
70538
70561
70566
70589
70690
70698
70723
70841
70889
70906
70909
70933
70962
70966
70967
71024
71074
71106
71138
71256
71295
71312
71313
71364
71385
71386
71391
71393
71419
71439
71556
71558
71612
71702
71724
71745
71820
71872
71890
71924
72000
72046
72272
72312
72471
72637
72659
72702
72765
72795
72799
72883
72970
73011
73125
73177
73186
73192
73214
73243
73288
73383
73419
73423
73424
73487
73517
73551
73591
73669
73758
73909
73910
73964
73968
74097
74292
74326
74373
74375
74393
74398
74413
74476
74568
74582
74693
74757
74842
74865
74919
74928
75014
75020
75088
75156
75206
75215
75336
75386
75419
75453
75470
75492
75521
75547
75830
75858
75890
75901
75909
75917
75997
76057
76079
76149
76270
76354
76404
76417
76448
76526
76531
76657
76863
76909
76956
77106
77121
77169
77245
77287
77425
77455
77518
77575
77727
77813
77819
77859
77892
77930
77993
78119
78174
78178
78285
78313
78326
78356
78363
78471
78483
78579
78589
78594
78712
78722
78823
78830
78840
78907
79014
79131
79153
79243
79334
79459
79560
79599
79600
79648
79672
79725
79743
79874
79898
79915
80001
80056
80065
80122
80127
80160
80176
80218
80229
80242
80476
80546
80558
80619
80647
80673
80810
80849
80881
80914
80920
81048
81058
81200
81249
81252
81408
81418
81608
81642
81712
81721
81792
81826
81892
81936
82145
82162
82213
82265
82295
82341
82403
82406
82418
82487
82491
82495
82512
82519
82590
82689
82761
82808
82814
82819
82859
82880
82903
82942
82953
82993
82998
83038
83084
83142
83163
83206
83277
83404
83424
83689
83751
83776
83842
83897
83942
83955
84274
84317
84421
84497
84497
84547
84549
84628
84663
84701
84802
84852
84883
84935
84970
85174
85262
85360
85463
85535
85805
85839
85966
86195
-1
