522
1303
20079
20207
21269
21344
21474
23459
25017
25225
25492
25651
25728
25941
26074
26470
26522
26542
26662
26850
27315
27601
27792
27798
27811
27947
28135
28213
28311
28376
28421
28484
28499
28649
28737
28755
28773
28799
28833
28903
28927
28961
28968
29049
29150
29174
29176
29230
29265
29376
29449
29474
29651
29655
29658
29707
29723
29757
29832
29905
29963
29986
30055
30129
30155
30228
30246
30246
30248
30257
30299
30370
30394
30403
30416
30436
30480
30487
30512
30559
30629
30672
30679
30712
30740
30743
30749
30767
30780
30788
30789
30808
30863
30912
30947
30949
30983
30994
31013
31104
31106
31120
31122
31141
31161
31167
31177
31203
31212
31224
31243
31268
31294
31298
31300
31318
31324
31339
31348
31367
31376
31383
31385
31400
31414
31416
31430
31471
31474
31544
31559
31562
31568
31572
31630
31657
31751
31760
31778
31816
31820
31841
31889
31924
31935
31988
31993
32001
32001
32010
32046
32058
32120
32126
32148
32160
32217
32255
32259
32337
32405
32406
32443
32453
32461
32464
32467
32535
32596
32641
32657
32750
32802
32865
32874
32875
32897
32919
32929
32937
32962
32975
33013
33032
33038
33058
33082
33093
33101
33134
33268
33339
33373
33399
33424
33437
33499
33508
33612
33814
33829
33904
33981
34074
34091
34101
34205
34213
34230
34240
34284
34332
34343
34368
34380
34453
34458
34468
34495
34504
34588
34634
34675
34699
34716
34744
34783
34794
34840
34849
34875
34914
34936
34937
34960
34978
34992
35033
35067
35070
35110
35145
35174
35324
35341
35383
35421
35486
35520
35550
35562
35574
35630
35654
35656
35683
35712
35723
35757
35763
35857
35924
35957
35989
36047
36054
36068
36138
36152
36177
36236
36236
36253
36256
36306
36358
36373
36437
36459
36493
36497
36507
36525
36528
36536
36561
36623
36695
36720
36722
36775
36802
36813
36828
36862
36875
36886
36913
36942
36950
36975
36976
36978
37026
37056
37099
37153
37178
37182
37194
37197
37232
37245
37249
37286
37305
37305
37336
37359
37376
37385
37386
37450
37478
37490
37495
37508
37522
37594
37636
37662
37710
37711
37717
37744
37785
37787
37794
37833
37845
37845
37863
37881
37910
37911
37950
37967
38022
38054
38062
38076
38137
38148
38184
38185
38215
38260
38294
38303
38314
38328
38331
38356
38356
38360
38377
38403
38436
38446
38452
38490
38529
38552
38552
38577
38629
38645
38704
38707
38708
38769
38813
38824
38825
38839
38896
38918
38934
38935
38953
39009
39050
39085
39097
39132
39177
39186
39187
39328
39349
39423
39425
39427
39435
39463
39506
39507
39539
39540
39549
39557
39570
39592
39596
39645
39705
39713
39715
39729
39803
39807
39808
39810
39858
39869
39883
39886
39910
39913
39943
40020
40040
40065
40118
40134
40151
40165
40166
40244
40264
40287
40317
40395
40440
40523
40573
40596
40637
40646
40681
40712
40730
40746
40829
40852
40961
40999
41002
41011
41026
41038
41054
41180
41247
41249
41313
41313
41332
41333
41334
41431
41437
41443
41447
41505
41509
41521
41522
41541
41579
41592
41607
41634
41635
41654
41664
41677
41700
41801
41817
41840
41867
41887
41902
41916
41922
41942
41978
41980
41995
42089
42100
42126
42138
42161
42192
42214
42312
42315
42349
42555
42580
42589
42595
42637
42638
42668
42756
42838
42848
42876
42932
42967
42973
43001
43033
43044
43077
43115
43151
43162
43186
43229
43254
43293
43326
43335
43353
43365
43417
43449
43450
43564
43593
43653
43679
43709
43735
43803
43811
43825
43830
43835
43851
43886
43938
43948
43957
43968
43989
44073
44092
44107
44128
44205
44209
44211
44252
44314
44400
44422
44449
44464
44467
44480
44482
44491
44499
44508
44536
44596
44633
44643
44688
44689
44737
44746
44752
44843
44928
44939
45060
45067
45068
45121
45190
45238
45249
45250
45260
45322
45353
45385
45427
45454
45499
45511
45584
45618
45685
45810
45849
45866
45900
45906
45923
45925
45991
46074
46114
46120
46121
46138
46159
46173
46174
46185
46198
46213
46226
46245
46263
46277
46287
46295
46306
46312
46317
46341
46439
46561
46645
46675
46773
46847
46851
46854
46892
46900
46992
47060
47139
47148
47176
47238
47247
47272
47279
47304
47311
47339
47392
47400
47430
47452
47497
47514
47544
47546
47625
47653
47662
47681
47698
47700
47717
47743
47764
47800
47809
47837
47910
47949
48025
48028
48076
48078
48126
48223
48225
48228
48287
48319
48380
48511
48531
48542
48597
48627
48744
48850
49051
49057
49111
49124
49167
49195
49225
49278
49343
49385
49389
49427
49439
49466
49477
49493
49568
49588
49647
49649
49730
49750
49786
49815
49850
49877
49922
49927
49958
49979
50025
50063
50141
50194
50230
50276
50328
50384
50386
50451
50475
50476
50484
50514
50515
50554
50642
50690
50693
50743
50766
50774
50862
51034
51068
51083
51088
51089
51121
51121
51144
51173
51175
51181
51194
51213
51227
51286
51356
51413
51456
51468
51487
51555
51557
51558
51571
51571
51577
51605
51617
51624
51643
51671
51687
51710
51777
51777
51805
51813
51830
51851
51910
51969
51989
51994
52035
52044
52056
52167
52218
52259
52286
52289
52348
52397
52407
52443
52447
52460
52496
52585
52616
52768
52868
52875
52875
52902
52915
52955
52991
53018
53048
53133
53171
53206
53326
53352
53368
53389
53501
53570
53580
53589
53593
53603
53606
53620
53641
53667
53694
53743
53755
53808
53894
53963
53969
54039
54094
54105
54108
54148
54312
54319
54332
54337
54364
54376
54395
54414
54416
54419
54463
54504
54519
54553
54575
54586
54646
54646
54649
54651
54663
54701
54701
54802
54812
54814
54857
54901
54946
54948
54989
54998
55006
55063
55070
55081
55118
55140
55154
55277
55289
55365
55391
55458
55489
55506
55526
55583
55615
55624
55635
55652
55680
55729
55737
55761
55785
55787
55789
55836
55867
55868
55874
55905
55922
55999
56016
56043
56060
56107
56109
56152
56169
56271
56363
56406
56526
56534
56569
56588
56592
56607
56628
56638
56651
56688
56712
56714
56754
56826
56889
56927
56934
56938
57077
57117
57122
57146
57170
57171
57198
57203
57207
57235
57242
57272
57290
57322
57340
57351
57356
57362
57467
57481
57490
57493
57533
57542
57569
57591
57601
57702
57716
57720
57763
57770
57775
57783
57792
57805
57878
57880
57894
57896
57945
57948
57950
57964
57972
57987
57991
58008
58014
58033
58100
58169
58179
58195
58204
58244
58264
58292
58298
58298
58305
58331
58372
58407
58408
58418
58431
58436
58473
58483
58484
58504
58526
58546
58608
58648
58648
58663
58673
58706
58745
58751
58766
58769
58773
58773
58780
58784
58814
58832
58866
58895
58899
58901
58928
58950
58971
58975
59009
59052
59093
59107
59120
59130
59144
59144
59159
59199
59207
59238
59250
59251
59296
59310
59310
59355
59367
59417
59422
59437
59451
59465
59469
59492
59525
59579
59582
59638
59667
59672
59679
59690
59698
59722
59754
59774
59778
59817
59842
59878
59903
59922
59934
59992
59994
60002
60002
60019
60053
60108
60118
60143
60147
60168
60185
60191
60194
60202
60204
60204
60219
60221
60257
60294
60298
60304
60307
60312
60323
60332
60356
60385
60406
60408
60421
60424
60428
60437
60454
60466
60470
60499
60536
60564
60606
60613
60618
60618
60625
60644
60649
60668
60694
60698
60771
60782
60801
60803
60814
60843
60877
60890
60912
60923
60970
60976
61035
61038
61038
61040
61053
61080
61082
61110
61138
61140
61162
61179
61191
61200
61227
61230
61233
61272
61290
61295
61328
61378
61464
61476
61529
61535
61583
61586
61594
61602
61603
61626
61658
61662
61679
61709
61711
61751
61758
61769
61842
61849
61907
61922
61925
61927
61934
61959
62009
62011
62016
62020
62034
62065
62067
62148
62156
62158
62163
62189
62217
62242
62290
62296
62317
62333
62360
62365
62391
62401
62437
62452
62472
62482
62507
62547
62601
62624
62631
62642
62658
62726
62762
62817
62847
62876
62937
63008
63011
63051
63085
63103
63109
63126
63170
63178
63213
63235
63250
63259
63324
63326
63356
63362
63372
63394
63430
63435
63511
63536
63539
63540
63550
63558
63559
63592
63609
63619
63693
63700
63739
63764
63824
63830
63861
63895
63962
64006
64019
64024
64032
64035
64064
64066
64087
64149
64193
64250
64285
64286
64295
64314
64329
64335
64361
64375
64430
64447
64518
64534
64537
64619
64633
64645
64646
64662
64697
64700
64708
64713
64739
64758
64772
64791
64795
64891
64957
64962
64967
64970
64971
65012
65023
65055
65060
65116
65189
65202
65204
65207
65263
65306
65374
65381
65485
65499
65517
65523
65528
65587
65610
65644
65682
65702
65761
65765
65772
65816
65841
65859
65910
65928
65942
65960
65996
66055
66056
66075
66076
66096
66134
66187
66223
66253
66261
66271
66471
66524
66582
66611
66626
66741
66742
66804
66856
66984
67017
67022
67044
67048
67110
67150
67167
67221
67262
67285
67369
67394
67439
67489
67613
67651
67660
67712
67765
67773
67823
67823
67839
67890
67930
67952
68044
68051
68071
68174
68195
68252
68348
68436
68484
68490
68539
68550
68712
68759
68808
68859
68876
68909
68947
68991
68997
69010
69058
69062
69077
69140
69183
69205
69246
69288
69315
69351
69464
69518
69559
69636
69701
69711
69732
69825
69869
69879
69931
69971
69978
70005
70033
70101
70116
70152
70301
70325
70353
70387
70407
70492
70518
70698
70699
70819
70821
70838
70891
70899
70951
70953
70968
71001
71137
71277
71294
71336
71432
71498
71543
71573
71595
71612
71642
71690
71758
71773
71807
71882
71947
71966
72042
72048
72065
72137
72170
72213
72235
72269
72312
72453
72532
72569
72614
72764
72977
73189
73222
73299
73309
73349
73382
73439
73644
73747
73803
74095
74200
74225
74261
74268
74270
74311
74323
74345
74369
74395
74520
74651
74680
74699
74715
74753
74832
74853
75046
75108
75235
75271
75584
75957
76035
76070
76154
76457
76480
76628
77394
77578
77602
77783
78279
78310
78315
78395
78424
78438
79004
79381
79431
79487
79515
79560
79735
79791
79870
80041
80042
80045
80147
80324
80325
80439
80476
80477
80663
80712
80717
80824
80861
80925
80934
80939
81115
81185
81240
81278
81342
81584
81663
81690
81941
82118
82164
82170
82224
82324
82415
82491
82503
82532
82540
82738
82849
82961
82971
82999
83120
83208
83248
83305
83376
83561
83570
83672
83675
83752
83821
83872
83925
83948
83974
84000
84034
84051
84078
84211
84312
84389
84445
84515
84535
84659
84738
84768
84861
85008
85030
85128
85132
85238
85241
85319
85378
85380
85394
85399
85402
85404
85462
85621
85641
85739
85755
85787
86243
86288
-1
