44374
51838
56903
62503
63335
64213
65253
65421
67699
67909
68464
68493
68632
68667
68669
68685
68758
68783
68800
68806
68821
68845
68969
69010
69023
69126
69268
69269
69345
69510
69581
69634
69635
69670
69689
69813
69819
69829
69844
70016
70039
70081
70089
70119
70133
70173
70258
70260
70288
70350
70362
70548
70607
70610
70654
70681
70713
70749
70820
70868
70923
70927
70952
70959
71075
71082
71099
71165
71169
71174
71214
71224
71299
71462
71492
71543
71577
71611
71651
71865
71893
71959
72127
72188
72246
72259
72259
72360
72408
72553
72566
72656
72667
72757
72877
72902
73058
73072
73163
73231
73296
73352
73404
73588
73842
73884
74009
74201
74232
74261
74408
74444
74469
74603
74660
74742
74824
74885
74900
74909
74968
75005
75104
75105
75148
75256
75446
75482
75685
75708
75774
75852
75867
75882
75897
75923
76076
76077
76133
76210
76297
76331
76336
76511
76786
76933
77093
77128
77518
77623
77839
77973
78232
78313
78556
78877
78878
78976
79256
79294
79367
79557
79589
79626
79788
80033
80228
80418
80530
80712
81146
81174
81683
81709
81779
81862
82160
82231
82282
82348
82480
82539
82632
82645
82748
82801
82906
83070
83074
83240
83307
83312
83493
83622
83964
84143
84433
84741
84924
85123
85192
85355
85392
85487
85602
85631
85915
-1
