101
125
23732
24585
25037
25090
25216
25429
25575
25869
25963
26038
26328
26474
26667
26867
27018
27182
27220
27629
27866
27875
28360
28364
28666
28688
28791
28879
28922
28943
29145
29170
29173
29297
29299
29375
29423
29600
29687
29690
29712
29804
29900
29911
29959
30034
30139
30189
30213
30333
30347
30367
30406
30414
30504
30506
30676
30770
30800
30842
30974
31181
31270
31276
31360
31367
31371
31388
31396
31402
31408
31446
31468
31526
31594
31623
31652
31689
31702
31712
31770
31771
31828
31833
31893
31896
32031
32113
32205
32219
32241
32284
32354
32365
32373
32378
32487
32513
32527
32699
32818
32862
32890
32892
32908
32941
32953
32985
33223
33240
33270
33313
33403
33448
33460
33527
33536
33622
33735
33858
33894
33909
34016
34035
34096
34109
34138
34186
34239
34304
34329
34359
34386
34498
34540
34572
34607
34631
34738
34751
34841
34912
34955
34976
35030
35069
35107
35112
35148
35168
35173
35209
35209
35296
35301
35329
35341
35356
35389
35406
35412
35485
35518
35541
35602
35617
35636
35649
35718
35735
35775
35787
35826
35864
35892
35938
35965
36013
36017
36018
36061
36084
36102
36146
36162
36192
36207
36221
36240
36352
36566
36756
36816
36827
36836
36861
36928
36934
36937
37030
37034
37039
37041
37059
37155
37163
37170
37212
37262
37292
37298
37314
37319
37336
37375
37436
37447
37510
37518
37530
37642
37747
37752
37754
37803
37807
37851
37945
38000
38130
38137
38150
38156
38204
38222
38230
38257
38257
38303
38350
38382
38428
38444
38502
38532
38607
38657
38666
38721
38840
38887
38910
39014
39037
39051
39072
39097
39127
39127
39201
39281
39307
39329
39341
39387
39389
39399
39421
39519
39527
39678
39793
39827
39852
39891
39929
39986
40005
40011
40017
40035
40040
40133
40142
40204
40208
40237
40238
40315
40320
40377
40382
40393
40570
40576
40603
40640
40649
40651
40664
40664
40691
40707
40745
40758
40767
40809
40818
40867
41106
41121
41133
41136
41219
41304
41369
41443
41453
41504
41588
41599
41631
41681
41699
41781
41817
41848
41882
41929
41937
41975
41982
42030
42091
42143
42196
42236
42264
42269
42346
42423
42450
42469
42542
42546
42673
42674
42765
42834
42869
42875
42954
42987
43027
43031
43035
43134
43248
43511
43518
43519
43535
43541
43572
43587
43594
43677
43680
43688
43695
43792
43843
44025
44085
44135
44143
44146
44235
44346
44354
44412
44500
44509
44529
44568
44589
44615
44619
44684
44692
44719
44734
44810
44836
44843
44859
44890
44941
45030
45142
45155
45166
45173
45192
45322
45430
45483
45505
45695
45789
45822
45908
45948
45987
46022
46022
46083
46103
46288
46322
46335
46378
46415
46449
46480
46494
46510
46551
46609
46634
46691
46789
46797
46800
46833
46952
46954
47055
47100
47105
47170
47184
47242
47243
47396
47425
47542
47610
47613
47669
47672
47673
47746
47849
47888
47941
48043
48051
48082
48110
48198
48345
48494
48579
48580
48622
48631
48661
48696
48758
48806
48841
49074
49099
49106
49115
49208
49280
49306
49330
49398
49480
49505
49568
49693
49755
49839
49886
49888
49894
49943
49951
49964
49980
50078
50115
50123
50141
50238
50241
50255
50259
50282
50293
50397
50424
50440
50654
50694
50736
50783
50973
51061
51083
51084
51115
51194
51200
51202
51209
51256
51257
51287
51309
51345
51366
51385
51440
51484
51570
51586
51591
51666
51698
51710
51863
51912
52011
52033
52105
52116
52136
52151
52167
52219
52273
52336
52347
52373
52426
52442
52494
52497
52502
52564
52600
52612
52625
52651
52677
52722
52825
52860
52920
52939
52973
52973
53032
53038
53053
53093
53113
53153
53188
53190
53252
53311
53335
53492
53527
53573
53591
53659
53663
53667
53674
53712
53755
53758
53778
53794
53802
53814
53834
53842
53851
53872
53934
53983
54001
54009
54026
54037
54084
54195
54217
54225
54239
54277
54299
54333
54348
54395
54551
54571
54687
54719
54725
54751
54754
54863
54888
54908
54940
54987
55018
55053
55069
55150
55191
55198
55268
55315
55316
55328
55355
55416
55443
55461
55540
55605
55608
55669
55725
55794
55877
55892
55920
55932
55951
55973
55975
56006
56015
56028
56050
56103
56121
56125
56166
56184
56225
56247
56282
56301
56301
56325
56337
56372
56409
56420
56447
56472
56594
56614
56648
56675
56680
56684
56699
56720
56832
57015
57070
57173
57196
57199
57238
57327
57356
57357
57362
57369
57371
57407
57430
57534
57556
57593
57604
57648
57697
57732
57740
57824
57899
57928
57934
57938
57960
57964
58031
58037
58057
58064
58065
58110
58137
58247
58299
58330
58346
58363
58385
58386
58403
58411
58470
58472
58481
58510
58516
58547
58554
58560
58594
58595
58611
58637
58684
58700
58722
58743
58755
58779
58787
58878
58907
58928
58932
58940
58951
58961
59004
59018
59031
59035
59043
59048
59065
59072
59081
59121
59132
59158
59170
59208
59283
59297
59324
59331
59348
59423
59425
59444
59447
59481
59517
59529
59581
59649
59655
59658
59674
59682
59744
59787
59849
59855
59881
59889
59890
59892
59986
59987
60067
60102
60136
60210
60221
60255
60259
60307
60310
60379
60416
60511
60634
60652
60712
60727
60731
60778
60790
60795
60873
60886
60912
60922
60936
61000
61016
61051
61151
61199
61229
61233
61456
61475
61490
61558
61642
61692
61801
61821
61862
61879
61882
61895
61897
61915
61998
62037
62050
62057
62077
62089
62094
62175
62383
62411
62494
62524
62581
62582
62655
62672
62763
62785
62831
62858
62887
62933
62948
62965
62979
63071
63123
63156
63174
63213
63240
63243
63252
63305
63351
63374
63381
63435
63498
63585
63612
63684
63792
63845
63872
63911
63937
63998
64038
64078
64119
64124
64158
64167
64345
64351
64401
64438
64506
64521
64545
64584
64618
64672
64701
64720
64763
64778
64824
64824
64905
64913
64917
64927
64944
64997
65125
65166
65231
65306
65402
65404
65428
65470
65619
65652
65658
65713
65783
65805
65985
65998
66001
66155
66272
66308
66510
66535
66603
66626
66660
66734
66869
66932
67045
67055
67076
67197
67210
67328
67411
67511
67584
67587
67710
67733
67735
67748
67849
67853
67895
67981
67998
68034
68194
68257
68458
68492
68495
68551
68595
68597
68639
68640
68672
68683
68703
68721
68755
68816
68923
69031
69360
69374
69383
69412
69491
69496
69512
69533
69583
69644
69686
69710
69712
69806
69851
69940
70033
70048
70193
70463
70535
70605
70644
70661
70689
70727
70916
70925
70952
70982
71007
71037
71067
71087
71144
71246
71412
71451
71525
71538
71608
71642
71873
71904
71984
72030
72198
72227
72298
72346
72370
72433
72700
72727
72799
72832
73373
73407
73679
73863
73996
74225
74236
74427
74682
74696
74768
74790
74840
74951
75014
75042
75251
75301
75334
75430
75599
75714
75736
75768
75851
75924
75971
76201
76336
76463
76536
76577
76593
76928
76996
77025
77064
77117
77148
77188
77288
77333
77504
77514
77545
77546
77608
77678
77799
77831
77988
77990
78102
78212
78462
78646
78694
78790
78958
79028
79059
79079
79082
79129
79283
79308
79372
79460
79497
79543
79768
79900
80098
80279
80327
80467
80508
80536
80554
80657
80712
80723
80758
80846
80852
80914
80997
81000
81025
81035
81240
81282
81365
81545
81643
81737
81789
81847
81940
81982
82011
82051
82102
82134
82332
82370
82445
82490
82506
82959
83215
83329
83491
83571
83597
83695
83703
83887
84044
84218
84231
84274
84341
84475
84511
84518
84591
84673
84681
84758
84849
84860
84951
85001
85049
85120
85208
85294
85447
85500
85577
85686
85901
85902
86137
86189
-1
