23
141
528
3123
3168
4268
4310
25554
25944
26034
26074
26075
26216
26547
26584
26685
27415
27453
27606
27882
27922
28056
28444
28473
28549
28697
28781
28867
28897
28942
29118
29126
29221
29261
29269
29430
29575
29612
29619
29623
29628
29641
29660
29746
29756
29786
29970
29975
30055
30084
30121
30139
30142
30170
30210
30220
30285
30286
30300
30345
30350
30388
30467
30495
30530
30566
30607
30688
30700
30752
30753
30809
30824
30866
30906
30972
31000
31016
31051
31124
31170
31292
31301
31356
31363
31459
31517
31557
31582
31611
31628
31638
31646
31656
31662
31667
31691
31694
31702
31721
31730
31792
31802
31824
31851
31857
31911
31929
31959
31977
31982
31998
32019
32142
32170
32207
32327
32442
32461
32462
32566
32627
32645
32657
32683
32685
32689
32719
32764
32801
32879
32887
32975
33010
33039
33098
33141
33144
33147
33158
33177
33183
33244
33282
33405
33440
33480
33517
33541
33600
33655
33666
33774
33785
33798
33848
33874
33894
33923
33969
33985
34084
34125
34146
34174
34190
34211
34225
34234
34321
34411
34435
34478
34492
34532
34542
34575
34609
34610
34660
34678
34683
34684
34724
34740
34786
34808
34913
34927
34932
34966
34988
35043
35074
35088
35106
35200
35219
35222
35234
35239
35254
35273
35300
35334
35367
35378
35404
35410
35410
35451
35459
35492
35525
35544
35559
35578
35606
35628
35657
35660
35667
35698
35698
35745
35762
35860
35862
35888
35899
35928
35970
36063
36113
36121
36133
36157
36164
36170
36195
36219
36230
36244
36258
36324
36481
36491
36500
36569
36592
36622
36627
36648
36756
36764
36794
36819
36862
36867
36879
36892
36895
36944
36964
36973
37036
37052
37071
37083
37108
37127
37147
37152
37258
37264
37277
37305
37308
37328
37435
37504
37522
37553
37577
37609
37611
37638
37655
37695
37712
37740
37749
37777
37807
37819
37831
37863
37864
37902
37947
37976
37979
37996
38024
38048
38078
38118
38122
38127
38212
38229
38276
38278
38324
38335
38362
38370
38372
38377
38534
38580
38680
38690
38746
38762
38804
38888
38948
38987
39006
39082
39113
39131
39143
39182
39193
39301
39365
39368
39394
39412
39429
39432
39493
39567
39567
39602
39690
39774
39792
39907
39927
40005
40037
40039
40171
40240
40313
40392
40455
40481
40483
40515
40528
40585
40636
40652
40807
40812
40914
40928
40942
40989
41091
41115
41154
41157
41161
41180
41187
41194
41211
41213
41220
41264
41296
41324
41333
41429
41453
41522
41527
41528
41634
41744
41783
41821
41821
41823
41868
41890
42077
42088
42147
42172
42210
42330
42344
42348
42372
42436
42436
42467
42472
42491
42495
42543
42543
42559
42561
42570
42573
42682
42691
42698
42710
42745
42783
42867
42923
42939
43038
43054
43074
43097
43117
43136
43183
43258
43401
43431
43437
43466
43540
43647
43667
43710
43714
43827
43830
43837
43859
43889
43903
43949
44016
44118
44130
44145
44177
44194
44286
44341
44361
44362
44363
44374
44377
44427
44486
44487
44578
44579
44588
44771
44828
44890
44898
44936
44960
44973
44977
45016
45026
45067
45237
45292
45315
45350
45359
45472
45485
45567
45579
45617
45626
45639
45643
45661
45699
45720
45752
45821
45826
45828
45921
45962
45999
46031
46093
46096
46138
46171
46359
46388
46400
46491
46503
46570
46572
46580
46595
46726
46788
46933
47029
47044
47079
47092
47113
47210
47228
47239
47274
47277
47301
47378
47495
47573
47592
47592
47677
47697
47711
47771
47781
47813
47879
47974
48012
48021
48067
48117
48135
48145
48158
48169
48170
48170
48186
48228
48261
48288
48334
48393
48480
48557
48570
48573
48584
48630
48638
48750
48812
48818
48912
48916
48960
49027
49052
49059
49077
49091
49154
49188
49218
49240
49257
49334
49352
49368
49376
49418
49526
49586
49626
49658
49699
49764
49778
49798
49807
49909
49914
49968
50058
50082
50105
50164
50174
50232
50232
50255
50257
50334
50348
50350
50355
50356
50359
50359
50367
50529
50586
50654
50681
50703
50767
50767
50811
50817
50902
50939
50960
50968
50979
51055
51062
51087
51150
51169
51195
51231
51253
51274
51286
51291
51323
51327
51339
51354
51376
51437
51469
51525
51540
51548
51560
51643
51651
51679
51691
51708
51812
51918
51933
51947
51949
51987
51997
52029
52051
52114
52141
52211
52279
52283
52330
52355
52356
52396
52443
52458
52480
52534
52572
52575
52596
52661
52731
52737
52790
52819
52893
52912
52954
52981
53011
53012
53015
53031
53043
53062
53136
53168
53174
53190
53204
53229
53240
53243
53261
53281
53282
53286
53472
53513
53630
53640
53646
53651
53682
53728
53762
53779
53823
53846
53868
53897
53907
53923
53943
53949
53960
54016
54016
54045
54045
54052
54066
54142
54167
54221
54237
54262
54315
54339
54362
54417
54429
54446
54448
54499
54501
54575
54618
54619
54645
54662
54707
54735
54766
54775
54794
54806
54910
54919
54959
54976
54977
54978
54980
55009
55037
55171
55201
55298
55320
55360
55361
55403
55416
55422
55455
55476
55490
55513
55527
55532
55573
55588
55592
55620
55630
55689
55702
55748
55753
55795
55823
55853
55918
55953
55956
55980
56007
56030
56051
56057
56062
56075
56130
56152
56210
56216
56260
56271
56290
56293
56357
56400
56412
56480
56548
56564
56565
56612
56694
56749
56805
56814
56882
56942
56950
56968
57052
57055
57068
57112
57149
57156
57164
57165
57175
57223
57341
57343
57421
57448
57621
57626
57658
57669
57713
57723
57727
57736
57758
57781
57805
57876
57883
57886
58000
58017
58084
58087
58167
58251
58280
58313
58337
58344
58438
58496
58525
58528
58566
58567
58578
58684
58720
58736
58757
58779
58798
58808
58877
58879
58882
58905
58918
58971
59120
59135
59205
59209
59216
59232
59346
59349
59400
59419
59449
59459
59487
59573
59620
59622
59626
59765
59770
59793
59833
59852
59896
59952
59979
60023
60041
60172
60196
60215
60228
60364
60405
60500
60540
60611
60669
60716
60756
60767
60803
60881
60900
60915
60988
60990
60996
61014
61122
61127
61214
61220
61249
61334
61382
61398
61485
61519
61532
61554
61556
61566
61725
61836
61879
61916
62152
62153
62243
62282
62330
62369
62384
62385
62429
62476
62553
62580
62683
62691
62762
62842
62869
62997
63022
63053
63060
63076
63092
63124
63183
63205
63284
63449
63530
63530
63617
63657
63684
63700
63709
63710
63714
63724
63728
63765
63773
63778
63790
63843
63909
64021
64075
64129
64156
64179
64200
64346
64362
64556
64573
64591
64702
64746
64747
64751
64763
64821
64856
64972
64978
65028
65045
65062
65105
65146
65238
65259
65385
65400
65456
65545
65676
65727
65761
65854
65895
65908
65931
65949
65971
66025
66136
66206
66235
66503
66537
66547
66583
66649
66672
66826
66851
66871
66969
67081
67092
67162
67234
67315
67364
67410
67434
67483
67493
67514
67534
67638
67835
67872
67952
68002
68274
68276
68346
68427
68540
68541
68669
68694
68720
68838
68862
68869
68873
68921
69065
69189
69315
69374
69459
69500
69519
69569
69575
69578
69579
69583
69632
69741
69831
69893
69897
69917
69953
69965
70152
70157
70257
70259
70283
70288
70326
70348
70404
70504
70578
70598
70632
70661
70691
70699
70706
70736
70758
70888
71129
71164
71188
71248
71312
71480
71506
71657
71707
71760
71763
71776
71945
71977
72014
72129
72131
72132
72199
72262
72290
72513
72569
72660
72853
72919
72972
73008
73116
73130
73233
73320
73348
73378
73474
73600
73642
73895
73929
74108
74244
74287
74316
74382
74532
74719
74754
74857
74877
75013
75083
75207
75416
75492
75528
75688
75746
75803
75836
75944
75992
76007
76018
76054
76106
76125
76172
76207
76235
76264
76679
76826
76958
77107
77194
77200
77327
77429
77462
77487
77500
77573
77893
77943
78045
78104
78148
78199
78402
78413
78567
78604
78696
78724
78802
79064
79435
79534
79649
79689
79695
79809
79948
80032
80063
80094
80184
80186
80360
80447
80579
80617
80793
80904
80906
81467
81558
81560
81591
81727
81739
81818
81838
81897
82037
82233
82244
82264
82349
82550
82610
82645
82743
82899
82980
83056
83094
83128
83163
83186
83209
83219
83224
83265
83305
83323
83399
83577
83664
83742
83747
83915
83947
83956
84049
84112
84180
84476
84548
84607
84609
84630
84703
84717
84718
84755
84768
84772
84826
84999
85068
85361
85381
85479
85607
85748
85890
85961
86144
86304
86326
-1
