62
1044
4492
4539
7496
9467
18182
24832
25096
25349
25410
25462
25753
25822
26153
26433
26890
26933
26966
27049
27107
27433
27570
27744
28013
28056
28169
28249
28316
28340
28353
28403
28459
28489
28722
28723
28724
28783
28801
29016
29179
29183
29542
29616
29690
29755
29854
29971
30038
30079
30222
30321
30375
30376
30394
30450
30546
30555
30576
30793
30803
30850
30884
30949
31025
31039
31088
31120
31129
31140
31291
31336
31428
31433
31436
31529
31539
31552
31593
31616
31643
31653
31656
31664
31671
31680
31869
31944
32003
32038
32121
32173
32179
32208
32246
32280
32346
32394
32465
32505
32536
32587
32629
32633
32662
32734
32746
32789
32920
32927
32955
33002
33016
33055
33083
33107
33149
33157
33213
33232
33263
33278
33301
33328
33349
33363
33392
33423
33430
33449
33466
33468
33587
33730
33731
33740
33767
33837
33914
33948
33984
33985
34046
34062
34065
34094
34113
34165
34171
34237
34256
34338
34349
34380
34421
34466
34468
34520
34557
34587
34634
34737
34828
34851
34852
34945
34975
35007
35034
35052
35071
35084
35152
35193
35356
35408
35467
35526
35624
35640
35662
35767
35810
35853
35861
35922
35923
35966
35979
36102
36162
36184
36214
36227
36239
36268
36281
36357
36395
36461
36462
36466
36476
36487
36496
36603
36607
36610
36644
36645
36686
36700
36727
36768
36769
36810
36819
36831
36883
36950
36972
37004
37006
37079
37102
37110
37130
37142
37144
37184
37186
37232
37299
37347
37366
37380
37382
37423
37530
37548
37591
37621
37624
37648
37708
37712
37728
37776
37796
37808
37814
37848
37868
37871
37899
37964
38051
38123
38125
38214
38222
38259
38261
38262
38269
38270
38285
38310
38315
38362
38424
38443
38453
38468
38469
38473
38490
38609
38712
38713
38744
38752
38755
38783
38826
38915
38936
39041
39059
39126
39127
39132
39135
39149
39156
39169
39187
39206
39282
39408
39424
39434
39448
39451
39537
39598
39678
39679
39698
39924
39951
39951
40036
40093
40108
40110
40169
40199
40212
40231
40269
40323
40353
40500
40697
40712
40718
40739
40785
40788
40806
40840
40860
40896
40992
40992
41154
41156
41169
41188
41190
41217
41296
41297
41300
41402
41410
41446
41451
41582
41592
41609
41618
41626
41652
41751
41756
41779
41788
41791
41846
41866
41878
41902
41916
41965
42047
42071
42118
42130
42165
42247
42259
42289
42340
42374
42397
42401
42417
42457
42512
42553
42571
42571
42585
42780
42827
42852
43006
43057
43087
43096
43291
43369
43411
43445
43465
43469
43514
43732
43734
43770
43779
43822
43834
43922
43957
43997
44008
44096
44206
44209
44283
44289
44290
44316
44365
44404
44477
44498
44539
44588
44664
44669
44706
44711
44723
44756
44806
44846
44916
44961
44963
44999
45011
45063
45173
45206
45248
45384
45496
45590
45629
45667
45677
45706
45792
45798
45922
45970
45987
46087
46146
46178
46196
46274
46456
46477
46484
46595
46612
46624
46632
46666
46815
46891
46903
46906
46997
47019
47064
47074
47155
47198
47256
47281
47342
47352
47435
47627
47671
47673
47714
47735
47737
47738
47758
47860
47956
47991
48011
48035
48065
48070
48092
48102
48130
48170
48230
48257
48277
48316
48340
48351
48410
48470
48501
48523
48552
48591
48599
48604
48612
48649
48655
48681
48692
48694
48710
48721
48729
48795
48904
48916
48918
48926
48928
48982
49013
49047
49081
49137
49247
49262
49272
49280
49374
49470
49552
49616
49658
49668
49676
49717
49765
49791
49812
49843
49854
49862
49947
49994
50020
50066
50129
50147
50171
50190
50215
50222
50317
50346
50392
50427
50429
50444
50463
50488
50548
50560
50585
50586
50599
50617
50619
50641
50668
50843
50852
50932
50977
51030
51066
51071
51073
51150
51198
51200
51227
51233
51260
51294
51447
51519
51632
51646
51812
51861
51892
51916
51927
52016
52045
52055
52062
52077
52162
52299
52306
52332
52378
52409
52427
52444
52446
52456
52467
52514
52519
52784
52813
52820
52840
52842
52862
52881
53080
53100
53177
53210
53228
53263
53392
53408
53410
53438
53448
53465
53495
53503
53537
53583
53600
53675
53678
53700
53715
53792
53796
53803
53818
53821
53823
53871
53905
53963
53997
54006
54014
54024
54062
54113
54155
54166
54181
54205
54367
54450
54515
54550
54561
54600
54630
54761
54873
54941
54988
54994
55125
55155
55163
55169
55177
55220
55230
55267
55306
55363
55364
55381
55383
55402
55489
55539
55657
55698
55725
55764
55777
55835
55878
55931
56073
56088
56101
56151
56341
56383
56422
56442
56467
56469
56473
56515
56528
56555
56591
56628
56633
56671
56707
56714
56716
56718
56748
56790
56852
56882
56896
56899
56944
56952
57007
57088
57095
57171
57191
57267
57274
57291
57323
57336
57371
57407
57435
57510
57551
57583
57684
57712
57712
57730
57747
57759
57849
57860
57880
57974
58000
58018
58076
58080
58125
58161
58202
58238
58248
58261
58269
58287
58313
58361
58413
58417
58485
58485
58588
58635
58667
58670
58698
58711
58712
58749
58817
58878
58899
58900
58907
58937
58958
59005
59010
59020
59026
59027
59064
59075
59088
59109
59130
59188
59194
59215
59216
59258
59309
59355
59479
59493
59559
59561
59646
59674
59702
59724
59727
59784
59788
59844
59907
59927
60011
60030
60070
60072
60130
60175
60207
60293
60322
60379
60382
60503
60572
60582
60587
60587
60593
60597
60604
60626
60713
60793
60817
60846
60857
60877
60878
60884
60885
60890
60923
60980
61060
61070
61123
61140
61210
61295
61304
61311
61347
61350
61353
61395
61415
61449
61471
61509
61545
61546
61635
61688
61712
61723
61724
61847
61990
62007
62014
62015
62028
62080
62268
62371
62403
62458
62507
62540
62595
62599
62619
62678
62692
62757
62766
62833
62886
62906
62941
62947
62977
63037
63057
63064
63073
63107
63156
63183
63242
63321
63323
63429
63438
63465
63466
63512
63554
63706
63730
63746
63765
63781
63813
63826
63829
63830
63830
63843
63902
63909
63935
63945
63996
64083
64102
64195
64230
64243
64295
64300
64348
64351
64380
64401
64433
64489
64517
64521
64734
64811
64914
64917
65020
65150
65331
65339
65428
65433
65498
65548
65576
65597
65652
65702
65811
65812
65889
65908
65923
65991
66063
66151
66166
66184
66301
66319
66325
66509
66511
66533
66536
66539
66560
66561
66582
66607
66618
66707
66940
67048
67158
67196
67241
67242
67299
67393
67410
67419
67492
67532
67570
67731
67876
68014
68086
68306
68433
68647
68693
68965
69128
69226
69283
69655
69683
69732
69768
69808
69814
69838
69915
69917
69970
70019
70031
70064
70090
70099
70188
70229
70248
70413
70595
70656
70675
70707
70876
70943
70992
70996
71053
71182
71191
71551
71741
71781
71894
72572
72572
72842
73144
73463
73524
74108
74130
74175
74323
74359
74378
74553
74613
75057
75785
76174
76466
76815
76920
76931
76999
77037
77100
77125
77184
77205
77262
77324
77508
77536
77657
77665
77672
77673
77688
77743
77857
77880
78036
78097
78106
78144
78352
78398
78474
78525
78623
78630
78723
78761
78818
78884
79087
79322
79369
79383
79528
79644
79673
79747
80120
80155
80194
80384
80494
80645
80652
80692
80700
80820
80883
80901
80935
80946
81045
81093
81179
81207
81362
81439
81558
81688
81712
81764
81881
81978
82186
82249
82343
82465
82672
82681
82706
82778
82821
82971
83259
83431
83471
83499
83595
83618
83761
83839
84096
84126
84130
84232
84357
84359
84469
84564
84579
84882
84961
85022
85084
85146
85261
85367
85503
85713
86065
86103
-1
