9187
45208
65940
66153
68474
69336
69379
69388
69437
69521
69524
69627
69664
69683
69847
69965
69974
70102
70127
70158
70379
70430
70487
70600
70637
70788
70790
70810
70852
70890
70923
70936
70968
70991
71036
71054
71066
71069
71121
71182
71207
71223
71253
71273
71362
71396
71436
71460
71461
71629
71701
71711
71729
71758
71890
71900
71906
71929
71935
71944
71968
72022
72053
72069
72122
72128
72205
72249
72311
72612
72663
72709
73005
73047
73345
73353
73360
73539
73550
73722
73748
74010
74086
74132
74149
74165
74199
74258
74330
74365
74537
74556
74557
74655
74783
74821
74882
74974
75144
75174
75280
75300
75635
75999
76070
76136
76140
76356
76491
76526
76539
76613
76636
76659
76955
76989
77014
77122
77171
77330
77375
77530
77543
77579
77627
77690
77737
77742
77790
77890
77909
77925
78102
78414
78538
78647
78800
78899
78939
78951
79009
79070
79272
79305
79460
79526
79553
79601
79673
80057
80098
80282
80523
80546
80582
80687
80878
81207
81350
81457
81713
81997
82131
82159
82260
82268
82305
82411
82428
82529
82564
82702
82780
82850
82937
83151
83647
83780
83870
83873
83975
84057
84065
84532
84601
84641
84703
84709
84728
84964
85092
85117
85728
86388
-1
