345
563
4640
13567
24556
24613
25419
25436
25540
26061
26108
26269
26365
26627
26635
26861
26881
26906
27217
27430
27475
27570
28023
28135
28330
28425
28665
28800
28857
28962
29075
29141
29270
29327
29467
29472
29515
29548
29549
29572
29605
29695
29778
29832
29841
30016
30044
30140
30303
30380
30441
30447
30550
30593
30621
30657
30725
30779
30931
30995
31047
31048
31151
31211
31251
31308
31315
31321
31408
31414
31430
31456
31466
31503
31518
31538
31559
31627
31666
31684
31710
31900
32214
32325
32444
32512
32590
32677
32688
32705
32735
33120
33139
33154
33239
33324
33410
33431
33500
33529
33601
33719
33770
33802
33857
33882
33927
33935
34035
34044
34086
34135
34142
34157
34163
34263
34350
34400
34403
34467
34640
34713
34757
34810
34868
34948
34967
34969
34979
35035
35068
35134
35140
35167
35177
35301
35308
35336
35342
35371
35393
35694
35722
35789
35852
35902
35974
35982
36089
36213
36250
36296
36299
36370
36525
36571
36597
36613
36898
37014
37030
37060
37071
37133
37202
37224
37246
37337
37351
37362
37384
37411
37520
37690
37705
37780
37794
37854
37959
38082
38100
38136
38152
38198
38208
38305
38374
38449
38548
38613
38647
38742
38848
38862
38892
39029
39064
39107
39153
39211
39270
39412
39413
39491
39511
39555
39563
39577
39644
39650
39735
39743
39770
39793
39966
40000
40085
40131
40184
40318
40337
40441
40492
40500
40518
40723
40888
40981
41002
41077
41108
41178
41180
41209
41255
41256
41281
41309
41464
41553
41647
41733
41822
41823
41843
41858
41930
41966
42039
42103
42106
42123
42152
42159
42264
42354
42371
42387
42437
42462
42464
42568
42627
42798
42828
42870
42878
42910
43041
43062
43117
43169
43278
43336
43353
43661
43713
43853
43869
43893
44005
44170
44252
44288
44323
44398
44405
44416
44447
44447
44459
44471
44504
44670
44740
44746
44861
44930
45026
45100
45225
45304
45393
45426
45465
45480
45489
45496
45574
45587
45655
45862
45966
45970
46013
46039
46066
46116
46190
46276
46412
46420
46470
46639
46661
46763
46870
46916
46942
47045
47083
47107
47135
47236
47398
47548
47570
47685
47818
47976
48004
48064
48479
48568
48983
49024
49037
49245
49398
49589
49686
49722
49891
50045
50061
50228
50296
50306
50323
50503
50721
50739
51081
51137
51216
51259
51293
51300
51350
51524
52242
52504
53060
53310
53464
53923
53984
54052
54310
58467
76586
-1
