99
639
1247
1344
1480
1840
1875
1999
3224
3916
3943
21527
21680
23017
24169
24204
25353
25394
25457
25551
25677
25900
26010
26039
26354
26712
26764
26886
27000
27070
27093
27133
27340
27418
27534
27575
27791
27816
27882
28046
28055
28225
28246
28375
28606
28655
28762
28764
28780
28850
28856
28944
28964
29009
29194
29208
29259
29309
29396
29486
29517
29566
29569
29852
29925
29943
30094
30134
30194
30216
30252
30341
30604
30724
30749
30778
30781
30855
30986
31023
31023
31071
31171
31177
31213
31225
31233
31298
31368
31372
31443
31501
31515
31520
31613
31641
31655
31669
31672
31681
31682
31770
31797
31831
31837
31839
31874
31945
31952
31970
31970
32030
32060
32097
32142
32180
32290
32514
32532
32580
32599
32664
32687
32743
32770
32836
32934
32987
32989
32995
33012
33015
33023
33128
33143
33326
33337
33432
33468
33551
33572
33671
33675
33708
33738
33778
33802
33803
33865
33882
34029
34043
34098
34240
34268
34289
34303
34352
34358
34372
34410
34410
34453
34488
34548
34552
34560
34611
34618
34660
34677
34693
34702
34712
34720
34738
34789
34834
34872
34895
34903
34904
34982
34984
34989
34991
35007
35029
35084
35086
35089
35094
35096
35126
35157
35169
35222
35254
35293
35348
35359
35401
35430
35469
35514
35542
35593
35596
35625
35666
35830
35842
35935
35986
35991
36059
36060
36093
36151
36201
36242
36371
36375
36398
36430
36449
36494
36536
36581
36592
36694
36704
36726
36750
36837
36869
36934
36955
36960
37019
37029
37035
37048
37071
37085
37105
37147
37173
37174
37200
37290
37321
37413
37427
37509
37571
37636
37636
37641
37659
37662
37679
37706
37783
37802
37826
37857
37863
37915
37953
37992
38040
38056
38184
38185
38199
38233
38235
38238
38251
38278
38325
38371
38468
38482
38497
38521
38553
38597
38601
38726
38733
38739
38755
38784
38794
38861
38871
38964
38986
39009
39024
39050
39182
39224
39308
39452
39456
39482
39521
39547
39664
39685
39731
39749
39798
39798
39812
39848
39885
39910
39956
40001
40009
40017
40101
40137
40159
40202
40221
40322
40337
40450
40461
40558
40576
40590
40595
40597
40633
40642
40642
40713
40739
40919
40963
40965
41020
41067
41075
41180
41199
41208
41231
41281
41389
41396
41470
41510
41568
41589
41640
41660
41799
41801
41854
41881
41893
41893
41929
42016
42169
42198
42292
42387
42426
42499
42618
42636
42672
42682
42723
42742
42803
42843
42955
42967
42975
42998
43085
43234
43318
43433
43483
43509
43590
43613
43666
43682
43771
43787
43799
43983
44004
44022
44031
44096
44106
44117
44181
44272
44302
44307
44308
44309
44347
44359
44365
44397
44416
44431
44459
44496
44642
44645
44672
44717
44753
44819
44915
44915
44984
45012
45043
45043
45092
45094
45187
45215
45314
45327
45370
45377
45418
45418
45481
45521
45565
45640
45643
45652
45729
45852
45893
45936
46323
46411
46418
46491
46578
46587
46705
46787
46805
46930
47011
47108
47197
47213
47277
47391
47400
47495
47512
47604
47640
47710
48007
48081
48178
48262
48374
48387
48420
48479
48573
48592
48698
48703
48931
48936
48976
49044
49059
49100
49142
49163
49229
49248
49268
49283
49333
49378
49459
49490
49495
49536
49545
49639
49651
49673
49692
49749
49767
49768
49844
49903
49904
49983
49985
50008
50076
50123
50140
50173
50488
50552
50581
50736
50803
50876
50890
50894
50906
50907
50959
50983
50988
50990
51032
51088
51160
51163
51177
51310
51356
51484
51554
51582
51637
51650
51666
51668
51749
51833
51840
51840
51851
51871
52006
52036
52161
52168
52187
52204
52281
52302
52387
52388
52395
52452
52456
52459
52479
52515
52529
52557
52715
52731
52736
52836
52846
52860
52893
52941
52942
52992
53011
53067
53106
53191
53318
53348
53390
53412
53429
53468
53487
53489
53526
53529
53579
53580
53595
53623
53632
53669
53723
53771
53779
53987
53991
54019
54048
54099
54139
54256
54274
54286
54302
54330
54339
54349
54360
54532
54629
54700
54758
54771
54795
54807
54833
54863
54866
54895
54907
54916
54991
55003
55023
55068
55075
55115
55115
55139
55148
55401
55461
55501
55525
55559
55565
55625
55640
55656
55659
55755
55755
55758
55772
55785
55790
55805
55823
55838
55851
55877
55889
55903
55947
55967
55993
56018
56082
56109
56111
56130
56141
56160
56204
56218
56259
56307
56318
56334
56368
56410
56436
56515
56543
56573
56616
56654
56654
56675
56687
56711
56731
56767
56810
56909
56912
57070
57103
57124
57124
57135
57197
57206
57210
57268
57283
57309
57309
57484
57492
57509
57516
57586
57703
57712
57742
57816
57825
57841
57884
57910
57929
57976
58094
58158
58203
58226
58247
58279
58326
58525
58984
59025
59084
59120
59157
59670
59811
59811
59965
59966
59987
60092
60271
60308
60309
60324
60349
60479
60512
60549
60632
60710
60743
60894
60985
61006
61055
61326
61337
61366
61375
61416
61546
61574
61711
61863
61922
62005
62035
62042
62091
62109
62250
62260
62261
62403
62438
62505
62546
62627
62707
62710
62729
62863
63071
63088
63105
63167
63185
63229
63268
63299
63304
63429
63480
63605
63664
63703
63706
63813
63915
64008
64039
64257
64607
64617
64738
64853
64891
64898
64930
64942
64990
65059
65081
65252
65295
65339
65370
65390
65393
65394
65483
65526
65597
65598
65611
65684
65701
65798
65885
65897
65970
66083
66104
66142
66215
66227
66418
66454
66600
66714
66960
67022
67074
67211
67230
67350
67476
67488
67537
67590
67620
67650
67662
67862
67869
67960
67974
68006
68094
68357
68378
68447
68466
68474
68683
68704
68719
68729
68827
68993
69063
69149
69305
69376
69541
69550
69611
69614
69640
69655
69724
69783
69866
69874
69943
70206
70206
70216
70344
70389
70444
70503
70553
70658
70700
70712
70731
70996
71055
71253
71342
71421
71580
71678
71900
71961
72025
72144
72156
72259
72416
72535
72579
72594
72655
72664
72700
72734
72768
72816
72843
72904
73123
73170
73240
73257
73299
73445
73460
73460
73525
73580
73662
73706
73920
73932
73963
73999
74032
74109
74128
74245
74313
74337
74448
74474
74536
74538
74542
74553
74565
74616
74647
74663
74721
74760
74876
74903
74913
75039
75114
75133
75143
75170
75177
75216
75306
75321
75349
75359
75383
75401
75459
75606
75615
75641
75677
75704
75729
75839
75843
75965
76155
76169
76312
76463
76956
77061
77145
77148
77328
77472
77541
77606
77624
77681
77929
78036
78122
78167
78251
78399
78529
78537
78675
78725
78728
78749
78810
79203
79282
79379
79433
79485
79728
79756
79812
79858
80019
80145
80266
80496
80583
80808
80930
80953
80955
81014
81015
81113
81208
81276
81277
81331
81356
81356
81412
81471
81506
81507
81677
81726
81741
81960
82111
82151
82239
82321
82492
82661
82753
82978
83000
83120
83139
83175
83306
83694
83782
83805
83851
83879
83890
83964
83970
83976
84070
84176
84293
84294
84369
84502
84540
84722
84743
84770
84843
84925
85050
85113
85117
85130
85242
85423
85522
85548
85610
85892
86215
86356
-1
