1832
15976
19725
22977
24143
24943
25103
25270
25510
25551
25742
25903
26236
26289
26322
26393
26431
26547
26563
26584
26670
26691
26859
27074
27206
27257
27289
27557
27565
27597
27672
27691
27784
27790
27928
28215
28240
28266
28272
28330
28331
28493
28513
28687
28720
28778
28861
28922
29191
29217
29258
29321
29367
29429
29463
29478
29524
29531
29619
29642
29819
29891
29906
29944
29969
30042
30092
30117
30131
30227
30290
30540
30587
30605
30633
30668
30690
30708
30781
30841
30850
30860
30908
30954
30984
31037
31058
31066
31107
31156
31179
31233
31316
31371
31415
31425
31511
31516
31516
31555
31557
31565
31594
31631
31688
31718
31745
31764
31818
31820
31891
31900
31934
31958
31959
32047
32052
32055
32077
32089
32112
32146
32173
32248
32359
32418
32486
32517
32545
32563
32572
32584
32678
32699
32730
32741
32764
32779
32873
32896
32940
33009
33015
33047
33055
33066
33088
33091
33115
33180
33228
33333
33341
33349
33354
33402
33447
33584
33654
33686
33765
33864
33881
33926
33959
34071
34075
34080
34109
34144
34170
34202
34370
34378
34391
34409
34472
34675
34677
34688
34738
34776
34805
34817
34833
34834
34839
34843
34882
34920
34923
34941
34982
34999
35026
35069
35070
35139
35140
35191
35192
35214
35225
35228
35248
35265
35287
35374
35389
35389
35390
35489
35495
35504
35506
35541
35557
35561
35567
35584
35618
35621
35636
35644
35723
35737
35741
35756
35824
35830
35848
35883
35940
35949
35968
35970
36003
36023
36074
36094
36100
36112
36127
36153
36155
36186
36250
36265
36284
36289
36290
36341
36378
36403
36444
36517
36533
36580
36641
36642
36649
36673
36674
36766
36773
36793
36815
36840
36848
36920
36920
36949
36968
37020
37065
37075
37100
37114
37118
37157
37159
37185
37186
37238
37313
37318
37428
37431
37510
37522
37551
37653
37661
37662
37663
37664
37688
37692
37708
37728
37730
37735
37738
37742
37744
37747
37769
37776
37802
37813
37847
37853
37881
37893
37923
37924
37951
37968
38014
38061
38079
38148
38158
38169
38190
38215
38229
38246
38272
38286
38309
38345
38367
38375
38462
38490
38497
38534
38552
38569
38574
38600
38636
38649
38654
38678
38695
38700
38728
38745
38753
38753
38757
38769
38790
38803
38818
38818
38822
38841
38873
38875
38927
38927
38968
38988
39050
39084
39116
39146
39163
39213
39216
39249
39256
39259
39299
39415
39462
39476
39524
39531
39535
39561
39569
39596
39599
39617
39656
39667
39690
39717
39780
39803
39814
39849
39849
39865
39873
39902
39934
40015
40072
40082
40110
40114
40182
40192
40214
40274
40297
40328
40352
40391
40437
40452
40507
40556
40577
40625
40717
40730
40763
40783
40788
40838
40856
40861
40864
41001
41014
41064
41092
41094
41116
41174
41186
41209
41340
41364
41413
41468
41487
41490
41523
41547
41559
41627
41689
41690
41732
41788
41869
41875
41933
41954
41983
42016
42026
42081
42102
42119
42152
42152
42164
42168
42188
42214
42234
42242
42257
42306
42335
42340
42352
42353
42354
42395
42435
42436
42460
42471
42578
42637
42637
42683
42717
42748
42794
42824
42843
42891
42897
42914
42921
42930
42945
42947
42971
42979
42996
43041
43066
43185
43220
43228
43230
43259
43284
43300
43311
43358
43383
43390
43512
43544
43573
43589
43608
43668
43671
43683
43689
43697
43705
43719
43726
43744
43751
43776
43779
43815
43819
43843
43845
43895
43940
44044
44104
44126
44139
44183
44284
44287
44297
44345
44348
44379
44411
44438
44453
44523
44606
44614
44621
44673
44682
44713
44735
44763
44771
44792
44803
44807
44889
44907
45011
45015
45044
45044
45046
45173
45199
45221
45233
45306
45321
45382
45392
45405
45407
45427
45437
45495
45498
45519
45537
45545
45563
45574
45576
45590
45607
45651
45686
45706
45767
45829
45859
45868
45877
45915
45924
45938
45947
46005
46024
46049
46057
46247
46249
46308
46330
46365
46376
46449
46517
46558
46563
46574
46637
46678
46752
46777
46796
46824
46873
46959
46975
46981
46992
47018
47036
47117
47165
47174
47183
47191
47198
47255
47397
47400
47424
47494
47518
47592
47596
47648
47651
47733
47751
47762
47768
47816
47847
47853
47859
47881
47887
47902
47935
47984
47990
48011
48038
48080
48091
48091
48108
48148
48187
48194
48206
48210
48213
48232
48295
48303
48343
48357
48372
48449
48454
48489
48563
48660
48860
48937
48964
48972
49050
49060
49103
49120
49124
49134
49153
49172
49186
49190
49217
49244
49283
49301
49344
49454
49483
49510
49569
49592
49637
49683
49685
49727
49736
49742
49750
49834
49841
49857
49961
49967
50022
50104
50117
50175
50180
50190
50195
50252
50265
50274
50277
50283
50308
50311
50327
50337
50338
50391
50458
50475
50484
50517
50578
50623
50669
50702
50719
50724
50750
50799
50887
50912
50935
50953
51034
51085
51103
51180
51220
51292
51361
51603
51646
51649
51696
51719
51732
51758
51769
51816
51847
51996
51998
52013
52037
52150
52151
52165
52168
52180
52234
52271
52283
52298
52301
52306
52339
52344
52419
52438
52449
52476
52481
52531
52567
52568
52600
52636
52720
52745
52748
52762
52766
52804
52898
52953
53031
53165
53209
53230
53275
53440
53454
53475
53488
53494
53533
53539
53548
53589
53591
53662
53703
53729
53755
53782
53783
53844
53886
53903
53911
53918
53938
53954
53959
53981
54044
54054
54135
54161
54184
54228
54246
54279
54300
54342
54344
54409
54442
54450
54450
54582
54584
54647
54668
54673
54717
54730
54814
54828
54845
54912
55037
55101
55177
55188
55201
55235
55297
55336
55345
55386
55391
55397
55415
55448
55452
55464
55480
55527
55606
55628
55691
55753
55765
55886
55901
55907
55918
55943
55952
56075
56163
56189
56283
56303
56321
56376
56412
56426
56438
56474
56549
56603
56684
56717
56733
56750
56852
56898
56963
56964
56992
57052
57053
57057
57089
57098
57171
57174
57180
57213
57256
57318
57349
57374
57394
57438
57462
57539
57561
57598
57672
57680
57732
57774
57819
57855
57857
57870
57896
57948
58001
58051
58099
58124
58130
58146
58149
58178
58217
58227
58234
58266
58267
58312
58319
58366
58394
58394
58495
58518
58528
58629
58676
58685
58686
58697
58728
58788
58814
58820
58842
58879
58883
58953
58956
58969
58989
59054
59193
59201
59215
59287
59303
59326
59360
59371
59418
59419
59427
59484
59603
59608
59721
59748
59774
59779
59814
59842
59918
59921
59924
59950
59991
59993
60065
60149
60178
60215
60247
60264
60318
60340
60394
60394
60405
60420
60425
60476
60510
60551
60561
60571
60574
60611
60615
60638
60654
60714
60732
60736
60752
60760
60773
60795
60810
60844
60905
60950
60982
61011
61020
61023
61115
61163
61179
61183
61194
61249
61255
61258
61327
61367
61407
61430
61445
61459
61500
61509
61546
61607
61626
61646
61676
61721
61745
61790
61797
61831
61834
61890
61913
61940
61975
61981
62000
62015
62028
62082
62083
62125
62128
62148
62160
62200
62206
62225
62227
62232
62236
62262
62306
62385
62469
62532
62566
62574
62591
62621
62713
62754
62794
62805
62818
62853
62858
62964
62969
62990
63027
63088
63089
63154
63173
63180
63216
63272
63298
63337
63434
63459
63512
63519
63557
63561
63578
63582
63638
63643
63663
63730
63759
63765
63826
63894
63933
63957
63958
63970
64020
64034
64077
64123
64127
64243
64249
64278
64304
64360
64395
64556
64583
64694
64716
64740
64982
65003
65168
65189
65370
65385
65436
65436
65470
65481
65522
65525
65563
65610
65654
65748
65859
65934
65968
66030
66056
66185
66240
66284
66301
66307
66391
66397
66497
66530
66595
66601
66730
66737
66762
66805
66810
66923
67051
67120
67150
67171
67201
67228
67265
67297
67300
67327
67332
67334
67507
67552
67628
67671
67709
67769
67810
67812
67851
68013
68068
68080
68147
68149
68193
68230
68532
68564
68580
68617
68677
68693
68734
68791
68842
69027
69104
69130
69160
69428
69450
69549
69574
69693
69861
69898
69940
70029
70091
70127
70160
70223
70229
70415
70471
70526
70535
70582
70663
70703
70942
70949
70996
71221
71660
71674
71968
71978
72251
72281
72307
72312
72357
72465
72471
72522
72522
72630
72654
72811
72868
72905
73117
73160
73165
73191
73192
73197
73219
73346
73355
73410
73465
73608
73748
73804
73970
74031
74097
74148
74212
74343
74431
74503
74566
74580
74734
74946
75033
75111
75160
75163
75262
75271
75287
75590
75594
75636
75682
75973
76044
76177
76233
76249
76379
76784
76812
77014
77032
77099
77143
77149
77254
77430
77449
77482
77552
77630
77633
77639
78086
78088
78225
78268
78354
78395
78407
78693
78761
78776
78829
79044
79075
79154
79168
79462
79486
79489
79739
79792
79829
79851
79884
80261
80262
80321
80426
80472
80543
80589
80727
80988
81098
81242
81564
81596
81883
81932
82284
82285
82318
82347
82430
82459
82752
82803
82986
83073
83092
83105
83113
83182
83214
83286
83303
83376
83386
83406
83417
83528
83563
83703
83744
83822
83841
84354
84436
84529
84657
84836
84858
84883
85045
85134
85171
85203
85236
85248
85324
85423
85543
85571
85706
85749
85776
85925
86114
86382
-1
