2107
2173
20379
37359
38469
40258
44006
45188
45505
51023
53857
63896
67977
67999
68002
68021
68036
68113
68137
68265
68289
68298
68421
68449
68486
68546
68691
68741
68765
68795
68816
68832
68854
68877
68950
68950
68959
68964
68967
68974
69044
69106
69143
69148
69159
69170
69192
69197
69276
69341
69407
69582
69586
69688
69810
69919
70085
70133
70149
70185
70185
70315
70327
70337
70344
70488
70534
70543
70681
70692
70892
70908
70985
71040
71067
71087
71169
71218
71230
71360
71365
71381
71519
71592
71626
71655
71676
71695
71807
71896
71901
71907
71967
71979
72019
72036
72083
72372
72408
72444
72534
72543
72837
73039
73042
73086
73231
73402
73599
73647
73670
73775
73811
73843
73941
73945
74005
74151
74165
74362
74383
74530
74533
74614
74722
74876
74953
75191
75204
75208
75337
75413
75431
75489
75554
75619
75671
75915
76048
76142
76147
76151
76245
76294
76608
76682
76712
76729
76779
76780
76797
76841
76884
76888
76907
77015
77029
77105
77314
77384
77413
77449
77492
77607
77734
77822
77835
77974
78034
78075
78094
78111
78233
78316
78489
78517
78677
78832
78922
79137
79257
79282
79300
79334
79401
79609
79635
79673
79758
79887
80088
80201
80545
80638
80672
80674
80728
80841
80879
81142
81582
81625
81786
81840
81896
82072
82148
82443
82541
82582
83232
83359
83385
83398
83509
83608
83790
83879
83918
83967
84028
84052
84135
84148
84156
84197
84287
84312
84372
84476
84481
84619
84686
84740
84816
84826
85060
85141
85270
85325
85338
85458
85466
85501
85704
85811
85817
85833
86147
86167
86209
86331
86351
-1
