104
2728
3830
3913
4031
7429
18731
20063
22999
24018
24984
24991
25244
25308
25332
25498
25509
25540
25686
25860
26284
26407
26442
26881
26973
27019
27094
27116
27195
27370
27651
27762
27981
28047
28196
28361
28537
28610
28659
29014
29211
29395
29468
29497
29555
29582
29675
29695
29745
29770
29874
29893
30072
30178
30182
30218
30220
30269
30451
30466
30692
30707
30765
30768
30782
30857
30892
30933
30935
31006
31057
31093
31116
31132
31134
31217
31218
31263
31277
31291
31351
31388
31470
31517
31543
31566
31578
31580
31592
31595
31604
31634
31673
31683
31840
31843
31861
31869
31894
31904
31904
31916
31971
31979
32043
32043
32081
32198
32275
32287
32293
32320
32346
32355
32358
32384
32394
32507
32548
32550
32623
32628
32645
32726
32732
32818
32851
32856
32876
32913
32923
32944
32974
33037
33040
33041
33049
33097
33151
33154
33228
33353
33423
33625
33782
33793
33884
33906
33923
33958
34038
34041
34111
34145
34197
34250
34294
34321
34412
34420
34477
34536
34573
34611
34653
34655
34704
34716
34724
34761
34853
34861
34934
34971
35023
35038
35092
35189
35189
35203
35278
35310
35330
35358
35366
35401
35416
35460
35467
35506
35513
35516
35547
35549
35569
35582
35656
35671
35679
35770
35784
35799
35877
35933
35987
36051
36090
36228
36282
36400
36413
36467
36485
36520
36532
36540
36621
36650
36688
36725
36737
36739
36745
36748
36836
36850
36870
36871
36871
36900
36908
36930
36939
36956
36974
37001
37003
37009
37045
37083
37085
37120
37123
37146
37237
37326
37403
37407
37544
37565
37621
37733
37752
37800
37830
37864
37879
37910
37910
37915
37922
37972
37973
37985
37990
37993
38030
38071
38099
38101
38126
38152
38166
38171
38174
38230
38278
38284
38315
38370
38456
38481
38532
38603
38714
38747
38758
38826
38850
38863
38887
38966
38989
39017
39061
39111
39117
39168
39214
39269
39327
39379
39520
39540
39551
39562
39612
39710
39712
39762
39771
39789
39826
39879
39913
39932
39988
39993
40006
40032
40047
40092
40201
40205
40252
40355
40355
40361
40364
40366
40385
40422
40519
40529
40722
40737
40817
40973
40989
40991
41124
41146
41147
41156
41163
41185
41263
41357
41385
41414
41458
41463
41524
41592
41670
41692
41710
41767
41795
41824
42024
42092
42167
42171
42221
42234
42263
42263
42382
42412
42435
42467
42483
42527
42548
42647
42670
42741
42748
42897
42913
42916
42954
43103
43108
43252
43297
43328
43381
43538
43539
43563
43803
43827
43973
43976
44004
44024
44153
44235
44242
44345
44347
44422
44436
44478
44494
44498
44521
44594
44666
44675
44676
44778
44870
44881
44917
44963
44968
44979
44980
44994
45020
45124
45154
45159
45259
45371
45385
45402
45433
45445
45455
45514
45524
45681
45698
45745
45753
45764
45837
45849
45862
45874
45890
45896
45907
45949
45992
46016
46027
46042
46070
46139
46158
46246
46334
46415
46512
46537
46546
46604
46621
46636
46737
46756
46803
46998
47071
47084
47100
47239
47299
47301
47310
47338
47377
47394
47405
47409
47444
47506
47682
47764
47889
48032
48066
48117
48124
48127
48199
48204
48230
48267
48276
48304
48327
48361
48387
48388
48445
48455
48466
48555
48607
48671
48677
48778
48789
48789
48798
48912
48927
48966
49036
49039
49068
49134
49166
49173
49182
49233
49261
49314
49328
49350
49356
49512
49604
49605
49636
49660
49721
49788
49913
49941
50013
50096
50130
50187
50259
50306
50331
50344
50429
50487
50515
50536
50552
50561
50564
50600
50609
50678
50732
50747
50830
50927
50932
50943
50967
51037
51126
51168
51223
51245
51247
51389
51433
51434
51459
51479
51480
51502
51512
51534
51698
51709
51737
51756
51778
51783
51799
51830
51873
51881
51892
51908
51978
52004
52028
52111
52131
52238
52248
52251
52256
52294
52420
52422
52424
52435
52518
52569
52571
52572
52573
52597
52615
52657
52703
52713
52798
52925
52932
53047
53086
53110
53120
53128
53151
53157
53198
53320
53329
53358
53370
53382
53457
53489
53591
53621
53656
53713
53716
53819
53848
53896
53934
54064
54295
54306
54364
54372
54378
54394
54450
54496
54510
54534
54548
54575
54579
54664
54694
54709
54720
54739
54787
54857
54929
54953
54955
55037
55064
55252
55292
55327
55390
55409
55416
55508
55527
55530
55552
55561
55587
55634
55675
55705
55731
55775
55782
55840
55855
55899
55915
55927
55978
55986
56008
56060
56074
56229
56236
56243
56265
56287
56347
56351
56356
56379
56399
56422
56427
56461
56645
56659
56669
56670
56760
56791
56809
56811
56813
56818
56839
56847
56965
56997
57040
57054
57109
57155
57163
57198
57241
57254
57310
57316
57322
57335
57339
57347
57384
57448
57473
57483
57514
57578
57590
57627
57663
57669
57753
57768
57803
57818
57835
57863
57891
57910
57922
57943
57971
57975
58020
58022
58110
58178
58186
58194
58227
58240
58259
58264
58268
58367
58375
58383
58419
58454
58459
58476
58535
58556
58558
58585
58586
58639
58673
58679
58699
58721
58751
58781
58791
58802
58803
58816
58882
58884
58910
58949
58970
58978
58986
59001
59004
59031
59085
59103
59107
59121
59125
59131
59153
59173
59182
59199
59215
59227
59233
59239
59250
59257
59265
59335
59346
59356
59359
59361
59370
59432
59466
59468
59485
59557
59591
59618
59621
59635
59704
59720
59736
59752
59790
59824
59826
59856
59864
59870
59970
59971
59972
59976
60035
60046
60087
60122
60156
60159
60161
60190
60211
60221
60223
60228
60254
60285
60300
60322
60325
60330
60365
60392
60433
60454
60472
60617
60659
60662
60719
60724
60804
60822
60828
60909
60909
60920
60938
61003
61005
61014
61037
61096
61126
61146
61196
61343
61351
61407
61457
61480
61586
61596
61709
61711
61723
61743
61786
61816
61846
61957
62042
62055
62073
62220
62227
62244
62255
62286
62315
62389
62396
62513
62646
62731
62896
62905
62915
62920
62952
62963
62964
63035
63056
63209
63272
63301
63343
63433
63500
63503
63550
63605
63612
63705
63784
63798
63808
63810
63851
63931
63932
63934
64150
64287
64414
64458
64529
64592
64610
64613
64644
64665
64691
64803
64834
64948
64959
65057
65153
65168
65171
65306
65315
65346
65375
65454
65473
65591
65606
65670
65711
65762
65815
65861
65986
65990
65995
66020
66169
66243
66396
66533
66710
66737
66868
66937
66940
67003
67095
67209
67243
67254
67355
67369
67492
67568
67763
67775
67794
67991
68066
68435
68474
68589
68730
68930
69262
69489
69500
69513
69520
69571
69573
69688
69793
69988
70263
70276
70352
70468
70701
70708
70716
70754
70880
71132
71198
71202
71390
71393
71450
71545
71554
71567
71611
71611
71672
71700
71809
71951
72237
72497
72525
72555
72573
72597
72631
72665
72808
72826
72916
72995
73037
73241
73284
73318
73371
73589
73824
73829
73861
73964
74060
74103
74336
74362
74417
74634
75070
75161
75191
75215
75245
75316
75416
75497
75586
75743
75805
75904
75987
75999
76001
76127
76153
76179
76180
76337
76412
76422
76644
76708
76887
76935
76950
77013
77297
77729
77886
78175
78397
78398
78470
78472
78518
78861
78966
78970
79067
79114
79274
79284
79293
79302
79378
79392
79439
79721
79728
79815
79816
79954
79956
80004
80024
80179
80427
80547
80569
80630
80853
80857
81089
81108
81198
81327
81465
81516
81737
81807
82000
82022
82111
82326
82334
82376
82508
82530
82535
82649
82815
82820
82867
82947
83035
83250
83380
83444
83549
83722
83748
83766
83832
83987
83992
84124
84217
84241
84278
84362
84376
84406
84423
84780
84822
84827
85232
85287
85340
85396
85418
85490
85518
85526
85746
85795
85799
-1
