758
3829
5471
5537
6155
6901
9296
23280
24582
25253
25591
25612
25801
26369
26423
26424
27120
27457
27523
27664
27733
27770
28018
28041
28105
28115
28211
28323
28454
28459
28663
28871
29053
29141
29192
29388
29445
29640
29889
29942
29974
30069
30127
30143
30182
30220
30242
30294
30347
30497
30502
30523
30841
30895
30905
31164
31167
31202
31380
31428
31473
31495
31512
31540
31568
31586
31619
31801
31938
32054
32080
32135
32144
32146
32283
32323
32366
32381
32416
32486
32574
32592
32634
32648
32664
32740
32752
32799
32814
32983
33051
33084
33298
33328
33345
33383
33386
33612
33641
33680
33766
33806
33821
33873
33876
34037
34163
34184
34191
34228
34254
34323
34489
34590
34666
34667
34758
34785
34799
34860
34876
34952
35043
35069
35099
35128
35134
35154
35200
35258
35323
35332
35366
35433
35442
35593
35599
35614
35658
35704
35827
35856
36034
36080
36132
36297
36317
36350
36356
36472
36582
36613
36618
36625
36635
36716
36815
36921
36941
36957
37024
37335
37355
37497
37542
37550
37564
37574
37701
37701
37799
37811
37831
37898
37924
38090
38115
38213
38268
38330
38384
38540
38810
38934
38980
38985
39260
39473
39480
39513
39517
39523
39579
39658
39662
39739
39801
39815
39818
39834
39895
39922
39937
40021
40048
40073
40158
40220
40226
40255
40315
40321
40333
40435
40596
40597
40622
40703
40892
40941
40970
41009
41044
41050
41155
41405
41650
41818
41888
41910
41943
42132
42164
42184
42201
42209
42327
42346
42394
42621
42675
42795
42806
42852
42928
43009
43058
43208
43230
43433
43433
43434
43531
43605
43655
43670
43686
43799
43845
43924
44003
44219
44229
44247
44304
44462
44556
44577
44586
44615
44777
44810
44839
44853
44855
44909
44918
45007
45074
45094
45117
45164
45198
45227
45230
45302
45377
45553
45712
45727
45740
45789
45832
45837
45880
45898
45942
46012
46185
46220
46322
46642
46705
46818
46841
46848
46911
46962
47215
47308
47414
47433
47440
47679
47685
47709
47820
47996
48045
48301
48428
48479
48553
48582
48586
48649
48653
48760
48821
48854
49003
49028
49101
49105
49154
49379
49451
49637
49738
49792
50126
50166
50236
50369
50615
50621
51162
51382
51393
51423
51425
51425
51467
51471
51492
51859
51957
52057
52197
52279
52346
52706
52765
52813
52850
52914
53827
53853
53970
55758
57057
60977
61828
79389
83137
-1
