114
1458
1561
25274
25438
25494
25634
26053
26080
26097
26353
26399
26719
27392
27761
27807
27864
27911
28026
28114
28152
28200
28413
28633
28633
28672
28704
28843
28869
28891
28892
28904
28967
29132
29173
29178
29315
29317
29406
29424
29470
29504
29646
29670
29761
29842
29845
30016
30139
30169
30175
30381
30391
30461
30514
30572
30742
30814
30822
30872
30930
30959
31012
31018
31035
31066
31069
31131
31191
31223
31246
31273
31347
31404
31499
31525
31584
31647
31648
31770
31828
31912
31930
31934
31948
32000
32001
32101
32105
32205
32252
32262
32285
32460
32541
32579
32595
32660
32691
32701
32709
32766
32838
32952
32973
32992
33023
33046
33170
33195
33213
33240
33250
33314
33319
33321
33442
33460
33513
33617
33643
33648
33720
33730
33747
33764
33804
33827
33856
33885
33929
34024
34033
34072
34084
34221
34250
34383
34494
34511
34557
34560
34591
34662
34693
34702
34722
34785
34786
34818
34834
34847
34942
34961
34971
35051
35078
35096
35142
35241
35345
35372
35390
35505
35528
35545
35549
35564
35570
35583
35637
35687
35731
35776
35802
35824
35886
35897
35949
36151
36226
36311
36328
36471
36472
36529
36578
36624
36659
36663
36679
36695
36724
36725
36740
36773
36786
36792
36794
36807
36812
36840
36848
36872
36882
36929
36968
36975
36989
36994
37003
37072
37120
37144
37280
37302
37374
37376
37528
37566
37575
37585
37594
37606
37845
37862
37888
37974
37985
37986
37987
38127
38194
38200
38204
38247
38381
38410
38452
38460
38516
38520
38584
38633
38707
38793
38840
38869
38887
38900
38990
39041
39129
39135
39198
39222
39326
39379
39397
39413
39442
39450
39573
39592
39596
39612
39666
39730
39833
39884
39943
40083
40107
40112
40126
40154
40228
40249
40304
40308
40311
40328
40345
40510
40523
40541
40650
40705
40775
40790
40846
40846
40944
40974
40980
40987
40997
41125
41146
41167
41224
41265
41268
41348
41416
41445
41476
41480
41511
41517
41575
41579
41620
41622
41649
41732
41746
41852
41884
41900
41916
41971
41991
42101
42105
42226
42261
42291
42427
42505
42549
42554
42613
42643
42682
42751
42758
42824
42855
42901
42944
43008
43113
43148
43185
43194
43245
43312
43354
43362
43481
43509
43532
43562
43625
43642
43643
43737
43755
43777
43793
43886
43902
44003
44007
44030
44121
44186
44218
44401
44420
44433
44454
44483
44526
44556
44598
44728
44737
44854
44855
44873
44958
45092
45096
45097
45145
45405
45449
45543
45548
45616
45659
45781
45809
45835
45838
45932
45983
46027
46049
46145
46193
46336
46367
46374
46411
46549
46653
46685
46734
46845
46869
46875
47153
47314
47339
47358
47361
47424
47502
47529
47529
47539
47540
47624
47739
48006
48078
48090
48168
48197
48327
48330
48472
48519
48529
48548
48582
48627
48655
48709
48829
48933
49027
49179
49285
49289
49291
49302
49304
49369
49476
49631
49663
49739
49749
49868
49903
49940
49969
49972
50002
50039
50043
50048
50225
50329
50372
50409
50412
50415
50458
50524
50582
50682
50731
50749
50823
50939
50945
50946
50969
50983
50992
51029
51058
51070
51164
51195
51253
51273
51316
51455
51461
51516
51567
51601
51808
51817
51833
51897
51937
52050
52052
52077
52136
52268
52277
52280
52286
52313
52315
52332
52415
52416
52439
52508
52550
52583
52623
52677
52719
52747
52833
52857
52862
52865
52984
53211
53254
53265
53284
53441
53443
53455
53525
53530
53532
53559
53619
53627
53659
53671
53878
53886
53926
53967
53970
53986
54117
54120
54144
54153
54156
54235
54242
54342
54394
54441
54492
54496
54604
54657
54716
54717
54745
54759
54760
54833
54852
54859
54897
54917
54927
54945
55024
55036
55085
55183
55194
55211
55214
55286
55287
55321
55335
55404
55421
55424
55453
55473
55483
55525
55729
55782
55846
55994
55999
56037
56073
56078
56132
56144
56156
56205
56221
56225
56238
56269
56270
56345
56388
56388
56546
56591
56690
56844
56847
56852
56995
57025
57026
57056
57067
57076
57106
57110
57132
57221
57222
57266
57337
57377
57464
57584
57594
57627
57737
57784
57787
57958
58012
58101
58201
58209
58240
58260
58390
58395
58434
58469
58582
58626
58706
58715
58776
58826
58944
58952
58956
59012
59056
59060
59230
59263
59417
59762
59765
59766
59818
59873
59882
59884
59992
59995
60315
60349
60350
60412
60415
60446
60665
60685
60758
61017
61019
61172
61253
61253
61414
61432
61462
61470
61496
61534
61543
61591
61614
61710
61743
61788
61824
61990
62019
62037
62058
62066
62130
62137
62240
62244
62293
62343
62400
62591
62632
62663
62683
62765
62768
62782
62869
62956
62976
63066
63271
63277
63286
63300
63348
63379
63482
63597
63629
63771
63840
63904
63963
64094
64124
64202
64277
64305
64308
64421
64474
64535
64548
64663
64737
64789
64820
65038
65053
65150
65239
65248
65249
65386
65390
65404
65431
65489
65525
65569
65628
65689
65759
65837
65838
65847
65885
65900
66011
66312
66336
66410
66457
66540
66619
66673
66678
66713
66749
66784
66886
66904
66955
67127
67173
67191
67413
67617
67727
67756
67757
67853
67923
68008
68266
68403
68464
68570
68622
68634
68643
68676
68833
68869
68903
68911
68942
68952
69002
69089
69233
69266
69322
69339
69370
69520
69570
69601
69612
69617
69637
69648
69705
69729
69732
69881
69999
70008
70082
70100
70141
70348
70380
70389
70392
70435
70463
70485
70539
70580
70652
70661
70738
70848
71084
71258
71271
71308
71326
71522
71698
71716
71808
71957
71996
72018
72023
72082
72194
72291
72302
72351
72358
72876
72919
72942
72944
72987
73269
73804
73951
73972
74066
74074
74231
74297
74307
74445
74495
74635
74678
74712
75012
75042
75159
75169
75202
75227
75254
75327
75345
75403
75416
75499
75558
75565
75592
75756
75955
76017
76175
76283
76310
76425
76608
76686
76694
76722
76777
76862
76990
77035
77397
77448
77511
77618
77621
77822
78300
78376
78546
78735
78763
78793
78882
78890
78965
78968
79021
79056
79166
79344
79490
79498
79598
79645
79665
79706
79808
79834
79858
79953
79961
79998
80026
80107
80211
80299
80670
80743
80944
81138
81168
81209
81271
81307
81586
81598
81955
82129
82367
82389
82391
82408
82492
82598
82685
82908
83005
83114
83209
83284
83334
83341
83389
83465
83548
83605
83668
83839
83906
83981
84077
84191
84366
84389
84429
84649
84674
84900
85037
85086
85119
85147
85165
85246
85267
85306
85326
85379
85531
85881
85961
-1
