8
33
43
70
118
152
1445
1472
2203
2270
2345
2719
3302
3953
4085
5669
16018
18407
18889
20431
22251
22928
23540
24882
25061
25102
25205
25290
25346
25351
25474
25570
25696
25719
25830
25934
26059
26140
26160
26221
26243
26251
26272
26332
26340
26367
26371
26377
26394
26477
26523
26576
26605
26609
26658
26698
26730
26736
26793
26915
26934
26964
27057
27091
27093
27153
27176
27211
27222
27239
27352
27364
27368
27412
27443
27467
27485
27695
27776
27843
27844
27847
27853
28038
28069
28071
28084
28094
28140
28258
28295
28538
28588
28597
28637
28703
28746
28800
28823
28837
28921
28974
28990
29231
29277
29279
29284
29316
29359
29462
29481
29513
29540
29556
29579
29609
29616
29686
29690
29742
29773
29792
29817
29843
29850
29853
29866
29885
29910
29989
30011
30106
30115
30159
30167
30175
30231
30284
30300
30362
30476
30477
30490
30496
30503
30507
30515
30529
30540
30540
30559
30576
30589
30591
30599
30632
30640
30671
30736
30804
30830
30855
30874
30927
30952
30983
31001
31003
31018
31033
31057
31080
31082
31087
31101
31103
31138
31140
31194
31211
31248
31288
31320
31328
31365
31402
31410
31428
31436
31461
31465
31466
31473
31478
31484
31500
31506
31572
31610
31615
31633
31659
31671
31701
31702
31728
31734
31742
31763
31795
31822
31832
31844
31870
31915
31917
31946
31951
31956
31996
32041
32043
32046
32052
32060
32090
32095
32139
32141
32179
32199
32201
32233
32244
32269
32309
32357
32412
32429
32445
32469
32550
32571
32599
32635
32683
32725
32774
32780
32791
32831
32837
32843
32847
32869
32878
32881
32967
33010
33073
33081
33104
33116
33148
33183
33201
33257
33332
33339
33340
33375
33392
33422
33456
33464
33495
33512
33550
33555
33584
33699
33709
33773
33799
33811
33819
33947
33962
34018
34018
34055
34106
34169
34176
34278
34280
34332
34373
34396
34407
34420
34472
34564
34582
34612
34651
34711
34714
34737
34740
34757
34783
34797
34806
34837
34861
34862
34868
34879
34902
34935
34946
34976
34977
34981
35003
35046
35100
35104
35140
35191
35242
35324
35333
35359
35366
35401
35408
35446
35474
35487
35500
35516
35543
35582
35590
35661
35664
35681
35684
35714
35715
35727
35744
35748
35773
35785
35802
35816
35835
35841
35861
35914
35954
35959
35970
35995
36006
36021
36022
36027
36060
36125
36138
36180
36230
36232
36240
36252
36258
36260
36264
36274
36336
36343
36375
36379
36379
36439
36463
36473
36484
36495
36532
36546
36591
36615
36621
36652
36656
36665
36667
36691
36717
36718
36747
36758
36766
36794
36795
36800
36824
36832
36842
36851
36856
36866
36867
36942
36962
36965
36977
37031
37037
37060
37071
37080
37081
37082
37149
37176
37196
37199
37205
37215
37227
37235
37260
37262
37274
37386
37420
37447
37459
37505
37536
37539
37550
37565
37584
37593
37615
37647
37691
37701
37761
37768
37787
37797
37827
37850
37853
37857
37863
37902
37904
37914
37922
37931
37959
37988
37989
38012
38024
38042
38064
38070
38082
38099
38122
38131
38138
38169
38173
38277
38285
38287
38296
38306
38322
38352
38427
38457
38489
38522
38530
38556
38582
38643
38682
38744
38754
38763
38787
38790
38799
38802
38840
38842
38867
38948
38950
38955
38997
39022
39054
39108
39191
39197
39263
39266
39291
39299
39318
39322
39355
39416
39426
39427
39431
39440
39443
39467
39498
39502
39518
39577
39593
39608
39647
39654
39684
39687
39769
39770
39789
39819
39843
39853
39853
39858
39867
39887
39906
39970
39980
40042
40063
40067
40090
40120
40162
40164
40176
40183
40233
40239
40250
40253
40281
40325
40352
40361
40370
40382
40412
40428
40473
40488
40571
40633
40646
40648
40667
40688
40725
40729
40739
40779
40781
40792
40817
40857
40908
40918
40941
40954
40969
40971
40996
41003
41084
41105
41107
41142
41154
41201
41228
41348
41385
41448
41451
41503
41508
41572
41589
41640
41655
41666
41672
41738
41740
41755
41805
41819
41832
41855
41860
41908
41914
41921
41928
41939
41942
41942
41975
41999
42029
42049
42061
42079
42131
42175
42186
42201
42266
42329
42332
42377
42387
42436
42436
42456
42469
42474
42489
42497
42557
42706
42711
42720
42751
42755
42756
42775
42784
42981
43038
43038
43077
43086
43116
43120
43142
43212
43227
43236
43241
43257
43353
43362
43409
43450
43453
43467
43507
43545
43553
43557
43578
43579
43698
43704
43705
43719
43760
43762
43767
43773
43786
43859
43891
43907
43933
43956
43970
43991
43999
44066
44072
44086
44089
44091
44093
44101
44125
44138
44150
44180
44197
44206
44333
44356
44372
44409
44421
44434
44494
44542
44552
44578
44585
44620
44632
44641
44657
44668
44670
44734
44736
44747
44877
44894
44902
44903
45009
45026
45049
45095
45191
45258
45352
45362
45416
45458
45460
45467
45554
45562
45569
45576
45580
45581
45616
45629
45631
45635
45688
45741
45753
45829
45867
45932
45991
46007
46010
46016
46027
46066
46095
46102
46164
46170
46226
46233
46273
46341
46366
46470
46481
46495
46500
46537
46539
46563
46568
46587
46594
46604
46639
46677
46706
46708
46711
46806
46836
46840
46908
46971
47026
47132
47163
47178
47209
47215
47236
47255
47278
47349
47368
47417
47420
47470
47488
47520
47529
47576
47593
47600
47647
47661
47665
47699
47721
47734
47738
47743
47771
47772
47806
47810
47826
47861
47886
47923
47945
47947
47964
48019
48035
48050
48081
48093
48156
48194
48201
48202
48217
48224
48225
48245
48252
48258
48266
48332
48427
48477
48480
48484
48485
48577
48625
48680
48695
48720
48722
48735
48738
48739
48750
48766
48780
48837
48855
48859
48984
49008
49052
49137
49141
49166
49189
49210
49230
49256
49266
49277
49291
49321
49337
49349
49377
49405
49450
49461
49467
49549
49556
49628
49668
49734
49770
49813
49831
49864
49870
49876
49881
49911
49912
49932
49942
49949
49949
49965
49986
50013
50044
50089
50104
50146
50204
50260
50298
50300
50323
50349
50352
50358
50366
50374
50377
50387
50404
50406
50452
50456
50458
50478
50480
50516
50559
50563
50582
50664
50676
50686
50708
50720
50747
50807
50836
50873
50878
50884
50909
50926
50958
50969
50995
51020
51111
51116
51133
51152
51152
51160
51180
51185
51198
51222
51229
51230
51252
51292
51299
51325
51327
51424
51434
51507
51638
51642
51685
51713
51754
51761
51764
51765
51808
51809
51821
51898
51899
51943
52009
52011
52014
52018
52051
52078
52134
52142
52181
52186
52196
52201
52221
52247
52274
52288
52295
52309
52341
52379
52382
52457
52478
52496
52502
52517
52528
52548
52568
52569
52595
52600
52643
52674
52685
52719
52726
52744
52753
52756
52766
52795
52829
52878
52878
52927
53020
53020
53067
53088
53099
53125
53192
53193
53216
53225
53232
53242
53271
53278
53293
53297
53304
53333
53341
53446
53463
53464
53494
53589
53594
53642
53656
53688
53689
53715
53743
53774
53775
53780
53797
53806
53819
53849
53852
53864
53915
53936
54004
54033
54074
54085
54111
54160
54177
54180
54205
54228
54234
54235
54315
54322
54331
54331
54338
54352
54388
54399
54481
54486
54500
54516
54520
54522
54538
54610
54639
54648
54686
54689
54700
54725
54751
54762
54876
54884
54948
54964
55012
55032
55062
55072
55085
55092
55092
55101
55106
55107
55116
55126
55146
55169
55176
55182
55247
55272
55278
55302
55309
55311
55314
55345
55359
55359
55396
55407
55415
55430
55512
55516
55527
55532
55541
55560
55601
55621
55622
55641
55648
55682
55683
55708
55711
55717
55741
55774
55806
55848
55898
55906
55912
55921
55948
55972
55982
55993
56030
56076
56102
56152
56153
56184
56200
56202
56206
56212
56224
56239
56301
56319
56326
56337
56367
56403
56426
56444
56465
56512
56517
56580
56613
56618
56627
56654
56668
56723
56737
56776
56789
56792
56794
56876
56904
56923
57006
57019
57023
57028
57047
57068
57072
57076
57141
57146
57228
57297
57316
57350
57398
57430
57443
57456
57457
57458
57462
57474
57474
57488
57495
57555
57586
57590
57598
57614
57633
57644
57677
57681
57762
57765
57797
57800
57814
57867
57917
57950
57982
57989
58002
58048
58049
58059
58065
58067
58073
58082
58113
58116
58130
58195
58216
58236
58321
58328
58344
58369
58377
58388
58390
58434
58447
58456
58470
58537
58562
58586
58592
58604
58612
58631
58649
58655
58666
58695
58699
58709
58713
58723
58731
58739
58742
58749
58756
58769
58778
58790
58798
58799
58806
58819
58840
58845
58847
58849
58855
58865
58867
58868
58869
58885
58887
58901
58973
58982
58986
59022
59022
59025
59060
59073
59099
59129
59134
59156
59191
59210
59225
59254
59265
59271
59302
59314
59323
59325
59346
59364
59368
59398
59399
59418
59425
59430
59454
59476
59478
59490
59499
59501
59511
59518
59528
59530
59542
59547
59550
59562
59566
59575
59575
59580
59589
59595
59613
59634
59636
59645
59659
59665
59672
59681
59683
59685
59691
59693
59703
59713
59727
59729
59746
59748
59756
59770
59780
59781
59801
59810
59830
59845
59854
59865
59877
59890
59904
59918
59921
59922
59926
59952
59966
59993
60011
60037
60039
60045
60064
60080
60084
60095
60096
60115
60124
60129
60149
60159
60161
60167
60169
60199
60213
60219
60296
60299
60307
60310
60311
60318
60323
60342
60359
60360
60364
60398
60399
60400
60407
60426
60466
60469
60488
60490
60512
60512
60541
60546
60562
60575
60585
60595
60606
60609
60639
60643
60648
60652
60657
60666
60669
60720
60749
60754
60761
60788
60800
60811
60813
60830
60831
60839
60859
60878
60878
60902
60902
60904
60932
60942
60951
60979
60989
61016
61016
61020
61021
61046
61059
61081
61124
61125
61128
61186
61231
61238
61246
61265
61266
61267
61267
61288
61290
61302
61370
61382
61402
61446
61449
61469
61472
61505
61524
61543
61546
61552
61563
61565
61572
61573
61573
61575
61577
61586
61594
61595
61596
61602
61607
61614
61615
61647
61663
61666
61674
61674
61702
61705
61852
61858
61860
61872
61882
61883
61893
61897
61927
61931
61932
61939
61944
61970
61974
62032
62038
62048
62124
62141
62174
62187
62198
62214
62217
62226
62226
62230
62235
62257
62262
62277
62309
62325
62349
62351
62369
62374
62413
62433
62433
62453
62458
62474
62477
62489
62497
62509
62522
62532
62544
62547
62548
62577
62628
62660
62671
62682
62711
62715
62747
62762
62785
62794
62854
62897
62960
62965
62984
63015
63015
63024
63071
63099
63113
63151
63206
63217
63248
63272
63297
63301
63313
63315
63342
63387
63451
63453
63454
63464
63496
63580
63595
63641
63644
63663
63678
63773
63797
63812
63833
63867
63895
63916
63970
63976
63984
63995
64002
64014
64043
64068
64077
64090
64093
64101
64112
64114
64146
64150
64179
64243
64249
64291
64307
64311
64320
64324
64355
64360
64361
64382
64407
64446
64497
64522
64546
64587
64654
64721
64743
64746
64794
64829
64835
64848
64878
64936
64954
64975
64976
65008
65029
65058
65059
65114
65125
65138
65144
65158
65198
65219
65236
65284
65290
65354
65462
65489
65570
65578
65579
65592
65624
65664
65684
65714
65862
65869
65941
66005
66080
66147
66218
66254
66269
66273
66348
66359
66437
66438
66466
66479
66493
66517
66585
66595
66652
66758
66787
66917
66940
67054
67126
67143
67194
67215
67314
67524
67603
67610
67628
67637
67650
67652
67700
67726
67757
67828
67845
67859
67927
67991
68007
68023
68029
68049
68065
68248
68313
68355
68361
68390
68415
68687
68738
68867
69086
69097
69203
69259
69279
69332
69377
69411
69419
69447
69472
69504
69683
69703
69749
69792
69815
69837
69851
69855
69896
69930
69973
69992
70019
70041
70084
70125
70149
70239
70245
70251
70410
70416
70429
70430
70459
70565
70623
70628
70670
70713
70729
70775
70777
70800
70816
70852
70885
70899
70900
70915
70936
70975
71013
71029
71069
71136
71165
71177
71376
71488
71592
71625
71674
71781
71787
71809
71822
71840
71861
71874
71977
71978
72122
72205
72229
72273
72312
72339
72393
72407
72424
72472
72473
72501
72506
72521
72537
72566
72706
72747
72841
72879
72894
72915
72966
72998
73075
73127
73228
73232
73251
73252
73295
73336
73390
73419
73436
73450
73655
73739
73823
73832
73838
73881
73922
73944
74045
74084
74099
74186
74196
74223
74301
74348
74464
74535
74662
74691
74710
74756
74787
74867
74915
74921
74965
74969
75017
75336
75338
75367
75400
75448
75449
75476
75477
75495
75502
75617
75658
75836
75996
76015
76049
76115
76269
76279
76308
76350
76375
76425
76433
76478
76591
76759
76864
77020
77032
77090
77294
77400
77608
77617
77641
77685
77703
77718
77785
77795
77854
77946
77955
77969
78013
78024
78049
78056
78093
78110
78196
78249
78252
78284
78297
78326
78330
78330
78338
78471
78520
78590
78602
78638
78664
78684
78706
78727
78774
78905
78970
78987
79096
79135
79209
79290
79352
79504
79581
79618
79662
79732
79733
79807
79812
79813
79859
79879
80009
80101
80267
80614
80615
80715
80725
80745
80798
80839
80989
81029
81067
81161
81223
81277
81389
81489
81575
81592
81636
81640
81948
82040
82259
82405
82483
82518
82537
82650
82682
82686
82722
82765
82825
82826
82849
82874
82923
82961
83004
83218
83224
83247
83290
83400
83457
83507
83657
83682
83782
83825
83939
83974
83983
84016
84050
84135
84168
84240
84345
84468
84573
84582
84595
84661
84697
84714
84871
84891
84952
84968
85006
85063
85073
85118
85294
85328
85408
85505
85579
85620
85643
85726
85778
85923
86239
86287
-1
