33698
37411
37898
42471
49272
49668
56058
66054
67628
69150
69151
69259
69286
69312
69393
69494
69501
69521
69537
69538
69642
69669
69677
69721
69744
69752
69889
69894
70089
70185
70263
70296
70309
70383
70606
70748
70773
70853
70855
70859
71040
71155
71201
71283
71502
71577
71796
71807
71867
71900
72195
72391
72686
72864
72866
72946
72974
72977
72990
73062
73101
73130
73209
73296
73389
73410
73412
73472
73491
73545
73548
73931
73979
73997
74001
74307
74632
74663
74845
74873
74915
75164
75377
75748
75982
76002
76166
76293
76374
76456
76490
76520
76857
76935
77113
77197
77198
77412
77589
77599
77631
77654
78006
78146
78599
78725
78776
78885
78959
79095
79132
79513
79728
79988
79994
80421
80423
80511
80743
80762
81018
81084
81285
81439
81461
81526
81580
81889
81967
81974
81974
82033
82047
82080
82310
82538
82622
82667
82723
82736
82761
82806
83160
83239
83387
83402
84327
84501
84854
84916
84918
84929
84987
85235
85702
85963
85998
86094
86216
-1
