267
898
5881
10466
11398
19677
23412
23826
24897
24959
24972
25546
25613
25889
26045
26061
26096
26131
26680
26742
27099
27146
27268
27273
27303
27331
27413
27545
27573
27644
27835
27858
27949
27966
28079
28199
28274
28359
28402
28721
29136
29205
29440
29484
29540
29593
29595
29657
29677
29701
29709
29813
29816
29859
29930
29939
29948
30000
30210
30243
30291
30328
30376
30478
30561
30570
30621
30644
30658
30663
30667
30750
30751
30752
30782
30793
30833
30854
30881
30884
30895
31001
31076
31083
31110
31162
31175
31232
31280
31358
31416
31419
31442
31461
31518
31575
31586
31591
31623
31628
31668
31775
31795
31801
31801
31811
31987
32023
32061
32088
32092
32093
32149
32197
32199
32243
32272
32312
32338
32403
32424
32427
32458
32470
32523
32576
32576
32666
32669
32701
32766
32776
32780
32843
32901
32925
32939
32954
32985
33031
33045
33048
33076
33130
33138
33204
33344
33449
33509
33715
33730
33751
33837
33922
33958
33983
34036
34040
34049
34213
34362
34428
34430
34430
34447
34455
34494
34565
34600
34606
34674
34718
34750
34803
34835
34907
34970
34971
34982
34985
35052
35134
35150
35192
35198
35209
35291
35292
35332
35352
35370
35515
35517
35552
35681
35716
35726
35734
35738
35984
36045
36107
36143
36223
36292
36327
36332
36336
36382
36410
36430
36462
36466
36467
36513
36516
36638
36658
36679
36737
36836
36874
36908
36919
36924
36945
36988
37029
37072
37074
37113
37223
37236
37271
37395
37450
37472
37514
37537
37660
37682
37731
37741
37744
37748
37752
37759
37787
37844
37908
37913
37917
37930
37957
37975
37996
38070
38174
38186
38279
38309
38311
38393
38406
38409
38419
38480
38531
38534
38545
38573
38633
38643
38693
38741
38748
38750
38849
38865
38894
38939
38957
38972
39012
39013
39026
39038
39055
39114
39187
39194
39212
39251
39280
39291
39330
39345
39355
39447
39452
39472
39557
39559
39583
39741
39845
39928
40102
40310
40321
40435
40471
40472
40493
40493
40554
40569
40621
40654
40657
40694
40714
40775
40831
40841
40843
40922
40962
40997
41017
41065
41079
41119
41136
41167
41185
41235
41241
41287
41424
41483
41492
41500
41504
41539
41546
41604
41635
41659
41667
41720
41731
41753
41763
41775
41784
41810
41823
41826
42072
42128
42159
42176
42208
42214
42222
42256
42325
42387
42406
42440
42454
42489
42585
42618
42696
42773
42878
43004
43017
43052
43081
43138
43166
43180
43220
43227
43260
43295
43320
43322
43362
43395
43464
43492
43507
43593
43597
43613
43619
43670
43771
43836
43869
43874
43960
43992
44072
44093
44112
44165
44261
44307
44337
44380
44390
44414
44444
44529
44612
44676
44686
44701
44705
44711
44712
44830
44878
44881
44919
44927
44932
44967
44972
44996
45068
45078
45123
45185
45227
45266
45266
45315
45407
45457
45606
45619
45622
45633
45638
45671
45671
45706
45722
45747
45856
45861
45861
45997
46013
46049
46075
46107
46183
46312
46356
46382
46551
46695
46778
46801
46833
46841
46927
46941
46998
47052
47231
47245
47264
47343
47356
47365
47435
47465
47479
47519
47570
47586
47594
47601
47625
47643
47702
47716
47799
47799
47848
47913
47960
48005
48076
48099
48118
48159
48200
48221
48248
48280
48393
48467
48493
48506
48516
48519
48567
48587
48641
48647
48649
48687
48690
48692
48695
48750
48810
48848
48899
49046
49050
49057
49096
49203
49221
49249
49272
49326
49346
49458
49472
49562
49665
49705
49793
49825
49853
49863
49922
50012
50047
50091
50099
50115
50194
50265
50269
50283
50305
50358
50400
50456
50471
50512
50612
50642
50688
50751
50788
50789
50790
50794
50823
50897
50897
50942
50978
51023
51035
51109
51176
51179
51258
51290
51293
51317
51388
51469
51483
51517
51534
51595
51658
51674
51718
51745
51876
51880
51906
51912
51933
51966
52001
52029
52081
52109
52166
52169
52202
52226
52271
52333
52344
52398
52401
52424
52429
52479
52485
52575
52615
52687
52722
52743
52820
52874
52959
52964
53004
53046
53065
53076
53083
53090
53166
53193
53207
53241
53448
53465
53529
53564
53576
53610
53624
53633
53673
53732
53809
53867
53929
53985
53993
54058
54106
54127
54311
54325
54346
54409
54520
54524
54534
54544
54635
54642
54677
54753
54832
54882
54892
55051
55070
55072
55079
55137
55158
55159
55198
55239
55351
55429
55468
55492
55503
55550
55553
55562
55623
55757
55765
55777
55833
55867
55879
55887
55970
55994
55998
55999
56010
56026
56036
56084
56086
56111
56156
56157
56163
56177
56223
56235
56317
56355
56388
56508
56509
56539
56568
56604
56644
56647
56686
56705
56743
56785
56800
56851
56933
56955
56964
56998
57066
57147
57148
57156
57161
57169
57293
57346
57389
57498
57524
57539
57574
57615
57622
57628
57633
57648
57648
57654
57663
57781
57785
57805
57851
57892
57909
57928
57967
57982
57985
58076
58081
58101
58106
58114
58133
58150
58170
58203
58232
58244
58252
58324
58324
58366
58385
58435
58436
58438
58488
58515
58543
58578
58578
58582
58599
58665
58719
58724
58781
58785
58786
58802
58843
58845
58852
58853
58971
58977
58986
58993
59007
59023
59036
59043
59060
59094
59136
59146
59184
59186
59200
59210
59218
59292
59317
59351
59352
59374
59450
59544
59553
59565
59573
59608
59608
59663
59691
59699
59703
59705
59723
59743
59757
59769
59777
59781
59788
59819
59862
59870
59971
59978
59984
60053
60067
60083
60086
60118
60122
60126
60145
60179
60194
60205
60207
60257
60273
60302
60371
60384
60405
60460
60499
60504
60566
60608
60651
60686
60725
60770
60776
60791
60796
60820
60842
60864
60902
60904
60906
60955
60956
60975
60998
61012
61028
61031
61045
61045
61056
61098
61133
61136
61138
61159
61178
61181
61193
61202
61228
61297
61302
61427
61437
61498
61510
61533
61534
61581
61594
61595
61692
61731
61741
61762
61792
61808
61875
61905
61908
62022
62112
62122
62201
62399
62406
62406
62442
62473
62614
62636
62750
62791
62832
62915
62928
62967
63017
63039
63065
63075
63119
63144
63168
63203
63305
63319
63325
63328
63335
63343
63442
63461
63482
63496
63603
63612
63633
63643
63650
63659
63683
63708
63777
63830
63833
64030
64168
64204
64297
64388
64452
64487
64732
64860
64887
64934
64971
64997
64999
65035
65102
65108
65149
65162
65194
65196
65248
65251
65295
65355
65358
65501
65581
65753
65759
65836
65861
65916
65972
65980
66132
66174
66228
66234
66237
66287
66314
66352
66371
66495
66510
66555
66555
66577
66624
66670
66768
66875
66961
67013
67118
67167
67203
67392
67430
67514
67620
67713
67807
68042
68089
68149
68283
68308
68471
68482
68493
68532
68668
68687
68773
68829
68836
68837
68848
68891
68909
68938
68956
68960
68982
68988
68990
69019
69048
69051
69145
69161
69188
69227
69244
69268
69274
69291
69319
69348
69357
69571
69634
69692
69764
69776
69851
70034
70146
70247
70438
70457
70563
70755
70792
70908
70982
70996
71247
71270
71288
71321
71325
71373
71383
71445
71498
71536
71611
71704
71777
71800
71911
72049
72265
72620
72814
72867
73010
73063
73068
73113
73122
73197
73238
73340
73413
73497
73514
73557
73608
73718
73738
73761
73843
73902
73983
74121
74139
74196
74249
74400
74424
74502
74506
74527
74574
74755
74771
74803
74855
74953
75075
75122
75138
75265
75425
75833
75867
75868
75988
76107
76109
76781
76908
76931
77516
77713
77770
77819
77925
78011
78147
78255
78314
78325
78326
78330
78378
78459
78586
78601
78654
78672
78746
78855
78907
78960
79023
79183
79199
79219
79276
79463
79490
79562
79878
79963
80078
80470
80486
80616
80786
80875
80878
80901
80923
80940
80974
81040
81378
81379
81423
81498
81525
81617
81644
81810
82003
82156
82208
82331
82680
82862
82885
82959
82984
83403
83427
83508
83517
84146
84179
84284
84285
84306
84314
84378
84423
84702
84768
84818
84876
85109
85150
85693
85894
-1
