509
2589
2642
2738
10111
20486
20822
23360
23380
23553
24060
24421
24936
25195
25306
25395
25471
25585
25600
25656
25786
25882
25884
25903
25909
25911
25954
25967
26077
26081
26208
26250
26508
26616
26688
26770
26892
27191
27293
27296
27472
27522
27565
27689
27728
27798
27818
27897
27987
27989
28094
28097
28121
28180
28260
28270
28408
28430
28459
28507
28514
28573
28579
28602
28635
28637
28677
28748
28880
28916
28954
28976
29051
29081
29223
29285
29361
29365
29550
29551
29572
29612
29617
29653
29701
29720
29727
29736
29776
29802
29861
29902
29914
29952
29972
29973
29986
30053
30068
30101
30105
30148
30165
30174
30180
30235
30252
30254
30266
30318
30384
30465
30520
30536
30588
30602
30636
30639
30685
30711
30713
30743
30828
30839
30850
30921
30959
30993
31034
31047
31054
31165
31171
31173
31200
31213
31250
31252
31273
31275
31291
31292
31332
31371
31372
31384
31396
31435
31435
31440
31468
31478
31480
31489
31501
31539
31549
31566
31592
31594
31603
31605
31623
31632
31644
31654
31660
31668
31687
31702
31751
31757
31766
31789
31806
31853
31866
31905
31931
31934
31968
31985
32014
32022
32045
32072
32088
32111
32132
32164
32181
32184
32206
32208
32231
32231
32273
32301
32305
32356
32357
32357
32367
32415
32485
32535
32555
32580
32777
32777
32836
32839
32856
32892
32897
32942
33001
33071
33144
33372
33393
33402
33402
33423
33426
33622
33688
33693
33725
33750
33774
33809
33811
33924
33932
33955
34027
34097
34097
34131
34136
34178
34249
34282
34319
34376
34391
34411
34444
34469
34494
34541
34574
34657
34685
34701
34701
34733
34795
34802
34820
34824
34827
34864
34871
34876
34898
34916
34949
34977
34987
35023
35036
35067
35129
35130
35165
35248
35259
35273
35278
35309
35366
35373
35391
35433
35446
35447
35454
35471
35480
35481
35486
35492
35501
35503
35503
35532
35549
35591
35597
35600
35601
35606
35633
35644
35707
35725
35729
35823
35863
35879
35883
35930
35954
35980
35994
36015
36023
36029
36061
36073
36142
36155
36167
36174
36187
36193
36207
36223
36246
36257
36269
36281
36295
36305
36334
36390
36404
36410
36434
36463
36507
36520
36533
36534
36543
36546
36591
36598
36626
36661
36668
36676
36678
36789
36816
36837
36856
36875
36889
36921
36935
36954
36994
37022
37050
37057
37087
37110
37119
37135
37158
37175
37183
37325
37697
37724
37733
37764
37765
37808
37847
37850
37864
37869
37912
37918
37924
37925
37946
37976
37996
38055
38069
38072
38132
38173
38190
38206
38247
38271
38291
38296
38343
38362
38365
38394
38410
38410
38419
38440
38473
38503
38504
38540
38541
38558
38559
38587
38606
38620
38632
38639
38641
38651
38693
38699
38702
38741
38748
38763
38765
38787
38789
38853
38858
38859
38864
38880
38899
38899
38900
38911
38956
38961
38976
38996
39046
39104
39125
39178
39185
39186
39196
39223
39259
39268
39279
39287
39299
39311
39328
39330
39355
39373
39395
39404
39446
39455
39455
39459
39474
39488
39512
39520
39544
39544
39547
39560
39570
39606
39622
39624
39632
39658
39743
39752
39760
39778
39839
39858
39861
39909
39922
39932
39933
39959
40016
40027
40087
40113
40135
40146
40173
40186
40188
40256
40271
40287
40288
40298
40304
40315
40318
40322
40337
40338
40341
40353
40368
40380
40403
40433
40439
40455
40462
40486
40487
40500
40552
40591
40610
40625
40649
40657
40674
40674
40724
40731
40775
40793
40821
40889
40898
40902
40903
40940
40960
40962
40969
40970
40991
41003
41079
41147
41223
41255
41307
41308
41422
41479
41498
41500
41527
41551
41558
41624
41681
41684
41735
41740
41781
41805
41818
41877
41904
41936
41936
41941
41960
42008
42041
42071
42079
42086
42142
42256
42298
42343
42354
42370
42372
42382
42385
42388
42463
42528
42540
42543
42576
42582
42586
42633
42680
42704
42727
42752
42769
42778
42788
42813
42831
42847
42908
42938
42947
42948
42994
42996
43071
43082
43094
43116
43118
43122
43142
43163
43193
43208
43222
43224
43234
43248
43275
43289
43293
43302
43304
43339
43404
43406
43419
43426
43452
43471
43478
43539
43562
43605
43612
43629
43660
43671
43730
43734
43744
43748
43757
43792
43841
43877
43894
43894
43916
43948
43970
44085
44100
44109
44119
44150
44207
44238
44339
44363
44380
44395
44541
44556
44583
44588
44589
44650
44732
44745
44796
44806
44817
44821
44861
44870
44911
44918
44926
44931
44960
44986
44987
45016
45041
45043
45088
45112
45114
45135
45137
45181
45201
45212
45227
45239
45250
45313
45321
45402
45432
45440
45443
45445
45451
45453
45471
45476
45513
45537
45610
45669
45724
45730
45808
45858
45875
45880
45915
46007
46017
46164
46207
46267
46355
46402
46410
46466
46490
46556
46631
46687
46695
46724
46813
46821
46865
46905
46930
46973
46987
46998
47018
47028
47070
47077
47100
47115
47168
47174
47180
47182
47215
47229
47243
47306
47318
47321
47347
47379
47423
47474
47529
47562
47595
47627
47731
47803
47838
48009
48114
48386
48574
49049
49056
49078
49110
49141
49157
49161
49165
49166
49168
49174
49182
49189
49213
49217
49251
49258
49259
49296
49365
49482
49512
49551
49717
49827
49873
49942
49994
50128
50219
50304
50518
50627
50758
50762
50788
50823
50828
50831
50877
50899
50917
50927
50935
50937
50956
50988
51018
51024
51038
51063
51067
51072
51084
51086
51106
51148
51153
51188
51215
51268
51294
51298
51299
51335
51346
51348
51349
51353
51363
51376
51381
51406
51417
51426
51427
51465
51493
51508
51524
51537
51543
51545
51552
51604
51620
51623
51671
51720
51764
51768
51800
51805
51809
51819
51821
51822
51851
51852
51881
51915
51938
51955
51961
51971
52003
52007
52033
52039
52039
52045
52065
52124
52134
52198
52220
52244
52262
52285
52292
52304
52316
52326
52330
52349
52353
52357
52371
52372
52387
52390
52414
52441
52449
52465
52505
52506
52509
52549
52563
52570
52593
52601
52603
52627
52637
52678
52684
52713
52727
52756
52758
52788
52803
52818
52826
52840
52851
52889
52914
52981
53026
53038
53041
53062
53073
53090
53103
53130
53135
53138
53149
53182
53183
53185
53187
53211
53221
53239
53265
53267
53271
53289
53296
53308
53340
53345
53348
53355
53357
53377
53388
53401
53405
53454
53470
53475
53499
53544
53566
53618
53631
53664
53671
53681
53683
53698
53705
53709
53720
53728
53743
53748
53751
53769
53771
53774
53794
53795
53814
53815
53831
53831
53833
53850
53883
53887
53941
53964
53986
54001
54010
54059
54062
54102
54178
54327
54346
54364
54380
54396
54410
54423
54431
54451
54457
54503
54508
54559
54601
54630
54658
54686
54734
54740
54765
54816
54816
54840
54871
54897
54919
54919
54944
54952
55002
55051
55094
55106
55193
55196
55220
55249
55253
55270
55291
55323
55330
55357
55430
55439
55443
55464
55465
55476
55486
55559
55571
55623
55623
55639
55665
55669
55671
55672
55677
55701
55704
55708
55712
55736
55746
55760
55769
55774
55799
55804
55825
55974
56027
56071
56079
56102
56106
56130
56134
56240
56254
56280
56317
56391
56442
56451
56452
56462
56494
56603
56627
56633
56638
56645
56650
56707
56808
56809
56849
56857
56891
56915
56927
56928
56998
57023
57042
57053
57081
57084
57129
57154
57243
57267
57337
57349
57370
57387
57398
57399
57400
57405
57407
57408
57449
57473
57476
57478
57484
57487
57498
57536
57540
57543
57544
57546
57568
57613
57631
57668
57691
57808
57886
57888
57923
57927
57957
57961
57988
58012
58030
58030
58055
58072
58077
58102
58152
58156
58192
58216
58235
58275
58328
58330
58338
58508
58524
58602
58604
58625
58668
58677
58760
58783
58800
58857
58877
58889
58901
58902
58903
59005
59026
59027
59035
59046
59046
59052
59055
59170
59170
59177
59190
59209
59258
59342
59383
59396
59467
59550
59557
59672
59677
59792
59866
59877
59895
59918
59961
59990
60005
60009
60010
60011
60015
60026
60027
60032
60034
60063
60114
60129
60194
60195
60220
60337
60362
60490
60512
60579
60630
60656
60837
60933
60962
60988
61006
61019
61022
61031
61039
61115
61171
61185
61198
61213
61226
61251
61262
61262
61267
61312
61334
61371
61379
61411
61445
61580
61605
61615
61629
61658
61695
61729
61732
61741
61750
61769
61786
61788
61805
61861
61894
61906
61908
61948
61953
61986
62005
62035
62118
62128
62138
62171
62173
62193
62198
62199
62201
62229
62259
62301
62316
62348
62367
62383
62404
62426
62537
62542
62624
62641
62659
62661
62829
62877
62937
62974
62987
62993
63005
63030
63040
63128
63131
63205
63233
63269
63277
63309
63343
63372
63455
63463
63509
63538
63554
63561
63574
63583
63588
63626
63637
63649
63650
63702
63715
63728
63749
63792
63797
63801
63808
63841
63867
63868
63975
63983
64006
64170
64226
64247
64259
64285
64315
64324
64326
64334
64401
64431
64448
64450
64511
64535
64639
64648
64661
64673
64692
64711
64771
64829
64872
64880
64888
64905
64911
64913
64924
65025
65041
65073
65077
65083
65087
65105
65148
65149
65185
65186
65234
65240
65266
65281
65287
65309
65338
65343
65382
65477
65487
65506
65559
65610
65624
65625
65644
65707
65707
65734
65743
65744
65790
65811
65843
65854
65933
66046
66157
66191
66215
66225
66269
66270
66345
66389
66467
66526
66610
66615
66628
66705
66731
66774
66834
66923
67025
67071
67084
67181
67322
67352
67384
67446
67465
67528
67709
67741
67777
67779
67789
67860
67883
67908
67931
67947
68103
68160
68161
68175
68191
68198
68318
68336
68375
68397
68429
68488
68560
68638
68731
68860
68863
68887
68971
68994
69077
69111
69150
69179
69233
69255
69355
69383
69400
69427
69460
69502
69539
69545
69595
69702
69707
69807
69822
69875
69943
69997
70255
70268
70291
70310
70355
70388
70425
70444
70454
70457
70510
70540
70541
70608
70618
70686
70705
70736
70758
70785
70810
70848
70871
70910
70975
71015
71080
71096
71158
71180
71185
71216
71227
71272
71288
71378
71414
71420
71438
71480
71540
71597
71636
71646
71759
71899
71935
71951
71980
71982
72089
72167
72175
72190
72295
72315
72318
72334
72351
72363
72364
72385
72416
72449
72452
72480
72503
72523
72575
72589
72603
72755
72757
72893
72910
72971
72981
73013
73024
73042
73044
73131
73135
73292
73338
73376
73402
73488
73625
73734
73794
74021
74025
74071
74116
74220
74243
74244
74265
74349
74409
74505
74532
74558
74679
74688
74703
74704
74715
74738
74771
74896
74970
75008
75034
75058
75118
75205
75357
75415
75424
75466
75583
75623
75630
75718
75741
75806
75817
75831
75866
75896
75986
76004
76101
76146
76148
76167
76235
76253
76322
76410
76456
76510
76567
76708
76757
76775
76819
76828
76852
76929
76945
77060
77066
77075
77081
77091
77091
77171
77193
77233
77287
77294
77303
77361
77394
77402
77402
77466
77511
77514
77660
77661
77805
77809
77857
77904
77924
78011
78044
78073
78086
78132
78306
78403
78408
78421
78559
78708
78829
78846
78877
78899
78988
79058
79187
79330
79332
79431
79444
79581
79589
79607
79683
79699
79799
79932
80028
80082
80116
80154
80263
80341
80352
80378
80444
80559
80667
80750
80752
80763
80785
80806
80847
80878
80995
81064
81122
81144
81194
81370
81400
81407
81464
81506
81521
81547
81623
81707
81722
81863
81865
81878
81918
81974
81989
82037
82179
82187
82336
82515
82604
82649
82667
82753
82798
82914
82933
82952
82958
82969
83081
83130
83212
83380
83401
83407
83586
83628
83659
83814
83815
83885
84097
84156
84219
84223
84299
84440
84578
84581
84676
84695
84697
84745
84814
84843
84942
84958
85087
85145
85155
85169
85305
85325
85569
85584
85600
85656
85674
85736
85759
85779
85794
85812
85838
86078
86088
86118
-1
