22
94
142
345
1394
2887
4306
4333
13568
18483
25027
25052
25649
25783
25963
26035
26154
26235
26315
26338
26451
26468
26742
26964
27065
27153
27211
27391
27443
27541
27868
27933
27950
28079
28140
28190
28275
28377
28494
28581
28732
28744
28822
28847
28985
29167
29199
29224
29262
29270
29280
29390
29394
29423
29443
29489
29518
29648
29712
29723
29740
29862
29895
29898
29942
30015
30041
30061
30081
30094
30164
30269
30321
30343
30359
30360
30446
30464
30467
30579
30591
30654
30664
30682
30762
30793
30802
30869
30870
30872
30907
30935
30938
30950
30960
30974
31012
31039
31056
31062
31077
31079
31107
31112
31133
31133
31180
31229
31265
31289
31308
31317
31322
31358
31364
31449
31479
31485
31499
31503
31539
31552
31553
31563
31574
31577
31595
31631
31636
31653
31684
31689
31718
31719
31720
31740
31782
31806
31814
31818
31831
31845
31860
31861
31928
31949
31956
31957
31980
32015
32039
32044
32053
32102
32110
32155
32157
32158
32174
32190
32203
32209
32211
32219
32230
32322
32326
32366
32372
32377
32562
32591
32601
32614
32673
32731
32760
32849
32864
32893
32922
32942
32963
32965
33001
33017
33066
33111
33111
33222
33229
33271
33306
33320
33324
33346
33381
33390
33453
33563
33580
33620
33722
33804
33811
33839
33839
33960
34006
34008
34099
34238
34239
34249
34254
34255
34256
34265
34287
34290
34292
34378
34419
34430
34455
34466
34523
34584
34619
34711
34716
34728
34733
34735
34770
34798
34801
34827
34861
34927
34947
34965
34971
34990
35024
35052
35056
35125
35130
35136
35140
35153
35190
35193
35225
35274
35326
35372
35377
35388
35430
35457
35463
35473
35491
35504
35521
35562
35610
35630
35690
35757
35778
35787
35793
35817
35876
35888
35895
35898
35914
35922
35961
36023
36039
36068
36126
36162
36167
36171
36206
36219
36291
36313
36325
36403
36450
36452
36531
36537
36543
36637
36793
36808
36823
36832
36877
36986
37072
37085
37106
37129
37144
37178
37183
37275
37287
37302
37322
37338
37389
37391
37444
37495
37506
37562
37603
37621
37643
37700
37733
37748
37749
37760
37811
37833
37833
37864
37869
37937
37968
37973
38001
38015
38050
38080
38094
38099
38110
38113
38132
38143
38153
38160
38295
38316
38320
38344
38389
38391
38401
38411
38414
38506
38552
38580
38618
38627
38634
38644
38662
38667
38673
38699
38720
38738
38738
38777
38783
38799
38803
38831
38837
38844
38855
38866
38910
38912
38939
38976
39091
39092
39096
39150
39241
39256
39288
39325
39382
39402
39404
39459
39492
39556
39604
39618
39675
39704
39728
39774
39825
39844
39853
39865
39867
39897
39923
39949
39972
39986
40020
40033
40050
40058
40071
40077
40078
40086
40125
40135
40145
40150
40155
40161
40172
40190
40221
40233
40303
40339
40370
40416
40416
40436
40441
40491
40517
40522
40538
40544
40552
40582
40617
40622
40625
40635
40646
40649
40722
40753
40768
40809
40860
40883
40890
40891
40977
41098
41155
41171
41212
41224
41250
41254
41310
41349
41499
41511
41513
41559
41602
41636
41718
41730
41743
41759
41774
41788
41850
41850
41910
41952
42146
42188
42324
42330
42416
42433
42443
42467
42472
42526
42546
42560
42570
42574
42575
42615
42655
42682
42691
42695
42705
42729
42788
42853
42868
42919
42923
42931
42990
42996
43029
43063
43076
43080
43117
43144
43171
43198
43202
43248
43270
43282
43439
43532
43547
43594
43617
43624
43640
43661
43662
43695
43709
43756
43763
43796
43809
43813
43857
43859
43927
44058
44076
44115
44125
44149
44192
44262
44294
44437
44438
44453
44494
44495
44568
44585
44631
44647
44653
44686
44724
44760
44764
44768
44813
44815
44878
44950
44974
44981
45012
45029
45099
45165
45170
45217
45222
45226
45227
45301
45421
45435
45438
45466
45469
45495
45520
45529
45584
45637
45675
45692
45703
45783
45802
45924
45981
46083
46091
46103
46147
46161
46280
46330
46338
46346
46462
46478
46485
46503
46584
46587
46704
46714
46779
46981
46998
47011
47095
47109
47117
47121
47191
47230
47294
47349
47392
47424
47514
47561
47582
47589
47615
47661
47684
47718
47766
47790
47799
47801
47812
47869
47886
47960
47983
48026
48037
48044
48062
48123
48166
48179
48247
48284
48363
48400
48445
48462
48520
48574
48592
48650
48744
48750
48754
48767
48806
48837
48859
48872
48884
48955
48959
49049
49122
49122
49126
49138
49195
49203
49205
49208
49281
49346
49351
49356
49375
49417
49432
49433
49444
49446
49458
49519
49559
49607
49609
49624
49651
49655
49729
49738
49777
49797
49855
49965
49981
50052
50063
50092
50092
50096
50131
50165
50181
50255
50259
50301
50305
50329
50361
50374
50385
50390
50413
50419
50420
50500
50565
50658
50661
50695
50787
50849
50924
51016
51074
51080
51103
51111
51144
51203
51209
51237
51242
51269
51270
51301
51368
51372
51381
51399
51479
51496
51516
51564
51567
51591
51601
51603
51612
51631
51642
51645
51780
51812
51814
51818
51852
51856
51910
51917
51920
51942
51948
51956
52016
52070
52083
52084
52101
52121
52193
52211
52263
52268
52301
52304
52317
52420
52433
52453
52477
52503
52516
52517
52636
52642
52695
52699
52709
52728
52756
52756
52775
52794
52887
52908
52933
52944
52958
52959
52974
53026
53053
53105
53107
53116
53197
53214
53222
53254
53304
53325
53357
53364
53401
53452
53474
53521
53532
53537
53629
53638
53660
53673
53701
53705
53735
53778
53788
53949
53963
53976
53993
54076
54084
54137
54162
54188
54226
54249
54275
54291
54299
54305
54356
54378
54406
54466
54471
54524
54544
54654
54657
54685
54688
54717
54725
54776
54797
54847
54870
54931
54994
55059
55084
55101
55107
55117
55124
55166
55168
55185
55337
55364
55373
55384
55414
55428
55435
55455
55463
55464
55465
55572
55578
55590
55599
55661
55664
55716
55724
55802
55817
55852
55888
55891
55913
55932
55934
56006
56006
56010
56012
56018
56029
56033
56045
56080
56119
56145
56172
56173
56204
56250
56282
56324
56326
56327
56379
56395
56397
56411
56429
56476
56503
56510
56590
56597
56598
56601
56626
56634
56643
56660
56684
56709
56723
56744
56765
56790
56793
56889
56897
56915
56927
56944
57001
57016
57024
57041
57099
57138
57163
57203
57222
57270
57275
57291
57354
57406
57492
57510
57545
57550
57553
57600
57623
57654
57693
57720
57744
57757
57759
57761
57787
57841
57864
57870
57879
57882
57933
57934
57953
57954
57975
57983
57983
58023
58046
58050
58075
58082
58103
58122
58172
58193
58195
58217
58232
58245
58247
58269
58286
58307
58311
58357
58445
58488
58504
58525
58557
58570
58585
58589
58609
58610
58623
58646
58656
58673
58674
58675
58675
58677
58680
58718
58795
58798
58818
58838
58873
58881
58889
58919
58932
58998
59000
59007
59012
59021
59028
59264
59267
59308
59318
59331
59332
59333
59336
59353
59387
59403
59431
59488
59513
59564
59569
59585
59611
59620
59677
59698
59705
59726
59739
59742
59780
59789
59804
59829
59883
59912
59913
59930
59949
59964
59965
59969
59989
59993
60058
60071
60131
60252
60274
60284
60285
60299
60303
60308
60332
60336
60342
60351
60356
60365
60394
60461
60504
60534
60587
60606
60606
60618
60654
60670
60677
60681
60715
60730
60800
60889
60895
60905
60924
60956
60963
60987
61005
61028
61043
61056
61126
61137
61164
61207
61230
61260
61283
61338
61344
61362
61374
61426
61462
61485
61485
61496
61498
61508
61518
61603
61639
61678
61679
61811
61816
61843
61859
61893
61914
61914
61928
62060
62103
62133
62196
62246
62247
62258
62266
62279
62295
62325
62355
62419
62420
62474
62569
62577
62612
62641
62764
62780
62805
62834
62869
62920
62923
62927
62953
62963
62970
63047
63052
63114
63128
63232
63276
63442
63454
63516
63519
63564
63568
63570
63596
63599
63626
63627
63673
63814
63935
63966
64018
64048
64111
64113
64134
64139
64162
64169
64176
64234
64251
64270
64374
64430
64443
64447
64466
64498
64526
64550
64564
64569
64575
64605
64642
64665
64710
64730
64745
64780
64784
64860
64940
65007
65011
65030
65033
65087
65151
65233
65237
65331
65377
65416
65441
65454
65523
65554
65721
65751
65752
65773
65788
65795
65818
65856
65863
65979
66001
66095
66127
66180
66196
66239
66255
66334
66349
66429
66468
66481
66553
66596
66617
66661
66700
66781
66790
66793
66804
66872
66876
66890
66939
66953
66961
67030
67054
67109
67118
67120
67146
67188
67196
67344
67348
67381
67486
67514
67609
67611
67634
67638
67688
67690
67807
67813
67856
67857
67876
67909
67971
67976
68021
68033
68068
68070
68090
68129
68143
68220
68237
68238
68252
68273
68401
68472
68488
68494
68556
68663
68666
68708
68711
68718
68750
68762
68766
68786
68845
68889
69049
69101
69116
69285
69307
69343
69352
69423
69549
69623
69944
70182
70231
70274
70291
70312
70321
70469
70555
70577
70657
70696
70789
70812
70812
70831
70888
70914
70974
70988
71085
71091
71169
71204
71274
71342
71386
71455
71504
71550
71556
71788
71849
71851
71878
71887
72014
72051
72149
72152
72152
72163
72266
72284
72287
72515
72534
72539
72552
72739
72769
72824
72851
72866
72966
72979
73123
73161
73186
73226
73284
73340
73453
73477
73543
73543
73576
73804
73860
73881
73914
73976
74037
74151
74338
74400
74451
74480
74497
74509
74519
74539
74653
74677
74892
74921
74928
74976
75160
75171
75247
75269
75295
75326
75332
75468
75553
75596
75783
75860
75956
75958
76006
76200
76212
76218
76239
76248
76329
76428
76454
76466
76587
76625
76679
76695
76697
76774
76842
76854
77018
77060
77252
77328
77454
77474
77675
77943
77962
78008
78160
78323
78496
78540
78590
78605
78652
78696
78733
78750
78758
78921
79033
79037
79099
79132
79400
79422
79453
79475
79605
79607
79652
79657
79690
79727
79759
79793
79803
79820
79931
79932
79970
79976
80000
80031
80052
80109
80111
80193
80327
80349
80394
80509
80534
80638
80701
80771
80778
80950
81011
81014
81023
81044
81105
81174
81187
81328
81345
81374
81422
81451
81524
81600
81686
81770
81803
81877
81941
82091
82240
82270
82276
82480
82590
82629
82633
82660
82734
82742
82746
82756
82766
82786
82832
82868
82892
82901
83012
83054
83137
83348
83416
83466
83715
83746
83769
83930
84150
84188
84284
84353
84373
84420
84540
84555
84626
84810
84813
84917
84988
85006
85035
85228
85319
85368
85532
85742
85792
86221
86355
-1
