748
802
1154
1638
2033
4071
7990
20166
22025
22721
24149
25615
25861
26016
26197
26459
26587
26705
26777
26821
26973
27004
27041
27056
27075
27206
27289
27427
27449
27521
27574
27647
27814
27843
27872
28374
28501
28520
28561
28586
28723
28791
28838
28914
28923
29008
29152
29204
29227
29231
29274
29353
29480
29584
29618
29631
29721
29729
29791
29799
29834
29855
29863
29886
29925
29925
29942
30022
30024
30042
30072
30107
30126
30251
30260
30300
30322
30336
30394
30487
30491
30502
30563
30587
30694
30731
30830
30841
30861
30912
30920
31025
31049
31072
31083
31118
31129
31171
31174
31193
31196
31213
31223
31236
31279
31310
31320
31371
31378
31394
31394
31420
31432
31476
31502
31566
31591
31597
31771
31776
31868
31875
31970
31982
31999
32003
32011
32023
32043
32046
32067
32085
32156
32211
32216
32274
32327
32334
32357
32453
32487
32646
32674
32685
32699
32709
32732
32779
32783
32836
32842
32849
32858
32893
32944
32957
32999
33130
33207
33207
33209
33245
33317
33339
33374
33386
33419
33431
33433
33455
33483
33550
33579
33765
33792
33797
33944
33945
33995
34063
34143
34173
34176
34206
34228
34241
34265
34282
34328
34333
34340
34374
34442
34515
34562
34635
34639
34649
34719
34768
34876
34884
35015
35018
35047
35099
35101
35111
35134
35159
35189
35236
35244
35245
35282
35310
35320
35361
35377
35409
35446
35534
35554
35555
35578
35605
35648
35672
35685
35687
35731
35738
35744
35802
35807
35810
35815
35842
35846
35999
36013
36074
36132
36178
36212
36254
36271
36274
36280
36291
36315
36391
36414
36438
36438
36454
36518
36548
36563
36588
36604
36605
36606
36614
36623
36628
36688
36689
36699
36745
36760
36760
36851
36855
36881
36895
36943
36951
36968
37009
37025
37029
37167
37183
37235
37237
37260
37260
37267
37310
37323
37370
37388
37392
37420
37433
37451
37464
37466
37469
37489
37491
37515
37528
37529
37537
37604
37611
37669
37680
37696
37766
37768
37776
37872
37876
37896
38031
38072
38073
38084
38123
38187
38190
38236
38249
38275
38289
38301
38351
38400
38401
38434
38524
38526
38536
38588
38592
38632
38634
38667
38722
38801
38843
38894
38895
38910
38912
38913
38991
38994
39076
39157
39230
39237
39287
39314
39339
39353
39385
39394
39405
39429
39505
39520
39522
39565
39588
39618
39671
39691
39715
39737
39771
39787
39813
39827
39928
39936
39980
40071
40074
40099
40163
40172
40216
40231
40250
40300
40317
40326
40367
40373
40391
40396
40397
40427
40459
40513
40605
40627
40645
40882
40951
41035
41058
41075
41138
41183
41246
41254
41312
41313
41359
41360
41370
41374
41454
41460
41520
41554
41578
41608
41626
41674
41706
41733
41748
41832
41861
41875
41878
41903
41916
41963
42122
42160
42219
42226
42266
42299
42343
42439
42475
42508
42563
42567
42578
42591
42632
42661
42750
42752
42813
42814
42861
42887
43005
43044
43045
43053
43109
43168
43238
43252
43254
43264
43422
43440
43569
43618
43623
43658
43694
43710
43753
43890
43892
43939
43958
44037
44098
44104
44126
44174
44199
44200
44212
44244
44331
44349
44382
44413
44527
44564
44592
44707
44812
44813
44825
44836
44861
44884
44888
44891
44899
44914
44926
44945
44974
44983
45027
45056
45100
45109
45137
45273
45279
45295
45300
45346
45356
45370
45377
45383
45656
45664
45735
45811
45866
45871
45875
45922
45957
45958
46014
46036
46038
46046
46056
46096
46133
46141
46154
46173
46228
46268
46269
46321
46373
46387
46388
46406
46478
46570
46628
46670
46676
46719
46810
46820
46826
46888
46913
46922
47092
47110
47128
47166
47189
47214
47220
47244
47251
47326
47415
47549
47557
47569
47636
47672
47689
47861
47868
47876
47920
47924
47951
47958
47973
47974
48023
48030
48039
48179
48213
48267
48374
48434
48451
48463
48521
48542
48571
48573
48596
48644
48664
48736
48763
48830
48836
48933
48983
49004
49007
49034
49039
49060
49070
49091
49118
49120
49129
49147
49180
49235
49244
49258
49374
49379
49394
49419
49455
49476
49505
49537
49595
49631
49648
49690
49766
49770
49843
49889
49916
49921
49961
49980
49997
50025
50056
50061
50062
50106
50133
50133
50150
50175
50200
50231
50283
50323
50403
50413
50426
50433
50461
50517
50523
50533
50546
50567
50571
50594
50631
50657
50674
50678
50710
50719
50740
50762
50787
50797
50833
50859
50966
50992
51056
51074
51090
51096
51217
51220
51221
51263
51433
51471
51548
51570
51576
51597
51618
51680
51736
51737
51785
51791
51796
51814
51831
51842
51874
51876
51957
52018
52097
52111
52117
52153
52160
52184
52204
52224
52230
52256
52348
52415
52438
52489
52516
52528
52581
52603
52671
52724
52732
52749
52864
52885
52971
52997
53002
53004
53100
53105
53111
53128
53177
53184
53207
53223
53240
53241
53269
53335
53336
53454
53474
53485
53525
53538
53643
53701
53746
53746
53747
53755
53808
53815
53826
53871
53876
53880
54014
54101
54309
54364
54390
54427
54433
54526
54532
54593
54639
54695
54701
54732
54755
54763
54767
54778
54873
54898
54903
54936
54942
54967
54973
54991
55045
55116
55117
55157
55212
55236
55251
55310
55323
55329
55334
55349
55349
55384
55422
55456
55461
55530
55622
55622
55639
55649
55664
55668
55670
55712
55766
55780
55801
55825
55839
55842
55926
55952
55957
56012
56022
56120
56128
56137
56306
56317
56339
56351
56363
56381
56400
56405
56462
56492
56497
56609
56613
56621
56626
56634
56652
56695
56699
56799
56885
56913
56938
56992
57110
57110
57110
57155
57199
57253
57259
57270
57289
57298
57305
57386
57392
57414
57492
57538
57564
57572
57580
57645
57666
57681
57712
57859
57874
57876
57979
57988
58072
58135
58161
58169
58201
58286
58310
58314
58317
58318
58509
58515
58564
58619
58639
58714
58718
58741
58755
58773
58797
58807
58814
58834
58905
58922
58932
58937
58970
58984
59063
59153
59189
59206
59221
59228
59269
59272
59276
59384
59387
59396
59452
59483
59538
59582
59582
59587
59626
59651
59668
59672
59690
59771
59802
59820
59912
60071
60163
60164
60166
60180
60182
60224
60225
60399
60404
60523
60609
60713
60902
60907
60908
60920
61036
61069
61090
61161
61197
61205
61207
61232
61341
61356
61364
61375
61391
61409
61485
61511
61563
61580
61597
61608
61620
61676
61785
61792
61812
61849
61933
62067
62282
62297
62305
62326
62377
62385
62421
62481
62487
62515
62588
62604
62645
62667
62704
62744
62757
62808
62879
62968
63217
63256
63293
63313
63475
63479
63628
63635
63697
63701
63726
63729
63808
63816
63866
63882
63953
63960
63976
64006
64016
64047
64111
64186
64234
64298
64311
64326
64326
64355
64367
64367
64407
64410
64528
64609
64687
64722
64885
64924
64962
65023
65041
65061
65185
65269
65295
65387
65395
65398
65477
65487
65504
65638
65781
65888
65915
66110
66117
66175
66182
66195
66392
66396
66518
66524
66563
66601
66604
66666
66778
66863
66885
66890
66982
66999
67152
67161
67193
67211
67264
67278
67291
67301
67317
67345
67544
67680
67764
67810
67859
67871
67933
67981
68094
68119
68156
68217
68301
68316
68424
68444
68487
68563
68588
68593
68637
68751
68802
68829
68833
68860
68902
68937
68940
68940
68973
68976
69011
69027
69095
69097
69108
69138
69173
69190
69315
69489
69537
69539
69770
69790
69905
69953
69996
70051
70093
70113
70125
70203
70217
70306
70309
70309
70328
70359
70409
70425
70501
70530
70532
70717
70806
70841
70891
70919
70934
70993
71001
71003
71025
71035
71052
71102
71165
71171
71205
71242
71360
71443
71710
71732
71788
71804
71886
71941
71970
71990
72259
72300
72394
72413
72541
72642
72690
72775
72869
72923
72978
73110
73223
73224
73326
73396
73437
73473
73478
73488
73519
73535
73541
73585
73627
73637
73679
73703
73753
73757
73865
73877
73907
73978
73994
74135
74181
74237
74344
74396
74463
74498
74519
74685
74713
74734
74786
74845
74879
74951
74988
75016
75054
75070
75096
75113
75126
75235
75365
75380
75408
75482
75487
75513
75648
75774
75826
75857
75896
75912
75933
76115
76139
76217
76225
76243
76283
76329
76427
76450
76509
76537
76597
76635
76644
76766
76883
76904
76941
77096
77269
77282
77343
77432
77438
77445
77475
77512
77515
77576
77646
77826
77950
78020
78046
78082
78181
78279
78297
78386
78435
78706
78885
78962
79167
79319
79372
79474
79528
79596
79612
79626
79665
79773
79797
79957
79987
79992
80049
80082
80151
80261
80274
80341
80359
80382
80528
80630
80641
80766
80792
80820
80840
80864
80884
80888
80914
80971
81003
81036
81175
81198
81213
81294
81375
81428
81603
81618
81826
81850
81924
81973
81975
82007
82048
82102
82243
82250
82691
82732
82749
82763
82788
82790
82819
82896
82915
83111
83113
83140
83294
83427
83494
83561
83649
83911
84021
84146
84151
84221
84366
84394
84421
84561
84581
84600
84926
84975
85033
85065
85204
85410
85613
85634
85660
85763
85825
85986
86058
86138
86293
86374
-1
