591
1508
4002
15647
18259
18543
18629
24882
24989
25152
25302
25562
25990
26036
26049
26095
26149
26217
26223
26425
26440
26509
26671
26923
27515
27607
27681
27711
27829
27969
28103
28118
28173
28187
28444
28462
28582
28663
28789
29206
29231
29291
29308
29329
29344
29476
29531
29615
29709
29870
29936
29953
30003
30045
30125
30142
30144
30157
30161
30202
30236
30248
30297
30337
30349
30373
30438
30491
30529
30550
30559
30651
30700
30743
30806
30825
30847
30899
30908
30944
30946
30974
31027
31084
31089
31093
31098
31102
31119
31175
31201
31250
31278
31289
31315
31324
31332
31391
31424
31430
31511
31538
31549
31567
31608
31610
31612
31700
31701
31702
31729
31751
31775
31776
31790
31816
31847
31858
31878
31926
31927
32019
32043
32043
32055
32074
32096
32103
32112
32124
32182
32194
32233
32233
32236
32247
32253
32281
32301
32332
32382
32396
32533
32539
32539
32542
32548
32605
32634
32675
32702
32724
32741
32755
32798
32856
32863
32924
32967
33022
33028
33034
33098
33125
33133
33168
33181
33211
33254
33272
33274
33312
33339
33446
33496
33526
33535
33580
33606
33620
33642
33666
33687
33730
33749
33766
33829
33832
33839
33878
33883
33885
33890
33895
33908
33986
34084
34132
34164
34264
34276
34284
34349
34354
34384
34408
34418
34433
34443
34445
34465
34466
34474
34486
34486
34543
34594
34606
34662
34664
34690
34700
34705
34725
34726
34808
34812
34820
34838
34949
34952
34963
34992
35004
35007
35019
35082
35141
35217
35251
35282
35295
35342
35367
35393
35445
35453
35457
35467
35481
35569
35627
35675
35695
35695
35717
35733
35751
35820
35820
35866
35883
35936
35993
35996
36063
36142
36182
36184
36195
36197
36213
36235
36298
36339
36425
36438
36483
36504
36513
36519
36556
36572
36586
36664
36733
36770
36821
36994
37003
37080
37091
37133
37179
37204
37212
37254
37269
37288
37296
37308
37317
37330
37369
37404
37428
37428
37437
37441
37452
37458
37462
37490
37494
37537
37563
37665
37682
37728
37829
37873
37880
37886
37911
37945
37952
37963
37971
37988
38020
38024
38155
38173
38208
38214
38232
38269
38353
38371
38390
38427
38472
38509
38513
38547
38614
38695
38733
38755
38794
38831
38871
38875
38903
38931
38946
38959
38991
39045
39059
39063
39083
39148
39150
39155
39163
39251
39297
39315
39328
39336
39343
39354
39361
39375
39383
39392
39399
39426
39482
39492
39492
39551
39571
39613
39639
39657
39666
39684
39714
39734
39792
39801
39831
39839
39934
39947
40013
40056
40064
40064
40075
40090
40144
40157
40157
40168
40208
40223
40235
40300
40359
40392
40414
40473
40516
40517
40572
40580
40602
40720
40721
40731
40742
40752
40756
40762
40777
40801
40850
40920
40926
41000
41016
41061
41272
41287
41309
41411
41416
41424
41463
41464
41501
41523
41524
41543
41544
41567
41632
41676
41710
41726
41747
41776
41812
41848
41996
42006
42053
42099
42137
42144
42167
42196
42202
42218
42223
42293
42299
42396
42411
42478
42579
42603
42720
42724
42743
42777
42795
42826
42828
42855
42880
42914
42919
42945
43063
43066
43089
43091
43125
43258
43484
43614
43616
43618
43634
43661
43682
43692
43705
43705
43727
43760
43808
43878
43889
43890
43920
44000
44021
44059
44082
44130
44219
44228
44269
44294
44371
44404
44427
44490
44491
44513
44515
44589
44649
44677
44700
44842
44915
44985
45091
45154
45167
45167
45222
45253
45262
45275
45287
45316
45364
45436
45490
45526
45569
45582
45601
45622
45625
45651
45655
45663
45668
45686
45704
45727
45768
45808
45907
45939
45957
45973
46107
46137
46184
46239
46239
46241
46259
46267
46309
46324
46325
46325
46326
46344
46416
46450
46456
46488
46504
46514
46524
46526
46532
46546
46590
46620
46720
46729
46733
46765
46798
46812
46898
46919
46960
47130
47132
47217
47285
47343
47384
47422
47517
47529
47533
47547
47581
47674
47695
47704
47708
47752
47821
47887
47979
48123
48233
48298
48300
48306
48329
48480
48498
48557
48656
48665
48717
48877
48970
49012
49036
49041
49045
49066
49082
49137
49279
49303
49319
49323
49324
49404
49457
49499
49520
49527
49541
49569
49622
49656
49670
49763
49834
49896
49925
49930
49946
49973
50130
50133
50139
50194
50227
50344
50345
50367
50404
50421
50424
50429
50432
50465
50533
50615
50680
50691
50703
50755
50787
50805
50812
50872
50880
50967
50986
51010
51014
51015
51029
51045
51056
51102
51111
51118
51149
51286
51287
51297
51348
51352
51419
51425
51464
51489
51516
51527
51536
51557
51561
51570
51582
51586
51596
51622
51657
51674
51692
51701
51712
51789
51811
51837
51862
51880
51903
51908
51933
51961
51972
51981
52041
52100
52131
52137
52175
52206
52211
52258
52271
52274
52291
52292
52300
52316
52318
52337
52373
52443
52451
52466
52517
52541
52552
52572
52573
52581
52659
52671
52680
52691
52772
52778
52814
52830
52876
52878
52925
53006
53031
53051
53062
53069
53070
53119
53145
53163
53235
53251
53276
53287
53299
53315
53332
53334
53349
53355
53361
53364
53404
53421
53455
53496
53506
53515
53518
53532
53581
53581
53583
53628
53661
53664
53672
53700
53714
53734
53749
53783
53789
53794
53808
53829
53863
53871
53930
53947
53957
53969
53998
54027
54072
54088
54109
54207
54210
54260
54331
54415
54451
54457
54485
54502
54514
54532
54552
54564
54566
54579
54614
54633
54655
54657
54700
54705
54953
54980
55005
55021
55078
55084
55090
55094
55095
55098
55111
55151
55154
55176
55182
55184
55187
55191
55291
55330
55335
55483
55492
55533
55540
55546
55557
55660
55687
55692
55702
55712
55731
55746
55746
55770
55783
55807
55819
55827
55834
55850
55894
55922
55938
55945
55982
56021
56027
56044
56105
56133
56155
56157
56160
56193
56195
56203
56228
56246
56248
56260
56283
56309
56322
56325
56327
56338
56359
56385
56388
56398
56412
56478
56520
56524
56541
56560
56576
56636
56665
56689
56704
56762
56794
56802
56817
56841
56876
56884
56906
56922
56928
56944
56958
57002
57053
57062
57096
57123
57128
57144
57157
57208
57227
57241
57246
57321
57362
57385
57404
57410
57466
57514
57561
57599
57643
57660
57669
57683
57690
57690
57746
57753
57773
57774
57817
57844
57885
57891
57901
57935
57954
57954
57955
57984
57987
57997
58001
58010
58021
58025
58025
58045
58050
58063
58075
58101
58104
58137
58142
58151
58171
58182
58183
58184
58195
58210
58212
58212
58218
58252
58259
58268
58270
58281
58330
58333
58349
58353
58375
58389
58432
58467
58481
58493
58499
58500
58535
58575
58576
58592
58614
58615
58679
58689
58702
58707
58747
58793
58798
58817
58826
58831
58834
58841
58851
58871
58895
58896
58920
58952
58953
59060
59063
59093
59097
59111
59114
59150
59170
59181
59189
59193
59206
59210
59224
59266
59270
59297
59299
59306
59313
59385
59415
59420
59431
59446
59446
59478
59493
59496
59563
59579
59624
59641
59656
59673
59677
59678
59685
59692
59697
59715
59736
59737
59828
59850
59853
59858
59860
59879
59905
59911
59944
59951
59959
59961
59964
59975
59991
60006
60042
60098
60107
60126
60130
60145
60149
60160
60210
60211
60236
60245
60251
60253
60264
60289
60307
60315
60317
60323
60347
60351
60364
60379
60403
60406
60410
60457
60459
60510
60516
60517
60526
60542
60542
60614
60652
60690
60694
60733
60746
60776
60788
60799
60805
60809
60812
60818
60860
60870
60907
60985
60995
61020
61064
61070
61093
61145
61147
61166
61168
61179
61191
61193
61198
61211
61220
61244
61255
61291
61357
61384
61416
61428
61429
61516
61531
61548
61549
61574
61584
61589
61609
61612
61711
61743
61747
61749
61792
61801
61802
61804
61874
61876
61942
61983
62027
62057
62087
62103
62118
62122
62135
62138
62180
62194
62195
62196
62198
62199
62211
62309
62348
62416
62456
62473
62495
62674
62704
62711
62793
62848
62869
62887
62892
62927
62930
62945
62948
62960
62969
62982
63008
63030
63063
63075
63091
63097
63104
63105
63125
63132
63158
63169
63175
63185
63186
63194
63201
63236
63245
63266
63278
63306
63348
63379
63404
63432
63461
63473
63474
63483
63487
63501
63528
63559
63571
63611
63672
63674
63694
63741
63744
63751
63847
63853
63874
63904
63915
63951
63978
63980
64048
64110
64140
64204
64213
64283
64362
64386
64397
64454
64486
64504
64562
64599
64668
64676
64700
64712
64752
64794
64810
64842
64856
64869
64870
64875
64886
64898
64902
64944
64985
65009
65018
65043
65045
65081
65102
65111
65144
65153
65159
65196
65212
65225
65228
65267
65270
65275
65306
65325
65328
65351
65352
65374
65393
65404
65428
65519
65524
65535
65543
65557
65557
65591
65626
65659
65722
65732
65763
65773
65775
65787
65798
65799
65815
65822
65822
65834
65850
65850
65867
65882
65891
65909
65930
65958
66014
66033
66036
66039
66070
66171
66259
66281
66318
66404
66421
66467
66468
66473
66489
66504
66539
66566
66575
66622
66633
66742
66744
66772
66807
66875
66951
66952
66953
66966
67081
67127
67189
67192
67223
67310
67316
67335
67337
67359
67397
67418
67555
67559
67560
67616
67618
67618
67648
67786
67858
67941
68005
68023
68113
68130
68157
68304
68320
68335
68348
68357
68408
68521
68594
68631
68740
68744
68773
68957
68960
69024
69103
69220
69233
69419
69434
69449
69637
69697
69766
69818
69842
69899
69905
70086
70197
70198
70246
70359
70481
70570
70576
70676
70853
70937
70945
70995
71012
71022
71031
71046
71057
71118
71148
71185
71227
71303
71320
71365
71384
71416
71421
71519
71525
71926
71932
72124
72139
72234
72381
72719
72720
72931
72959
72972
73083
73106
73229
73277
73288
73288
73631
73862
73877
73997
74152
74263
74267
74337
74449
74537
74671
74685
74758
75068
75195
75274
75288
75332
75338
75413
75429
75464
75499
75568
75816
75867
75944
76040
76083
76133
76146
76245
76258
76358
76616
76759
76786
76833
76895
77124
77130
77216
77217
77287
77506
77604
77712
77841
77934
77957
77962
77964
78170
78337
78399
78420
78614
78646
78822
78880
78987
79015
79043
79145
79220
79476
79549
79790
80038
80060
80244
80247
80287
80358
80363
80459
80556
80562
80583
80612
80784
80795
81011
81246
81331
81356
81377
81460
81607
81640
81658
81706
81924
81925
82181
82319
82346
82367
82470
82766
82888
82916
82959
83012
83386
83548
83677
83703
83703
83728
83757
83769
83815
83848
83869
83967
83970
83981
84210
84363
84426
84437
84464
84547
84645
84721
84730
84730
84774
84852
84913
84921
85028
85137
85280
85293
85419
85426
85514
85568
85873
85888
85984
86397
-1
