48
8161
19170
23739
25384
25402
25918
25941
26193
26261
26579
26672
26722
26728
26758
27257
27412
27636
27749
27835
27838
28003
28154
28494
28631
28644
28754
29038
29105
29116
29174
29204
29254
29255
29325
29418
29434
29519
29544
29653
29728
29739
29765
29796
30025
30093
30122
30226
30277
30290
30318
30355
30437
30522
30560
30649
30657
30697
30744
30751
30791
30804
30810
30818
30892
30928
30936
31085
31147
31179
31186
31200
31217
31223
31243
31270
31296
31308
31311
31353
31355
31397
31418
31420
31465
31498
31548
31615
31667
31783
31841
31867
31913
31933
31955
31980
32007
32011
32151
32187
32233
32295
32374
32381
32423
32470
32563
32668
32704
32715
32744
32934
32987
33037
33078
33083
33098
33139
33148
33222
33256
33325
33331
33471
33746
33781
34059
34328
34332
34422
34449
34503
34527
34630
34633
34650
34685
34717
34732
34822
34855
35007
35024
35076
35226
35226
35298
35363
35480
35540
35632
35660
35720
35792
35889
35920
35954
35963
35984
35991
36039
36067
36076
36104
36111
36239
36283
36292
36551
36572
36595
36664
36688
36706
36714
36774
36782
36792
36809
36852
36912
36942
36989
37104
37106
37142
37261
37268
37364
37490
37591
37634
37639
37669
37690
37696
37754
37766
37782
37959
38009
38127
38134
38153
38165
38197
38273
38291
38349
38498
38562
38567
38568
38571
38661
38676
38714
38793
38797
38842
38863
38870
38904
38908
38958
39073
39188
39201
39215
39366
39495
39530
39628
39725
39747
39751
39759
39813
39919
39922
39984
39988
40048
40114
40149
40158
40188
40279
40318
40340
40402
40484
40551
40560
40594
40640
40649
40753
40815
40830
40872
40986
41028
41076
41187
41188
41433
41505
41631
41651
41657
41706
41717
41750
41758
42250
42367
42377
42407
42425
42487
42564
42591
42609
42670
42690
42737
42742
42742
42807
42882
42890
42960
42977
43030
43038
43040
43068
43187
43324
43449
43604
43613
43625
43711
43728
43797
43819
43849
43869
43870
43885
43897
43959
43962
43965
43995
43997
44093
44093
44211
44214
44306
44364
44459
44520
44670
44682
44761
44803
44967
45011
45023
45057
45071
45082
45095
45115
45289
45392
45422
45525
45668
45702
45722
45738
45745
45766
45785
45916
45929
45991
46045
46048
46065
46069
46075
46102
46108
46482
46700
46806
46868
46889
46900
46933
47188
47297
47348
47352
47388
47473
47489
47552
47596
47621
47621
47743
47765
47899
47952
47958
48153
48159
48261
48277
48290
48471
48521
48629
48861
48898
48957
49066
49133
49198
49275
49306
49495
49743
49768
49807
49874
49965
50059
50151
50283
50402
50420
50426
50553
50755
51031
51069
51458
51688
51710
51817
51916
51921
52008
52138
52180
52649
53040
53243
53446
53480
53534
53905
55177
55911
59474
69310
71021
71087
74137
74342
78012
-1
