38208
56403
62490
65025
65139
66084
66542
66695
67185
67579
67878
67884
67927
67944
68012
68063
68077
68096
68166
68250
68284
68290
68357
68415
68439
68466
68491
68549
68607
68653
68686
68694
68710
68736
68765
68803
68812
68829
68868
68924
68936
68943
69005
69142
69144
69161
69220
69301
69362
69367
69369
69405
69427
69531
69586
69674
69722
69741
69787
69859
70053
70274
70294
70396
70532
70587
70702
70819
70863
71050
71216
71269
71333
71362
71423
71460
71518
71529
71550
71645
71675
72011
72103
72115
72148
72195
72352
72453
72458
72649
72738
72828
72831
73102
73165
73218
73663
74154
74163
74237
74311
74337
74364
74475
74547
74574
74620
74657
74682
74726
74736
74763
74779
74827
74839
74913
74954
74987
75167
75408
75500
75524
75742
75864
75900
75930
76115
76163
76231
76348
76449
76475
76551
76658
76709
76756
76760
76764
76883
76900
77004
77188
77345
77454
77501
77530
77558
77654
77914
77938
78116
78214
78469
78878
78884
79068
79154
79164
79294
79548
79578
79687
79773
79900
79929
80031
80042
80075
80104
80117
80177
80214
80245
80536
81087
81279
81315
81321
81568
81612
81677
82069
82117
82451
82521
82582
83113
83342
83783
83963
84209
84376
84966
85243
85298
85880
85983
85990
86127
86138
86363
-1
