0.011666666666666667
0.02722222222222222
0.04777777777777778
0.0811111111111111
0.16166666666666665
0.18944444444444444
0.20277777777777778
0.21944444444444444
0.2311111111111111
0.24
0.25222222222222224
0.265
0.3055555555555556
0.31055555555555553
0.31333333333333335
0.315
0.3188888888888889
0.35777777777777775
0.39222222222222225
0.4127777777777778
0.41555555555555557
0.4216666666666667
0.42777777777777776
0.44
0.44277777777777777
0.4866666666666667
0.5227777777777778
0.5594444444444444
0.6566666666666666
0.6588888888888889
0.7155555555555555
0.7833333333333333
0.8438888888888889
0.9361111111111111
0.9627777777777777
0.9716666666666667
0.9916666666666667
