0.005833333333333334
0.01361111111111111
0.02388888888888889
0.04055555555555555
0.08083333333333333
0.09472222222222222
0.10138888888888889
0.10972222222222222
0.11555555555555555
0.12
0.12611111111111112
0.1325
0.1527777777777778
0.15527777777777776
0.15666666666666668
0.1575
0.15944444444444444
0.17888888888888888
0.19611111111111112
0.2063888888888889
0.20777777777777778
0.21083333333333334
0.21388888888888888
0.22
0.22138888888888889
0.24333333333333335
0.2613888888888889
0.2797222222222222
0.3283333333333333
0.32944444444444443
0.35777777777777775
0.39166666666666666
0.42194444444444446
0.46805555555555556
0.48138888888888887
0.48583333333333334
0.49583333333333335
0.5319444444444444
0.5352777777777777
0.5380555555555555
0.54
0.58
0.5927777777777777
0.5952777777777778
0.6336111111111111
0.6366666666666667
0.6922222222222222
0.6966666666666667
0.7180555555555556
0.7333333333333333
0.7408333333333333
0.7463888888888889
0.7691666666666667
0.7827777777777778
0.7861111111111111
0.8222222222222222
0.8236111111111111
0.8280555555555555
0.8663888888888889
0.8866666666666667
0.8961111111111111
0.9041666666666667
0.91
0.9152777777777777
0.9463888888888888
0.9711111111111111
0.9725
0.9741666666666666
0.9908333333333333
0.9941666666666666
