0.06388888888888888
0.07055555555555555
0.07611111111111112
0.08
0.16
0.18555555555555556
0.19055555555555556
0.26722222222222225
0.2733333333333333
0.3844444444444444
0.3933333333333333
0.4361111111111111
0.4666666666666667
0.4816666666666667
0.49277777777777776
0.5383333333333333
0.5655555555555556
0.5722222222222222
0.6444444444444445
0.6472222222222223
0.6561111111111111
0.7327777777777778
0.7733333333333333
0.7922222222222223
0.8083333333333333
0.82
0.8305555555555556
0.8927777777777778
0.9422222222222222
0.945
0.9483333333333334
0.9816666666666667
0.9883333333333333
