7
51
68
113
126
131
137
249
285
323
443
487
524
556
568
605
609
613
653
676
724
728
742
768
772
800
812
813
821
859
904
919
959
1065
1129
1155
1162
1218
1227
1235
1268
1301
1302
1310
1329
1351
1355
1374
1394
1410
1459
1469
1484
1581
1591
1667
1709
1727
1810
1836
1885
1897
1908
2083
2120
2127
2146
2210
2272
2290
2300
2311
2348
2349
2350
2455
2477
2547
2596
2606
2622
2635
2679
2695
2696
2751
2782
2789
2868
2880
2885
2893
2902
2912
2980
2985
3040
3073
3113
3116
3122
3143
3178
3222
3302
3310
3335
3337
3350
3360
3409
3534
3629
3721
3724
3724
3763
3770
3778
3788
3794
3863
3903
3906
3915
3948
3952
3980
3996
4030
4045
4045
4059
4065
4133
4202
4224
4232
4300
4317
4327
4385
4440
4460
4473
4488
4492
4493
4496
4509
4562
4588
4593
4611
4612
4624
4705
4717
4736
4779
4784
4839
4841
4851
4857
4857
4873
4900
4911
4935
5084
5090
5091
5127
5131
5150
5156
5163
5181
5196
5218
5267
5276
5277
5280
5301
5310
5319
5415
5457
5474
5479
5513
5595
5595
5631
5656
5666
5679
5684
5754
5760
5787
5800
5844
5875
5883
5919
5952
5993
6007
6027
6027
6029
6058
6061
6070
6110
6130
6141
6182
6186
6196
6215
6219
6233
6244
6269
6295
6342
6367
6513
6577
6590
6620
6628
6644
6689
6694
6707
6708
6721
6790
6804
6808
6865
6873
6903
6923
6946
6951
6968
6972
6983
7003
7066
7086
7151
7191
7191
7273
7280
7295
7299
7362
7390
7398
7400
7421
7428
7436
7495
7520
7539
7568
7575
7596
7620
7678
7705
7713
7717
7735
7746
7761
7771
7792
7810
7826
7858
7860
7861
7870
7879
7900
7908
7924
7970
8003
8011
8046
8048
8052
8068
8096
8120
8153
8154
8158
8176
8294
8297
8348
8358
8520
8560
8560
8567
8585
8600
8657
8687
8725
8726
8826
8828
8845
8847
8941
8946
8971
9015
9028
9030
9138
9145
9147
9228
9290
9309
9327
9338
9342
9343
9347
9358
9374
9395
9427
9428
9445
9464
9465
9495
9512
9555
9555
9598
9645
9693
9744
9792
9861
9868
9870
9980
9989
9993
10119
10140
10159
10181
10190
10195
10209
10228
10273
10332
10347
10351
10352
10407
10408
10434
10444
10459
10488
10511
10602
10626
10684
10685
10743
10817
10857
10873
10875
10921
10961
10982
10982
11002
11012
11015
11047
11084
11091
11120
11133
11147
11168
11174
11189
11230
11246
11250
11261
11289
11318
11414
11418
11431
11481
11530
11580
11590
11594
11657
11720
11744
11758
11818
11827
11878
11920
11933
12021
12037
12040
12065
12087
12095
12121
12135
12136
12147
12158
12160
12186
12190
12241
12244
12252
12305
12307
12441
12495
12612
12704
12704
12788
12812
12814
12818
12852
12863
12895
12959
13059
13224
13237
13299
13302
13335
13345
13402
13423
13489
13498
13600
13600
13603
13632
13668
13701
13727
13790
13802
13820
13961
14036
14037
14071
14090
14105
14115
14156
14156
14160
14162
14163
14169
14196
14258
14300
14307
14313
14345
14389
14421
14428
14440
14445
14538
14567
14573
14607
14607
14711
14729
14730
14781
14783
14792
14796
14856
14893
14895
14935
14948
14958
14973
14982
14985
14994
15010
15029
15075
15089
15155
15208
15238
15312
15335
15359
15373
15389
15397
15399
15444
15481
15487
15495
15711
15719
15721
15732
15733
15734
15759
15782
15820
15827
15846
15855
15870
15872
15902
15946
15954
15988
16064
16080
16084
16099
16188
16225
16230
16242
16346
16412
16418
16471
16500
16507
16533
16560
16578
16590
16629
16645
16645
16673
16758
16779
16787
16794
16795
16816
16891
16925
16944
17013
17033
17052
17059
17108
17116
17135
17147
17171
17198
17214
17239
17294
17375
17387
17430
17445
17519
17542
17574
17577
17669
17689
17723
17756
17815
17849
17851
17872
17873
17943
17970
17981
17996
18025
18047
18053
18268
18325
18330
18355
18385
18433
18438
18472
18475
18494
18501
18590
18614
18652
18670
18701
18737
18802
18816
18888
18949
18951
19014
19034
19137
19177
19182
19230
19275
19322
19349
19433
19492
19629
19659
19680
19701
19740
19742
19755
19815
19846
19880
19948
19983
20202
20203
20234
20244
20321
20362
20457
20458
20620
20623
20637
20684
20796
20850
20877
20956
20987
21019
21150
21152
21209
21249
21298
21304
21408
21437
21441
21466
21482
21570
21606
21613
21813
21821
21862
21901
21924
22091
22110
22111
22138
22193
22324
22354
22381
22412
22460
22460
22539
22543
22619
22700
22705
22713
22723
22723
22784
22799
22941
22972
23135
23159
23200
23235
23291
23301
23311
23364
23402
23426
23559
23652
23727
23767
23908
24055
24093
24110
24119
24171
24189
24297
24337
24374
24383
24463
24494
24566
24613
24717
24877
24989
25004
25057
25093
25206
25280
25335
25381
25420
25435
25473
25483
25524
25582
25647
25671
25722
25740
25802
25809
25818
25903
25998
26057
26141
26208
26270
26274
26439
26444
26473
26508
26601
26636
26764
26848
27061
27172
27280
27289
27402
27434
27510
27510
27595
27596
27604
27664
27748
27782
27908
28083
28184
28195
28303
28339
28379
28458
28529
28587
28826
28987
29027
29206
29228
29271
29273
29371
29440
29600
29660
29850
30066
30311
30353
30630
30739
30751
31015
31270
31319
31404
31465
31480
31619
31679
31694
31822
31906
32003
32285
32349
32369
32444
32466
32543
32605
32743
32827
32862
32975
32982
33099
33140
33546
33563
33580
33731
33769
33775
33930
33979
34104
34107
34472
34481
34635
34747
34925
35033
35065
35084
35104
35131
35144
35427
35512
35635
35658
35768
35839
35911
35952
35953
36027
36136
36209
36348
36672
36832
36928
37067
37176
37199
37200
37241
37294
37396
37443
37463
37515
37537
37605
37665
37715
37808
37824
37876
38086
38146
38186
38286
38309
38313
38341
38356
38452
38467
38470
38497
38504
38514
38540
38581
38583
38591
38594
38598
38609
38697
38709
38770
38815
38862
38885
38949
38958
38991
39140
39156
39174
39184
39244
39334
39344
39378
39386
39394
39432
39546
39559
39605
39644
39657
39813
39825
39843
39847
39863
39996
40028
40047
40077
40094
40097
40202
40229
40233
40307
40321
40326
40353
40416
40442
40451
40452
40456
40463
40471
40527
40598
40620
40630
40634
40643
40664
40701
40812
40820
40897
40904
41017
41035
41075
41101
41241
41251
41431
41446
41473
41509
41521
41536
41702
41714
41761
41924
42006
42039
42062
42062
42103
42135
42141
42222
42283
42289
42331
42359
42371
42397
42456
42584
42622
42780
42848
42859
42864
42910
42942
42957
42965
43067
43083
43127
43135
43141
43399
43425
43457
43529
43574
43616
43762
43907
44040
44054
44131
44150
44180
44188
44223
44283
44404
44445
44475
44483
44524
44591
44623
44625
44632
44649
44663
44699
44815
44833
44853
44960
44965
44990
45011
45014
45104
45124
45166
45167
45178
45199
45200
45214
45277
45362
45398
45406
45427
45441
45487
45659
45676
45711
45815
45835
45910
45920
45941
45947
46002
46011
46043
46064
46104
46182
46192
46266
46278
46357
46357
46515
46536
46563
46601
46685
46687
46690
46775
46891
46930
46930
46952
46961
46964
46992
46997
47026
47050
47076
47089
47118
47124
47176
47200
47203
47257
47269
47330
47372
47403
47443
47486
47500
47533
47549
47567
47578
47604
47615
47619
47628
47629
47642
47699
47711
47757
47765
47813
47827
47868
47882
47887
47918
47919
47957
47981
47993
47993
47995
47998
48010
48019
48022
48064
48067
48075
48084
48120
48125
48127
48153
48160
48191
48224
48264
48275
48294
48296
48315
48352
48352
48375
48382
48440
48458
48488
48537
48566
48590
48620
48698
48708
48744
48752
48761
48811
48822
48932
48999
49021
49043
49082
49084
49090
49120
49130
49138
49173
49200
49226
49324
49409
49455
49456
49624
49636
49668
49694
49822
49823
49948
49974
49988
49994
50081
50143
50152
50166
50186
50198
50229
50254
50277
50282
50290
50303
50332
50371
50424
50439
50446
50450
50479
50483
50512
50547
50565
50630
50635
50635
50694
50706
50723
50770
50776
50816
50914
50936
50937
50947
50952
51020
51030
51065
51098
51099
51119
51149
51165
51179
51245
51246
51269
51285
51293
51299
51326
51348
51364
51412
51420
51446
51467
51474
51496
51519
51524
51536
51551
51557
51559
51569
51610
51682
51691
51696
51736
51738
51787
51803
51814
51824
51838
51847
51886
51887
51892
51912
51920
51920
51953
51959
51977
52008
52018
52023
52029
52043
52048
52077
52079
52083
52090
52133
52134
52136
52145
52173
52222
52273
52290
52293
52294
52322
52327
52327
52334
52358
52392
52398
52403
52428
52435
52478
52497
52506
52521
52526
52556
52616
52618
52633
52644
52654
52659
52660
52670
52682
52691
52692
52701
52704
52722
52773
52780
52816
52836
52837
52839
52870
52878
52880
52893
52909
52955
52958
52960
53020
53022
53024
53026
53043
53055
53057
53093
53097
53124
53152
53174
53178
53180
53190
53207
53209
53248
53268
53279
53285
53285
53296
53304
53335
53342
53360
53363
53382
53391
53402
53451
53451
53458
53488
53502
53505
53521
53534
53535
53575
53633
53667
53683
53735
53737
53743
53765
53782
53789
53811
53814
53833
53867
53874
53897
53904
53920
53964
53965
53977
53990
54000
54001
54004
54022
54042
54042
54050
54063
54066
54070
54078
54084
54087
54089
54094
54112
54117
54122
54125
54127
54176
54193
54203
54212
54218
54236
54243
54244
54248
54295
54296
54300
54303
54313
54319
54322
54343
54356
54371
54419
54423
54441
54451
54492
54504
54508
54526
54550
54560
54560
54566
54569
54619
54645
54649
54649
54672
54689
54690
54691
54693
54693
54706
54706
54719
54720
54732
54758
54771
54786
54789
54791
54791
54793
54795
54834
54835
54843
54862
54864
54885
54899
54903
54904
54909
54913
54927
54929
54939
54964
54980
54980
54996
55015
55027
55063
55066
55069
55077
55081
55088
55143
55150
55160
55161
55163
55207
55216
55219
55225
55227
55229
55252
55254
55265
55299
55310
55315
55325
55345
55387
55401
55419
55448
55454
55481
55482
55503
55519
55531
55543
55546
55559
55574
55575
55623
55640
55647
55661
55674
55685
55710
55721
55733
55757
55767
55781
55810
55824
55846
55848
55854
55871
55873
55875
55880
55883
55891
55892
55918
55919
55921
55968
55987
55988
55994
56001
56019
56031
56041
56115
56132
56145
56153
56153
56172
56222
56249
56263
56319
56330
56340
56342
56344
56399
56409
56434
56435
56570
56596
56608
56608
56610
56689
56708
56725
56739
56760
56762
56772
56772
56773
56801
56802
56803
56810
56812
56816
56834
56842
56855
56856
56862
56921
56929
56970
56971
56985
56998
57005
57007
57029
57101
57121
57124
57171
57172
57178
57179
57181
57204
57213
57250
57259
57266
57270
57284
57286
57286
57293
57309
57323
57331
57332
57333
57337
57341
57350
57359
57389
57418
57455
57470
57472
57483
57485
57490
57512
57531
57533
57548
57568
57586
57594
57597
57606
57616
57620
57623
57639
57648
57652
57668
57672
57681
57685
57702
57707
57707
57708
57714
57740
57774
57807
57809
57823
57825
57838
57846
57875
57897
57911
57917
57926
57938
57938
57941
57953
57955
57971
57973
58010
58025
58035
58060
58116
58121
58127
58129
58184
58194
58209
58213
58221
58244
58250
58280
58294
58305
58321
58331
58340
58340
58341
58411
58421
58432
58475
58487
58504
58520
58522
58526
58533
58561
58562
58591
58610
58626
58638
58643
58666
58671
58715
58715
58728
58733
58757
58793
58794
58805
58807
58838
58843
58850
58874
58881
58886
58902
58913
58918
58922
58930
58949
58951
58953
58959
58995
59027
59063
59069
59069
59098
59113
59133
59172
59185
59185
59198
59204
59218
59236
59239
59241
59247
59274
59277
59286
59304
59313
59314
59316
59316
59334
59351
59380
59396
59423
59424
59489
59494
59520
59564
59575
59575
59597
59614
59622
59665
59689
59692
59697
59698
59721
59729
59738
59747
59756
59788
59790
59799
59811
59830
59831
59874
59874
59881
59902
59917
59925
59931
59958
59973
60005
60015
60037
60060
60070
60081
60083
60119
60133
60193
60244
60255
60296
60323
60324
60350
60425
60453
60477
60506
60509
60525
60538
60543
60545
60560
60590
60612
60620
60627
60629
60632
60643
60651
60654
60655
60656
60673
60677
60696
60710
60712
60718
60721
60724
60736
60742
60755
60787
60792
60797
60800
60803
60836
60853
60857
60893
60918
60923
60928
60936
61022
61038
61062
61087
61093
61094
61111
61124
61133
61152
61156
61180
61180
61192
61195
61204
61209
61228
61244
61263
61264
61272
61338
61348
61386
61396
61421
61433
61469
61473
61512
61514
61567
61589
61603
61615
61653
61741
61744
61750
61754
61780
61789
61791
61827
61851
61867
61870
61894
61895
61898
61909
61940
61941
61982
61990
62040
62082
62083
62086
62099
62104
62113
62114
62131
62132
62139
62183
62296
62309
62312
62324
62341
62374
62435
62442
62452
62466
62476
62482
62489
62490
62504
62509
62577
62579
62582
62593
62602
62611
62627
62633
62640
62674
62679
62682
62699
62733
62742
62814
62815
62816
62817
62836
62881
62882
62890
62899
62907
62922
62924
62929
62933
62965
62966
62983
62983
62990
63002
63003
63012
63012
63042
63098
63102
63109
63124
63135
63147
63173
63192
63226
63245
63252
63260
63267
63271
63273
63305
63307
63347
63347
63366
63418
63440
63464
63504
63518
63533
63553
63637
63637
63656
63679
63718
63729
63729
63753
63769
63772
63777
63777
63818
63818
63823
63826
63859
63868
63870
63874
63884
63885
63893
63935
63960
63986
64019
64026
64028
64036
64045
64070
64085
64085
64105
64109
64111
64114
64116
64126
64155
64182
64213
64217
64231
64244
64270
64285
64286
64287
64310
64312
64313
64328
64367
64392
64413
64419
64430
64453
64480
64496
64513
64541
64579
64585
64589
64637
64657
64677
64706
64715
64744
64752
64759
64759
64766
64768
64781
64783
64785
64794
64883
64887
64937
64943
64948
64974
64978
64980
64986
64998
64999
65024
65052
65064
65067
65090
65090
65091
65097
65128
65139
65177
65186
65187
65194
65230
65232
65247
65295
65321
65339
65375
65382
65412
65422
65444
65478
65492
65506
65523
65562
65567
65575
65585
65592
65608
65650
65661
65666
65675
65761
65777
65839
65886
65886
65987
66017
66072
66081
66094
66103
66108
66110
66112
66128
66131
66148
66156
66157
66159
66160
66197
66214
66225
66233
66236
66258
66266
66272
66292
66294
66296
66363
66404
66428
66432
66444
66513
66517
66533
66558
66609
66618
66676
66749
66751
66764
66793
66828
66830
66836
66863
66867
66878
66888
66927
66931
66946
66996
67022
67079
67102
67229
67244
67264
67265
67269
67288
67321
67350
67368
67377
67384
67396
67402
67412
67420
67423
67423
67436
67480
67493
67505
67532
67532
67540
67545
67590
67606
67607
67626
67627
67633
67652
67653
67660
67681
67682
67685
67699
67715
67729
67776
67793
67818
67827
67834
67847
67850
67851
67905
67922
67940
67948
68001
68008
68015
68037
68044
68088
68094
68106
68134
68137
68167
68168
68182
68227
68235
68262
68269
68285
68289
68306
68333
68373
68379
68403
68435
68453
68479
68481
68504
68523
68527
68533
68544
68551
68553
68591
68633
68651
68689
68712
68724
68740
68762
68779
68786
68861
68894
68902
68936
68940
68969
68978
68993
69002
69034
69042
69059
69066
69123
69148
69152
69181
69193
69220
69260
69276
69330
69344
69346
69415
69428
69443
69451
69459
69492
69503
69542
69552
69594
69667
69679
69774
69817
69869
69949
69950
69959
69970
69983
69986
69993
70010
70024
70046
70069
70078
70081
70088
70103
70144
70159
70169
70183
70197
70254
70281
70307
70316
70323
70330
70341
70383
70424
70490
70496
70511
70528
70552
70575
70585
70614
70622
70633
70661
70676
70699
70706
70728
70738
70776
70778
70844
70852
70868
70868
70885
70887
70910
70960
70988
70999
71026
71064
71108
71109
71118
71130
71147
71181
71186
71188
71191
71197
71200
71230
71230
71231
71232
71241
71274
71279
71293
71296
71316
71357
71376
71376
71379
71390
71408
71414
71424
71446
71512
71538
71547
71570
71596
71634
71639
71665
71674
71675
71681
71684
71692
71696
71699
71712
71718
71762
71777
71859
71873
71911
71947
71960
71967
72001
72008
72016
72022
72031
72039
72053
72060
72086
72087
72116
72124
72136
72137
72149
72201
72218
72222
72228
72270
72291
72317
72318
72329
72333
72336
72386
72397
72428
72476
72487
72496
72558
72612
72626
72643
72661
72675
72688
72690
72748
72759
72782
72848
72923
72929
72932
72980
72989
72994
73038
73049
73111
73146
73153
73179
73186
73196
73199
73213
73215
73228
73232
73285
73287
73301
73331
73337
73343
73363
73387
73437
73493
73516
73519
73523
73532
73535
73550
73574
73602
73602
73605
73613
73634
73643
73647
73647
73658
73678
73706
73764
73770
73771
73814
73849
73858
73901
73941
73953
73956
73982
73998
74060
74078
74091
74096
74101
74128
74205
74208
74252
74255
74258
74297
74299
74320
74340
74386
74466
74504
74506
74507
74520
74547
74552
74567
74591
74602
74602
74608
74610
74633
74679
74701
74749
74781
74805
74819
74826
74828
74833
74838
74838
74853
74858
74863
74870
74912
74920
74960
74960
74984
74998
75009
75034
75046
75057
75059
75086
75095
75112
75112
75117
75122
75158
75168
75185
75186
75194
75221
75224
75235
75252
75281
75303
75324
75331
75348
75365
75391
75409
75420
75423
75441
75474
75476
75481
75485
75492
75503
75516
75563
75594
75626
75646
75646
75653
75676
75677
75708
75709
75724
75734
75747
75753
75762
75774
75789
75795
75797
75838
75865
75874
75903
75987
76029
76029
76031
76039
76041
76076
76078
76091
76126
76171
76173
76173
76188
76211
76215
76239
76245
76264
76275
76283
76308
76316
76324
76355
76378
76408
76410
76424
76441
76455
76456
76460
76467
76474
76491
76517
76526
76526
76561
76565
76616
76620
76679
76682
76695
76696
76707
76721
76727
76756
76802
76803
76839
76860
76865
76885
76916
76924
76968
76988
77022
77096
77146
77155
77216
77216
77255
77269
77270
77278
77297
77362
77382
77397
77446
77447
77467
77481
77514
77515
77551
77552
77622
77626
77690
77719
77734
77740
77765
77781
77819
77869
77911
77918
77923
77928
77995
77997
78006
78058
78123
78123
78125
78132
78147
78160
78171
78209
78214
78266
78354
78385
78386
78401
78424
78424
78434
78445
78446
78448
78468
78477
78538
78599
78612
78631
78643
78644
78650
78650
78665
78681
78695
78737
78766
78767
78828
78884
78910
78927
78949
78992
79082
79105
79133
79156
79170
79174
79176
79195
79237
79293
79300
79341
79342
79367
79371
79381
79403
79404
79413
79514
79525
79529
79535
79555
79606
79613
79641
79647
79649
79652
79695
79739
79739
79749
79757
79776
79812
79824
79828
79846
79851
79861
79877
79923
79927
79943
79956
79968
79969
79980
79987
80014
80033
80034
80055
80071
80076
80086
80108
80151
80187
80283
80289
80293
80305
80315
80330
80335
80339
80376
80441
80451
80495
80530
80564
80574
80626
80692
80705
80722
80736
80769
80779
80789
80803
80837
80843
80873
80927
80941
80978
81023
81052
81055
81072
81078
81098
81145
81148
81180
81196
81201
81210
81225
81233
81258
81281
81284
81319
81321
81328
81373
81418
81419
81434
81443
81455
81458
81472
81554
81565
81578
81590
81617
81622
81637
81641
81675
81695
81756
81768
81778
81785
81825
81863
81868
81869
81871
81888
81894
81907
81940
81977
81994
82001
82057
82070
82071
82118
82136
82161
82167
82176
82187
82193
82198
82249
82268
82302
82331
82341
82395
82456
82459
82468
82488
82492
82498
82510
82523
82530
82595
82601
82619
82621
82627
82644
82653
82683
82698
82732
82746
82749
82822
82854
82871
82912
82940
82942
82992
83007
83018
83023
83024
83047
83109
83111
83120
83121
83159
83167
83183
83251
83288
83307
83319
83322
83439
83473
83511
83513
83559
83570
83590
83593
83620
83653
83712
83735
83768
83778
83780
83801
83816
83819
83833
83902
83923
83923
83930
84050
84058
84063
84093
84097
84134
84142
84145
84184
84207
84214
84215
84232
84234
84238
84254
84319
84323
84340
84341
84373
84386
84403
84404
84428
84433
84456
84534
84535
84567
84574
84586
84592
84598
84624
84650
84671
84682
84752
84772
84781
84824
84888
84903
84916
84957
84967
84990
84993
84997
85005
85034
85053
85067
85081
85085
85088
85124
85161
85172
85190
85213
85222
85232
85273
85285
85288
85293
85294
85325
85354
85437
85451
85462
85495
85498
85523
85542
85557
85559
85655
85661
85708
85720
85745
85749
85761
85768
85842
85910
85918
86011
86032
86041
86068
86088
86120
86191
86270
86270
86289
86306
86357
86363
86368
86397
-1