0.0016666666666666668
0.022222222222222223
0.0375
0.050277777777777775
0.06111111111111111
0.06527777777777778
0.07583333333333334
0.07861111111111112
0.09
0.10611111111111111
0.12416666666666666
0.13083333333333333
0.145
0.15
0.16722222222222222
0.16916666666666666
0.17166666666666666
0.19527777777777777
0.22166666666666668
0.23805555555555555
0.2613888888888889
0.28
0.2972222222222222
0.29833333333333334
0.3441666666666667
0.34555555555555556
0.3536111111111111
0.36333333333333334
0.38916666666666666
0.3988888888888889
0.43444444444444447
0.4577777777777778
0.5169444444444444
0.5477777777777778
0.5777777777777777
0.5802777777777778
0.6116666666666667
0.6205555555555555
0.6416666666666667
0.6652777777777777
0.6655555555555556
0.6677777777777778
0.6844444444444444
0.7077777777777777
0.7172222222222222
0.7522222222222222
0.8008333333333333
0.8288888888888889
0.8319444444444445
0.8619444444444444
0.8719444444444444
0.8830555555555556
0.905
0.9247222222222222
0.9408333333333333
