0.0033333333333333335
0.044444444444444446
0.075
0.10055555555555555
0.12222222222222222
0.13055555555555556
0.15166666666666667
0.15722222222222224
0.18
0.21222222222222223
0.24833333333333332
0.26166666666666666
0.29
0.3
0.33444444444444443
0.3383333333333333
0.3433333333333333
0.39055555555555554
0.44333333333333336
0.4761111111111111
0.5227777777777778
0.56
0.5944444444444444
0.5966666666666667
0.6883333333333334
0.6911111111111111
0.7072222222222222
0.7266666666666667
0.7783333333333333
0.7977777777777778
0.8688888888888889
0.9155555555555556
